2.550000000000000000e+02 0.000000000000000000e+00 2.252018838833162135e+02
2.550000000000000000e+02 0.000000000000000000e+00 2.250879248927799381e+02
2.550000000000000000e+02 0.000000000000000000e+00 2.308008763690497176e+02
2.550000000000000000e+02 0.000000000000000000e+00 2.315229293676673876e+02
2.550000000000000000e+02 0.000000000000000000e+00 2.321133442473327761e+02
2.550000000000000000e+02 0.000000000000000000e+00 2.321326416456952586e+02
2.550000000000000000e+02 0.000000000000000000e+00 2.320052624233509277e+02
2.550000000000000000e+02 0.000000000000000000e+00 2.320675187413603737e+02
2.550000000000000000e+02 0.000000000000000000e+00 2.322190291266437328e+02
2.550000000000000000e+02 0.000000000000000000e+00 2.323226836919150742e+02
2.550000000000000000e+02 0.000000000000000000e+00 2.325361435774288452e+02
2.550000000000000000e+02 0.000000000000000000e+00 2.317563224400099386e+02
2.550000000000000000e+02 0.000000000000000000e+00 2.307903592758657396e+02
2.550000000000000000e+02 0.000000000000000000e+00 2.305335095966398455e+02
2.550000000000000000e+02 0.000000000000000000e+00 2.306430435437564199e+02
2.550000000000000000e+02 0.000000000000000000e+00 2.308578514337362151e+02
2.550000000000000000e+02 0.000000000000000000e+00 2.312870241555311281e+02
2.550000000000000000e+02 0.000000000000000000e+00 2.314472827242760502e+02
2.550000000000000000e+02 0.000000000000000000e+00 2.314807181086733010e+02
2.550000000000000000e+02 0.000000000000000000e+00 2.315057442491050210e+02
2.550000000000000000e+02 0.000000000000000000e+00 2.314305162956792969e+02
2.549999778470917704e+02 2.215290823379293361e-06 2.313621225144436835e+02
2.550000000000000000e+02 0.000000000000000000e+00 2.316418362102576793e+02
2.550000000000000000e+02 0.000000000000000000e+00 2.319299934870449817e+02
2.550000000000000000e+02 0.000000000000000000e+00 2.322376043401977768e+02
2.550000000000000000e+02 0.000000000000000000e+00 2.324805862988693264e+02
2.550000000000000000e+02 0.000000000000000000e+00 2.326558911228866009e+02
2.550000000000000000e+02 0.000000000000000000e+00 2.326101619820649944e+02
2.550000000000000000e+02 0.000000000000000000e+00 2.320984242636373267e+02
2.549999822776734106e+02 0.000000000000000000e+00 2.308667757328182120e+02
2.550000000000000000e+02 0.000000000000000000e+00 2.302123655318470128e+02
2.550000000000000000e+02 0.000000000000000000e+00 2.301302303016339863e+02
2.550000000000000000e+02 0.000000000000000000e+00 2.304204001701343429e+02
2.550000000000000000e+02 0.000000000000000000e+00 2.306004490394498987e+02
2.550000000000000000e+02 0.000000000000000000e+00 2.308178931255095279e+02
2.550000000000000000e+02 0.000000000000000000e+00 2.310741767979300221e+02
2.550000000000000000e+02 0.000000000000000000e+00 2.311117558838124353e+02
2.550000000000000000e+02 0.000000000000000000e+00 2.310430287013079180e+02
2.549999590171197781e+02 4.319817105589621566e-05 2.310044272587105354e+02
2.550000000000000000e+02 0.000000000000000000e+00 2.308777104083224003e+02
2.550000000000000000e+02 0.000000000000000000e+00 2.307916629745153045e+02
2.550000000000000000e+02 0.000000000000000000e+00 2.307058968826427474e+02
2.550000000000000000e+02 0.000000000000000000e+00 2.307353912646652248e+02
2.550000000000000000e+02 0.000000000000000000e+00 2.309194719632793351e+02
2.550000000000000000e+02 0.000000000000000000e+00 2.311915927497962002e+02
2.550000000000000000e+02 0.000000000000000000e+00 2.310541671835678699e+02
2.549999545865381094e+02 4.319817105589621566e-05 2.301751076631340140e+02
2.550000000000000000e+02 0.000000000000000000e+00 2.296236165508807971e+02
2.550000000000000000e+02 0.000000000000000000e+00 2.294747335005139348e+02
2.549999590171197781e+02 1.218409952858611285e-05 2.293712284673731858e+02
2.550000000000000000e+02 0.000000000000000000e+00 2.292347366462269065e+02
2.550000000000000000e+02 0.000000000000000000e+00 2.289816396696558343e+02
2.550000000000000000e+02 0.000000000000000000e+00 2.287801789068869027e+02
2.550000000000000000e+02 0.000000000000000000e+00 2.286258119040867598e+02
2.550000000000000000e+02 0.000000000000000000e+00 2.285709025980930846e+02
2.550000000000000000e+02 0.000000000000000000e+00 2.286611037021940263e+02
2.550000000000000000e+02 0.000000000000000000e+00 2.286585173501577231e+02
2.550000000000000000e+02 0.000000000000000000e+00 2.287895374029702680e+02
2.550000000000000000e+02 0.000000000000000000e+00 2.287072736858894757e+02
2.550000000000000000e+02 0.000000000000000000e+00 2.285597231329528825e+02
2.550000000000000000e+02 0.000000000000000000e+00 2.286624782901499202e+02
2.550000000000000000e+02 0.000000000000000000e+00 2.284257323751461968e+02
2.550000000000000000e+02 0.000000000000000000e+00 2.276236542108248102e+02
2.550000000000000000e+02 0.000000000000000000e+00 2.266806237372842361e+02
2.550000000000000000e+02 0.000000000000000000e+00 2.263399961896997752e+02
2.550000000000000000e+02 0.000000000000000000e+00 2.264669744444050536e+02
2.550000000000000000e+02 0.000000000000000000e+00 2.264674385478325576e+02
2.550000000000000000e+02 0.000000000000000000e+00 2.266234227129337455e+02
2.550000000000000000e+02 0.000000000000000000e+00 2.267492844610640361e+02
2.550000000000000000e+02 0.000000000000000000e+00 2.268393526477156001e+02
2.550000000000000000e+02 0.000000000000000000e+00 2.268368615531846899e+02
2.550000000000000000e+02 0.000000000000000000e+00 2.268382405717222525e+02
2.550000000000000000e+02 0.000000000000000000e+00 2.268331553716371900e+02
2.550000000000000000e+02 0.000000000000000000e+00 2.268691948303973334e+02
2.550000000000000000e+02 0.000000000000000000e+00 2.270308601088150908e+02
2.550000000000000000e+02 0.000000000000000000e+00 2.272264226597667687e+02
2.550000000000000000e+02 0.000000000000000000e+00 2.273537309928047421e+02
2.550000000000000000e+02 0.000000000000000000e+00 2.274395890192464549e+02
2.550000000000000000e+02 0.000000000000000000e+00 2.270961214688264249e+02
2.550000000000000000e+02 0.000000000000000000e+00 2.262509259915641735e+02
2.550000000000000000e+02 0.000000000000000000e+00 2.258030584305107595e+02
2.550000000000000000e+02 0.000000000000000000e+00 2.260225261847375293e+02
2.549999501559564692e+02 2.547584446886187216e-05 2.263112782671109073e+02
2.550000000000000000e+02 0.000000000000000000e+00 2.263253353950306632e+02
2.550000000000000000e+02 0.000000000000000000e+00 2.263770657586927939e+02
2.550000000000000000e+02 0.000000000000000000e+00 2.265913054265764117e+02
2.550000000000000000e+02 0.000000000000000000e+00 2.264402724364654489e+02
2.549999501559564692e+02 2.547584446886187216e-05 2.263813080406195866e+02
2.550000000000000000e+02 0.000000000000000000e+00 2.264629514762698079e+02
2.550000000000000000e+02 0.000000000000000000e+00 2.265728044252649624e+02
2.550000000000000000e+02 0.000000000000000000e+00 2.268911915606280729e+02
2.550000000000000000e+02 0.000000000000000000e+00 2.271847929146138370e+02
2.549999778470917704e+02 1.107645411689646638e-05 2.275518134370680059e+02
2.550000000000000000e+02 0.000000000000000000e+00 2.279319861411406123e+02
2.550000000000000000e+02 0.000000000000000000e+00 2.283372038156169026e+02
2.550000000000000000e+02 0.000000000000000000e+00 2.281321288058696268e+02
2.550000000000000000e+02 0.000000000000000000e+00 2.270272392159642720e+02
2.550000000000000000e+02 0.000000000000000000e+00 2.263625035444653122e+02
2.550000000000000000e+02 0.000000000000000000e+00 2.261467785240846524e+02
2.550000000000000000e+02 0.000000000000000000e+00 2.260918592492822370e+02
2.550000000000000000e+02 0.000000000000000000e+00 2.260907493885797237e+02
2.550000000000000000e+02 0.000000000000000000e+00 2.261671591996597215e+02
2.550000000000000000e+02 0.000000000000000000e+00 2.262547905664055463e+02
2.550000000000000000e+02 0.000000000000000000e+00 2.262008438042746263e+02
2.550000000000000000e+02 0.000000000000000000e+00 2.263121234005600115e+02
2.550000000000000000e+02 0.000000000000000000e+00 2.263122496721369714e+02
2.549999601247651810e+02 3.544465317406869377e-05 2.265135498263211957e+02
2.550000000000000000e+02 0.000000000000000000e+00 2.265566228334455730e+02
2.550000000000000000e+02 0.000000000000000000e+00 2.267756674671250892e+02
2.550000000000000000e+02 0.000000000000000000e+00 2.269391758675078847e+02
2.550000000000000000e+02 0.000000000000000000e+00 2.271085293127281659e+02
2.549999534788927065e+02 8.861163293517173442e-06 2.272244333286073754e+02
2.550000000000000000e+02 0.000000000000000000e+00 2.272584391503916663e+02
2.550000000000000000e+02 0.000000000000000000e+00 2.266224535231985158e+02
2.550000000000000000e+02 0.000000000000000000e+00 2.256340428171410224e+02
2.550000000000000000e+02 0.000000000000000000e+00 2.251244771913656848e+02
2.550000000000000000e+02 0.000000000000000000e+00 2.250940490642611564e+02
2.550000000000000000e+02 0.000000000000000000e+00 2.251463620494098450e+02
2.550000000000000000e+02 0.000000000000000000e+00 2.252220784744621369e+02
2.550000000000000000e+02 0.000000000000000000e+00 2.254332311345833375e+02
2.550000000000000000e+02 0.000000000000000000e+00 2.256612344043525979e+02
2.550000000000000000e+02 0.000000000000000000e+00 2.255313397192783498e+02
2.549999645553468213e+02 4.430581646758586721e-06 2.255259532396412965e+02
2.550000000000000000e+02 0.000000000000000000e+00 2.257387784443341729e+02
2.550000000000000000e+02 0.000000000000000000e+00 2.259990662549179490e+02
2.550000000000000000e+02 0.000000000000000000e+00 2.264149018183107103e+02
2.550000000000000000e+02 0.000000000000000000e+00 2.268246397937121230e+02
2.550000000000000000e+02 0.000000000000000000e+00 2.270705237833622903e+02
2.550000000000000000e+02 0.000000000000000000e+00 2.273207131907276732e+02
2.550000000000000000e+02 0.000000000000000000e+00 2.272333454435898261e+02
2.550000000000000000e+02 0.000000000000000000e+00 2.270302852408464105e+02
2.550000000000000000e+02 0.000000000000000000e+00 2.266901195813986476e+02
2.550000000000000000e+02 0.000000000000000000e+00 2.253362257647183924e+02
2.549999368642115201e+02 6.645872470137880166e-05 2.241147653563959921e+02
2.550000000000000000e+02 0.000000000000000000e+00 2.237440752046928765e+02
2.550000000000000000e+02 0.000000000000000000e+00 2.238331963545174119e+02
2.550000000000000000e+02 0.000000000000000000e+00 2.238713624924680232e+02
2.550000000000000000e+02 0.000000000000000000e+00 2.239304077464289549e+02
2.550000000000000000e+02 0.000000000000000000e+00 2.243136519512281666e+02
2.550000000000000000e+02 0.000000000000000000e+00 2.245128874543649999e+02
2.550000000000000000e+02 0.000000000000000000e+00 2.246303399585297598e+02
2.550000000000000000e+02 0.000000000000000000e+00 2.248089422429376611e+02
2.549999634477014183e+02 6.645872470137879658e-06 2.249754191330237916e+02
2.549999457253748290e+02 2.547584446886187216e-05 2.250126781093821933e+02
2.549999346489207142e+02 5.870520681955127299e-05 2.249935933789387832e+02
2.550000000000000000e+02 0.000000000000000000e+00 2.249580291000602585e+02
2.550000000000000000e+02 0.000000000000000000e+00 2.250812269609754424e+02
2.550000000000000000e+02 0.000000000000000000e+00 2.252265112713997155e+02
2.550000000000000000e+02 0.000000000000000000e+00 2.254098243717435253e+02
2.550000000000000000e+02 0.000000000000000000e+00 2.257820596887959539e+02
2.550000000000000000e+02 0.000000000000000000e+00 2.257189715290823244e+02
2.550000000000000000e+02 0.000000000000000000e+00 2.246253987523482181e+02
2.550000000000000000e+02 0.000000000000000000e+00 2.238531849236167659e+02
2.550000000000000000e+02 0.000000000000000000e+00 2.237348828554212616e+02
2.550000000000000000e+02 0.000000000000000000e+00 2.238088636001134262e+02
2.550000000000000000e+02 0.000000000000000000e+00 2.240362078208627281e+02
2.550000000000000000e+02 0.000000000000000000e+00 2.243690142841952309e+02
2.550000000000000000e+02 0.000000000000000000e+00 2.246133752614043146e+02
2.550000000000000000e+02 0.000000000000000000e+00 2.247871027983553631e+02
2.550000000000000000e+02 0.000000000000000000e+00 2.249385832772126435e+02
2.550000000000000000e+02 0.000000000000000000e+00 2.253244670010278980e+02
2.550000000000000000e+02 0.000000000000000000e+00 2.256150832506291408e+02
2.549999700935738929e+02 9.968808705206819911e-06 2.258556073441321246e+02
2.550000000000000000e+02 0.000000000000000000e+00 2.261823804629071617e+02
2.550000000000000000e+02 0.000000000000000000e+00 2.262852175858646717e+02
2.550000000000000000e+02 0.000000000000000000e+00 2.264439896944670920e+02
2.550000000000000000e+02 0.000000000000000000e+00 2.264044423226881122e+02
2.550000000000000000e+02 0.000000000000000000e+00 2.254174261422039365e+02
2.549999922464821225e+02 0.000000000000000000e+00 2.242556312692730387e+02
2.550000000000000000e+02 0.000000000000000000e+00 2.239724628274199745e+02
2.550000000000000000e+02 0.000000000000000000e+00 2.241616752472264693e+02
2.550000000000000000e+02 0.000000000000000000e+00 2.243434741962924761e+02
2.550000000000000000e+02 0.000000000000000000e+00 2.246148384609931554e+02
2.550000000000000000e+02 0.000000000000000000e+00 2.249884073831212561e+02
2.550000000000000000e+02 0.000000000000000000e+00 2.250882317105589721e+02
2.550000000000000000e+02 0.000000000000000000e+00 2.251254341970013684e+02
2.549999446177294260e+02 5.538227058448233020e-05 2.251775123613227834e+02
2.550000000000000000e+02 0.000000000000000000e+00 2.253091958937369270e+02
2.550000000000000000e+02 0.000000000000000000e+00 2.253086974533016758e+02
2.550000000000000000e+02 0.000000000000000000e+00 2.253479967125084045e+02
2.550000000000000000e+02 0.000000000000000000e+00 2.254652287952362428e+02
2.550000000000000000e+02 0.000000000000000000e+00 2.253879062843370207e+02
2.550000000000000000e+02 0.000000000000000000e+00 2.255906364087477414e+02
2.550000000000000000e+02 0.000000000000000000e+00 2.253218507425654877e+02
2.550000000000000000e+02 0.000000000000000000e+00 2.241709916527841813e+02
2.550000000000000000e+02 0.000000000000000000e+00 2.235202898486513448e+02
2.550000000000000000e+02 0.000000000000000000e+00 2.234580202388969496e+02
2.549999689859284615e+02 0.000000000000000000e+00 2.236484654680466519e+02
2.550000000000000000e+02 0.000000000000000000e+00 2.236337503987523405e+02
2.550000000000000000e+02 0.000000000000000000e+00 2.235584138960762743e+02
2.550000000000000000e+02 0.000000000000000000e+00 2.236627574167936814e+02
2.550000000000000000e+02 0.000000000000000000e+00 2.236258927622018291e+02
2.550000000000000000e+02 0.000000000000000000e+00 2.235423995587140666e+02
2.549999601247651810e+02 5.538227058448233190e-06 2.235940678942331488e+02
2.550000000000000000e+02 0.000000000000000000e+00 2.236248349608336525e+02
2.550000000000000000e+02 0.000000000000000000e+00 2.238940647928260148e+02
2.550000000000000000e+02 0.000000000000000000e+00 2.241479792117109184e+02
2.549999811700280077e+02 4.430581646758586721e-06 2.243158218285896623e+02
2.549999457253748290e+02 2.990642611562045804e-05 2.245134700758515578e+02
2.550000000000000000e+02 0.000000000000000000e+00 2.247765956739800686e+02
2.550000000000000000e+02 0.000000000000000000e+00 2.244585164640413950e+02
2.550000000000000000e+02 0.000000000000000000e+00 2.233165406904618351e+02
2.550000000000000000e+02 0.000000000000000000e+00 2.225759390617800193e+02
2.550000000000000000e+02 0.000000000000000000e+00 2.223814952326941352e+02
2.550000000000000000e+02 0.000000000000000000e+00 2.224129246712508348e+02
2.550000000000000000e+02 0.000000000000000000e+00 2.225166002817850028e+02
2.550000000000000000e+02 0.000000000000000000e+00 2.225887700262290423e+02
2.550000000000000000e+02 0.000000000000000000e+00 2.229445590242087007e+02
2.550000000000000000e+02 0.000000000000000000e+00 2.231349964998404971e+02
2.550000000000000000e+02 0.000000000000000000e+00 2.232639275334065871e+02
2.550000000000000000e+02 0.000000000000000000e+00 2.233359953744727591e+02
2.550000000000000000e+02 0.000000000000000000e+00 2.234292923474993700e+02
2.550000000000000000e+02 0.000000000000000000e+00 2.235872370449792754e+02
2.550000000000000000e+02 0.000000000000000000e+00 2.237390764009499264e+02
2.550000000000000000e+02 0.000000000000000000e+00 2.239674230407968025e+02
2.550000000000000000e+02 0.000000000000000000e+00 2.241852991085669657e+02
2.550000000000000000e+02 0.000000000000000000e+00 2.244872853383192250e+02
2.550000000000000000e+02 0.000000000000000000e+00 2.246066629302094668e+02
2.550000000000000000e+02 0.000000000000000000e+00 2.246879175823202104e+02
2.550000000000000000e+02 0.000000000000000000e+00 2.240864993531350819e+02
2.550000000000000000e+02 0.000000000000000000e+00 2.230143650533441928e+02
2.550000000000000000e+02 0.000000000000000000e+00 2.226947140945663364e+02
2.550000000000000000e+02 0.000000000000000000e+00 2.227877396944670920e+02
2.550000000000000000e+02 0.000000000000000000e+00 2.229532041966469365e+02
2.550000000000000000e+02 0.000000000000000000e+00 2.230692865434374141e+02
2.550000000000000000e+02 0.000000000000000000e+00 2.232629361907631278e+02
2.550000000000000000e+02 0.000000000000000000e+00 2.232796029312728194e+02
2.550000000000000000e+02 0.000000000000000000e+00 2.232485578456739859e+02
2.550000000000000000e+02 0.000000000000000000e+00 2.231884691897352297e+02
2.550000000000000000e+02 0.000000000000000000e+00 2.232302528976003941e+02
2.550000000000000000e+02 0.000000000000000000e+00 2.232849151986672780e+02
2.550000000000000000e+02 0.000000000000000000e+00 2.234731229840853644e+02
2.550000000000000000e+02 0.000000000000000000e+00 2.236313290858823848e+02
2.549999800623825763e+02 0.000000000000000000e+00 2.238534695884875703e+02
2.550000000000000000e+02 0.000000000000000000e+00 2.241087530571013247e+02
2.550000000000000000e+02 0.000000000000000000e+00 2.242014862386133984e+02
2.550000000000000000e+02 0.000000000000000000e+00 2.241673474993797299e+02
2.550000000000000000e+02 0.000000000000000000e+00 2.242373761652429778e+02
2.550000000000000000e+02 0.000000000000000000e+00 2.243469566334668457e+02
2.549999667706376556e+02 4.430581646758586721e-06 2.244739105199730602e+02
2.550000000000000000e+02 0.000000000000000000e+00 2.247031200155956583e+02
2.550000000000000000e+02 0.000000000000000000e+00 2.241979871867578709e+02
2.550000000000000000e+02 0.000000000000000000e+00 2.230456527132882059e+02
2.550000000000000000e+02 0.000000000000000000e+00 2.222064196912770626e+02
2.549999645553468213e+02 1.772232658703434688e-05 2.221560196097543667e+02
2.550000000000000000e+02 0.000000000000000000e+00 2.223705838177435794e+02
2.550000000000000000e+02 0.000000000000000000e+00 2.225189241218587313e+02
2.550000000000000000e+02 0.000000000000000000e+00 2.227617255343281499e+02
2.550000000000000000e+02 0.000000000000000000e+00 2.230042422819267642e+02
2.550000000000000000e+02 0.000000000000000000e+00 2.229870316875199308e+02
2.549999645553468213e+02 2.215290823379293361e-06 2.229871601743876965e+02
2.550000000000000000e+02 0.000000000000000000e+00 2.231078348190550571e+02
2.550000000000000000e+02 0.000000000000000000e+00 2.232240700209123361e+02
2.550000000000000000e+02 0.000000000000000000e+00 2.233539990429943600e+02
2.550000000000000000e+02 0.000000000000000000e+00 2.235316830893559654e+02
2.550000000000000000e+02 0.000000000000000000e+00 2.236171179952504247e+02
2.550000000000000000e+02 0.000000000000000000e+00 2.236573288466309748e+02
2.549999900311912882e+02 0.000000000000000000e+00 2.238285553202424296e+02
2.550000000000000000e+02 0.000000000000000000e+00 2.240491318275263097e+02
2.550000000000000000e+02 0.000000000000000000e+00 2.241492607574522253e+02
2.550000000000000000e+02 0.000000000000000000e+00 2.236454072590649673e+02
2.550000000000000000e+02 0.000000000000000000e+00 2.225922978768652740e+02
2.550000000000000000e+02 0.000000000000000000e+00 2.222085652004395229e+02
2.550000000000000000e+02 0.000000000000000000e+00 2.223036067149895416e+02
2.550000000000000000e+02 0.000000000000000000e+00 2.225452894055931665e+02
2.550000000000000000e+02 0.000000000000000000e+00 2.227622117906638834e+02
2.550000000000000000e+02 0.000000000000000000e+00 2.230788621380214920e+02
2.550000000000000000e+02 0.000000000000000000e+00 2.233210133626342326e+02
2.550000000000000000e+02 0.000000000000000000e+00 2.234784629426150957e+02
2.550000000000000000e+02 0.000000000000000000e+00 2.236022965919966055e+02
2.550000000000000000e+02 0.000000000000000000e+00 2.238007800038989217e+02
2.550000000000000000e+02 0.000000000000000000e+00 2.239040657232481522e+02
2.550000000000000000e+02 0.000000000000000000e+00 2.240121353631304828e+02
2.550000000000000000e+02 0.000000000000000000e+00 2.239479860791124679e+02
2.550000000000000000e+02 0.000000000000000000e+00 2.240531492574345123e+02
2.549999568018289438e+02 3.544465317406869377e-05 2.242349105465565628e+02
2.550000000000000000e+02 0.000000000000000000e+00 2.240840902243646440e+02
2.549999723088646988e+02 1.107645411689646638e-05 2.241744297841420632e+02
2.550000000000000000e+02 0.000000000000000000e+00 2.238184369794066697e+02
2.550000000000000000e+02 0.000000000000000000e+00 2.227184697657108359e+02
2.550000000000000000e+02 0.000000000000000000e+00 2.221471130329989592e+02
2.550000000000000000e+02 0.000000000000000000e+00 2.221829077021231456e+02
2.550000000000000000e+02 0.000000000000000000e+00 2.224680843051075669e+02
2.550000000000000000e+02 0.000000000000000000e+00 2.226176396962393085e+02
2.549998582213873135e+02 9.747279622868890278e-05 2.226961695406372996e+02
2.550000000000000000e+02 0.000000000000000000e+00 2.228836274501116463e+02
2.550000000000000000e+02 0.000000000000000000e+00 2.230140870343458630e+02
2.550000000000000000e+02 0.000000000000000000e+00 2.229245272569382905e+02
2.550000000000000000e+02 0.000000000000000000e+00 2.227802608726473750e+02
2.550000000000000000e+02 0.000000000000000000e+00 2.229036747244178116e+02
2.550000000000000000e+02 0.000000000000000000e+00 2.229102929057526694e+02
2.549999689859284615e+02 1.772232658703434688e-05 2.230407879346400648e+02
2.550000000000000000e+02 0.000000000000000000e+00 2.231112829192216225e+02
2.549999501559564692e+02 3.433700776237904391e-05 2.233740130879381809e+02
2.550000000000000000e+02 0.000000000000000000e+00 2.236227304345514426e+02
2.550000000000000000e+02 0.000000000000000000e+00 2.238043122851167936e+02
2.550000000000000000e+02 0.000000000000000000e+00 2.237609978112926683e+02
2.550000000000000000e+02 0.000000000000000000e+00 2.228593113103888186e+02
2.550000000000000000e+02 0.000000000000000000e+00 2.219887197391273617e+02
2.550000000000000000e+02 0.000000000000000000e+00 2.216606994116187650e+02
2.550000000000000000e+02 0.000000000000000000e+00 2.217032385336547122e+02
2.550000000000000000e+02 0.000000000000000000e+00 2.217066467585864586e+02
2.550000000000000000e+02 0.000000000000000000e+00 2.216742979743380602e+02
2.549998892354588236e+02 7.088930634813738754e-05 2.216267223886151783e+02
2.550000000000000000e+02 0.000000000000000000e+00 2.217488402952539559e+02
2.550000000000000000e+02 0.000000000000000000e+00 2.218000489579272028e+02
2.550000000000000000e+02 0.000000000000000000e+00 2.217624521497182286e+02
2.550000000000000000e+02 0.000000000000000000e+00 2.218375250327863171e+02
2.550000000000000000e+02 0.000000000000000000e+00 2.218088935065395333e+02
2.550000000000000000e+02 0.000000000000000000e+00 2.219922918955800526e+02
2.550000000000000000e+02 0.000000000000000000e+00 2.221326084163328858e+02
2.549999634477014183e+02 1.661468117534470042e-05 2.221899323893240705e+02
2.550000000000000000e+02 0.000000000000000000e+00 2.223647132970616269e+02
2.549999911388367195e+02 0.000000000000000000e+00 2.224200346471484693e+02
2.550000000000000000e+02 0.000000000000000000e+00 2.224035595292949949e+02
2.550000000000000000e+02 0.000000000000000000e+00 2.217514321855173023e+02
2.550000000000000000e+02 0.000000000000000000e+00 2.206471938911140285e+02
2.550000000000000000e+02 0.000000000000000000e+00 2.202173831655619836e+02
2.550000000000000000e+02 0.000000000000000000e+00 2.203738081735370145e+02
2.550000000000000000e+02 0.000000000000000000e+00 2.203692158756601600e+02
2.550000000000000000e+02 0.000000000000000000e+00 2.204091232321979135e+02
2.550000000000000000e+02 0.000000000000000000e+00 2.204495600432424851e+02
2.550000000000000000e+02 0.000000000000000000e+00 2.206135790681600781e+02
2.550000000000000000e+02 0.000000000000000000e+00 2.207115148601708370e+02
2.550000000000000000e+02 0.000000000000000000e+00 2.206841360808846844e+02
2.549999634477014183e+02 7.753517881827526974e-06 2.207313007301598589e+02
2.550000000000000000e+02 0.000000000000000000e+00 2.210582820862722997e+02
2.550000000000000000e+02 0.000000000000000000e+00 2.211382939602310955e+02
2.550000000000000000e+02 0.000000000000000000e+00 2.212030336192535458e+02
2.550000000000000000e+02 0.000000000000000000e+00 2.213425194059476269e+02
2.550000000000000000e+02 0.000000000000000000e+00 2.213564857069436016e+02
2.550000000000000000e+02 0.000000000000000000e+00 2.212585764984227126e+02
2.550000000000000000e+02 0.000000000000000000e+00 2.211242578775741663e+02
2.550000000000000000e+02 0.000000000000000000e+00 2.208462233722042924e+02
2.550000000000000000e+02 0.000000000000000000e+00 2.198107532431857578e+02
2.550000000000000000e+02 0.000000000000000000e+00 2.190012139793712151e+02
2.550000000000000000e+02 0.000000000000000000e+00 2.188345410360471988e+02
2.550000000000000000e+02 0.000000000000000000e+00 2.189474067805621473e+02
2.550000000000000000e+02 0.000000000000000000e+00 2.191815641282387617e+02
2.550000000000000000e+02 0.000000000000000000e+00 2.192487129160316215e+02
2.550000000000000000e+02 0.000000000000000000e+00 2.195189484900577668e+02
2.550000000000000000e+02 0.000000000000000000e+00 2.198441841970013684e+02
2.550000000000000000e+02 0.000000000000000000e+00 2.198676518803388547e+02
2.550000000000000000e+02 0.000000000000000000e+00 2.200231619732038553e+02
2.550000000000000000e+02 0.000000000000000000e+00 2.201377357069436016e+02
2.549998947736858952e+02 5.316697976110303726e-05 2.202281284337007889e+02
2.550000000000000000e+02 0.000000000000000000e+00 2.203264851309679955e+02
2.550000000000000000e+02 0.000000000000000000e+00 2.204507186403430978e+02
2.550000000000000000e+02 0.000000000000000000e+00 2.205793074114769752e+02
2.550000000000000000e+02 0.000000000000000000e+00 2.207516404228547060e+02
2.550000000000000000e+02 0.000000000000000000e+00 2.208962258090242017e+02
2.550000000000000000e+02 0.000000000000000000e+00 2.208723161751674695e+02
2.550000000000000000e+02 0.000000000000000000e+00 2.201609054336653344e+02
2.550000000000000000e+02 0.000000000000000000e+00 2.190270863608974707e+02
2.550000000000000000e+02 0.000000000000000000e+00 2.185514423758550890e+02
2.550000000000000000e+02 0.000000000000000000e+00 2.184947442225215468e+02
2.550000000000000000e+02 0.000000000000000000e+00 2.186599340286392703e+02
2.550000000000000000e+02 0.000000000000000000e+00 2.189221391734306792e+02
2.550000000000000000e+02 0.000000000000000000e+00 2.191500050951688934e+02
2.550000000000000000e+02 0.000000000000000000e+00 2.194975853330025188e+02
2.550000000000000000e+02 0.000000000000000000e+00 2.198605873179030823e+02
2.550000000000000000e+02 0.000000000000000000e+00 2.200245498529046984e+02
2.550000000000000000e+02 0.000000000000000000e+00 2.204122634069400704e+02
2.550000000000000000e+02 0.000000000000000000e+00 2.205560158437599796e+02
2.550000000000000000e+02 0.000000000000000000e+00 2.206816217258001700e+02
2.550000000000000000e+02 0.000000000000000000e+00 2.207731641884946612e+02
2.550000000000000000e+02 0.000000000000000000e+00 2.209691731205472536e+02
2.550000000000000000e+02 0.000000000000000000e+00 2.211476136887250448e+02
2.550000000000000000e+02 0.000000000000000000e+00 2.211492208822174064e+02
2.550000000000000000e+02 0.000000000000000000e+00 2.212628597632297272e+02
2.550000000000000000e+02 0.000000000000000000e+00 2.206261021071846358e+02
2.550000000000000000e+02 0.000000000000000000e+00 2.195828839985113348e+02
2.550000000000000000e+02 0.000000000000000000e+00 2.191677440364371137e+02
2.550000000000000000e+02 0.000000000000000000e+00 2.192023524173253577e+02
2.550000000000000000e+02 0.000000000000000000e+00 2.192584723797540107e+02
2.550000000000000000e+02 0.000000000000000000e+00 2.192545867596498113e+02
2.550000000000000000e+02 0.000000000000000000e+00 2.191122875536100310e+02
2.550000000000000000e+02 0.000000000000000000e+00 2.191699670807783775e+02
2.550000000000000000e+02 0.000000000000000000e+00 2.191853478449650936e+02
2.550000000000000000e+02 0.000000000000000000e+00 2.191502266242512178e+02
2.550000000000000000e+02 0.000000000000000000e+00 2.193315825151525758e+02
2.550000000000000000e+02 0.000000000000000000e+00 2.194167670931840064e+02
2.550000000000000000e+02 0.000000000000000000e+00 2.194744831726509062e+02
2.550000000000000000e+02 0.000000000000000000e+00 2.196389707315776434e+02
2.549999955694183598e+02 1.107645411689646680e-06 2.198344380250239283e+02
2.550000000000000000e+02 0.000000000000000000e+00 2.201188957661361769e+02
2.550000000000000000e+02 0.000000000000000000e+00 2.202619957998086022e+02
2.550000000000000000e+02 0.000000000000000000e+00 2.202548171498954446e+02
2.550000000000000000e+02 0.000000000000000000e+00 2.198972426275121279e+02
2.550000000000000000e+02 0.000000000000000000e+00 2.189908862935526201e+02
2.550000000000000000e+02 0.000000000000000000e+00 2.181749791762662483e+02
2.550000000000000000e+02 0.000000000000000000e+00 2.180227377450111703e+02
2.550000000000000000e+02 0.000000000000000000e+00 2.182920960638712700e+02
2.550000000000000000e+02 0.000000000000000000e+00 2.186810103055329080e+02
2.550000000000000000e+02 0.000000000000000000e+00 2.190037039662566940e+02
2.550000000000000000e+02 0.000000000000000000e+00 2.192081442951830752e+02
2.550000000000000000e+02 0.000000000000000000e+00 2.193654476659695831e+02
2.550000000000000000e+02 0.000000000000000000e+00 2.194699362882359139e+02
2.549998438219969614e+02 1.185180590507921891e-04 2.194188671888845477e+02
2.549999379718569514e+02 3.433700776237904391e-05 2.196200299950377541e+02
2.550000000000000000e+02 0.000000000000000000e+00 2.197566791018324750e+02
2.550000000000000000e+02 0.000000000000000000e+00 2.200770910130081859e+02
2.550000000000000000e+02 0.000000000000000000e+00 2.204016997926487704e+02
2.549999844929642450e+02 4.430581646758586721e-06 2.206734096427178997e+02
2.550000000000000000e+02 0.000000000000000000e+00 2.208506074327437716e+02
2.550000000000000000e+02 0.000000000000000000e+00 2.210291288590366037e+02
2.550000000000000000e+02 0.000000000000000000e+00 2.211538408712295620e+02
2.550000000000000000e+02 0.000000000000000000e+00 2.210654773508666153e+02
2.550000000000000000e+02 0.000000000000000000e+00 2.202664263814553465e+02
2.550000000000000000e+02 0.000000000000000000e+00 2.193090341775068168e+02
2.549999734165101302e+02 9.968808705206819911e-06 2.190097782936944100e+02
2.550000000000000000e+02 0.000000000000000000e+00 2.189928446106404749e+02
2.550000000000000000e+02 0.000000000000000000e+00 2.190252077942792255e+02
2.550000000000000000e+02 0.000000000000000000e+00 2.191133597543685596e+02
2.549999147113032905e+02 4.762875270265480153e-05 2.193222384184595626e+02
2.550000000000000000e+02 0.000000000000000000e+00 2.197297289813206760e+02
2.549998449296423644e+02 1.063339595222060745e-04 2.199228369900400537e+02
2.550000000000000000e+02 0.000000000000000000e+00 2.200519806915251877e+02
2.550000000000000000e+02 0.000000000000000000e+00 2.201499198064721838e+02
2.550000000000000000e+02 0.000000000000000000e+00 2.203545373586644587e+02
2.550000000000000000e+02 0.000000000000000000e+00 2.204885624534788917e+02
2.550000000000000000e+02 0.000000000000000000e+00 2.204421642948286149e+02
2.550000000000000000e+02 0.000000000000000000e+00 2.206705818239818484e+02
2.550000000000000000e+02 0.000000000000000000e+00 2.210542879169177297e+02
2.550000000000000000e+02 0.000000000000000000e+00 2.211638085722893834e+02
2.550000000000000000e+02 0.000000000000000000e+00 2.214859085350724968e+02
2.550000000000000000e+02 0.000000000000000000e+00 2.219679702176301817e+02
2.550000000000000000e+02 0.000000000000000000e+00 2.219262573990713463e+02
2.550000000000000000e+02 0.000000000000000000e+00 2.211126663683408253e+02
2.550000000000000000e+02 0.000000000000000000e+00 2.202224406745117449e+02
2.550000000000000000e+02 0.000000000000000000e+00 2.197897522861801178e+02
2.550000000000000000e+02 0.000000000000000000e+00 2.198770424981391614e+02
2.550000000000000000e+02 0.000000000000000000e+00 2.198970354978201556e+02
2.550000000000000000e+02 0.000000000000000000e+00 2.200016581451812954e+02
2.550000000000000000e+02 0.000000000000000000e+00 2.200795455552404860e+02
2.550000000000000000e+02 0.000000000000000000e+00 2.203220434728671080e+02
2.550000000000000000e+02 0.000000000000000000e+00 2.204260425158614964e+02
2.550000000000000000e+02 0.000000000000000000e+00 2.202181330415056948e+02
2.550000000000000000e+02 0.000000000000000000e+00 2.199827406691950387e+02
2.550000000000000000e+02 0.000000000000000000e+00 2.198667956704356072e+02
2.550000000000000000e+02 0.000000000000000000e+00 2.197801545386878388e+02
2.550000000000000000e+02 0.000000000000000000e+00 2.197721839223053166e+02
2.550000000000000000e+02 0.000000000000000000e+00 2.199582428756247054e+02
2.550000000000000000e+02 0.000000000000000000e+00 2.201492674033246999e+02
2.550000000000000000e+02 0.000000000000000000e+00 2.202313106989685707e+02
2.550000000000000000e+02 0.000000000000000000e+00 2.204080731843476428e+02
2.550000000000000000e+02 0.000000000000000000e+00 2.205965811416722886e+02
2.550000000000000000e+02 0.000000000000000000e+00 2.204972729769964133e+02
2.550000000000000000e+02 0.000000000000000000e+00 2.194582406603338995e+02
2.549998172385070632e+02 1.406709672845851320e-04 2.185997357158047691e+02
2.550000000000000000e+02 0.000000000000000000e+00 2.185548362013965118e+02
2.549999147113032905e+02 6.535107928968914503e-05 2.185984065413107373e+02
2.550000000000000000e+02 0.000000000000000000e+00 2.187534060096409405e+02
2.550000000000000000e+02 0.000000000000000000e+00 2.189994528231666209e+02
2.550000000000000000e+02 0.000000000000000000e+00 2.192149817903094231e+02
2.550000000000000000e+02 0.000000000000000000e+00 2.193183527983553631e+02
2.550000000000000000e+02 0.000000000000000000e+00 2.194625604774394674e+02
2.550000000000000000e+02 0.000000000000000000e+00 2.192880908180625852e+02
2.550000000000000000e+02 0.000000000000000000e+00 2.191189190266898379e+02
2.550000000000000000e+02 0.000000000000000000e+00 2.190649179899337184e+02
2.550000000000000000e+02 0.000000000000000000e+00 2.190226491333782235e+02
2.550000000000000000e+02 0.000000000000000000e+00 2.190386424254776045e+02
2.550000000000000000e+02 0.000000000000000000e+00 2.190417294332399933e+02
2.550000000000000000e+02 0.000000000000000000e+00 2.192870042179137329e+02
2.550000000000000000e+02 0.000000000000000000e+00 2.194314378566618302e+02
2.550000000000000000e+02 0.000000000000000000e+00 2.196558534629426163e+02
2.550000000000000000e+02 0.000000000000000000e+00 2.194912418477297820e+02
2.550000000000000000e+02 0.000000000000000000e+00 2.186461349821004490e+02
2.550000000000000000e+02 0.000000000000000000e+00 2.179807513380356454e+02
2.550000000000000000e+02 0.000000000000000000e+00 2.178691527398716801e+02
2.550000000000000000e+02 0.000000000000000000e+00 2.180268183107078244e+02
2.550000000000000000e+02 0.000000000000000000e+00 2.182258422535710451e+02
2.550000000000000000e+02 0.000000000000000000e+00 2.182867738276680996e+02
2.550000000000000000e+02 0.000000000000000000e+00 2.183407582497430326e+02
2.550000000000000000e+02 0.000000000000000000e+00 2.185063578846630890e+02
2.550000000000000000e+02 0.000000000000000000e+00 2.185127024775812572e+02
2.550000000000000000e+02 0.000000000000000000e+00 2.185658971484776600e+02
2.550000000000000000e+02 0.000000000000000000e+00 2.185802633094672558e+02
2.550000000000000000e+02 0.000000000000000000e+00 2.186999887020168103e+02
2.550000000000000000e+02 0.000000000000000000e+00 2.189389388313897769e+02
2.550000000000000000e+02 0.000000000000000000e+00 2.190784356945379727e+02
2.550000000000000000e+02 0.000000000000000000e+00 2.191057590915535513e+02
2.549999734165101302e+02 3.322936235068939829e-06 2.191216338655938785e+02
2.550000000000000000e+02 0.000000000000000000e+00 2.191221633201006682e+02
2.549999601247651810e+02 1.993761741041363982e-05 2.191702827597206920e+02
2.550000000000000000e+02 0.000000000000000000e+00 2.188353806312692598e+02
2.550000000000000000e+02 0.000000000000000000e+00 2.179212707794279140e+02
2.550000000000000000e+02 0.000000000000000000e+00 2.171376094353666701e+02
2.550000000000000000e+02 0.000000000000000000e+00 2.170313552263141048e+02
2.550000000000000000e+02 0.000000000000000000e+00 2.173557092475100205e+02
2.550000000000000000e+02 0.000000000000000000e+00 2.175515243416155613e+02
2.550000000000000000e+02 0.000000000000000000e+00 2.177422918955800526e+02
2.550000000000000000e+02 0.000000000000000000e+00 2.180948609683479162e+02
2.550000000000000000e+02 0.000000000000000000e+00 2.184076578173182668e+02
2.550000000000000000e+02 0.000000000000000000e+00 2.184398171942012539e+02
2.550000000000000000e+02 0.000000000000000000e+00 2.184597016446319060e+02
2.550000000000000000e+02 0.000000000000000000e+00 2.185394521142735584e+02
2.550000000000000000e+02 0.000000000000000000e+00 2.185520925637117671e+02
2.550000000000000000e+02 0.000000000000000000e+00 2.185986557615283630e+02
2.550000000000000000e+02 0.000000000000000000e+00 2.188427863484918419e+02
2.549999977847091657e+02 0.000000000000000000e+00 2.191097565838443302e+02
2.549999490483110662e+02 2.436819905717222570e-05 2.195013657267926135e+02
2.550000000000000000e+02 0.000000000000000000e+00 2.197293125066458686e+02
2.550000000000000000e+02 0.000000000000000000e+00 2.201142802077056615e+02
2.549999712012192958e+02 0.000000000000000000e+00 2.201401448357140396e+02
2.550000000000000000e+02 0.000000000000000000e+00 2.192251244993442754e+02
2.550000000000000000e+02 0.000000000000000000e+00 2.183787216885832834e+02
2.550000000000000000e+02 0.000000000000000000e+00 2.183018887569560036e+02
2.550000000000000000e+02 0.000000000000000000e+00 2.184123708485450095e+02
2.550000000000000000e+02 0.000000000000000000e+00 2.183502884308651915e+02
2.550000000000000000e+02 0.000000000000000000e+00 2.183625755414170726e+02
2.550000000000000000e+02 0.000000000000000000e+00 2.185522420958423311e+02
2.550000000000000000e+02 0.000000000000000000e+00 2.187715425956119475e+02
2.549998449296423644e+02 1.151951228157232463e-04 2.189172267660298417e+02
2.549998670825505940e+02 1.019033778754474887e-04 2.190228684471697420e+02
2.550000000000000000e+02 0.000000000000000000e+00 2.190632952894056018e+02
2.549997153351291956e+02 1.905150108106192061e-04 2.192266430812036901e+02
2.550000000000000000e+02 0.000000000000000000e+00 2.194120164020132506e+02
2.550000000000000000e+02 0.000000000000000000e+00 2.197146982330840501e+02
2.550000000000000000e+02 0.000000000000000000e+00 2.199061071137418821e+02
2.550000000000000000e+02 0.000000000000000000e+00 2.201944083844327054e+02
2.550000000000000000e+02 0.000000000000000000e+00 2.204033501843121883e+02
2.550000000000000000e+02 0.000000000000000000e+00 2.204600217541558891e+02
2.550000000000000000e+02 0.000000000000000000e+00 2.205616504359692271e+02
2.550000000000000000e+02 0.000000000000000000e+00 2.198751606085847072e+02
2.550000000000000000e+02 0.000000000000000000e+00 2.188266368783893938e+02
2.549999933541275254e+02 2.215290823379293361e-06 2.184197123223336803e+02
2.550000000000000000e+02 0.000000000000000000e+00 2.185423497146705358e+02
2.550000000000000000e+02 1.107645411689646680e-06 2.187459260801757921e+02
2.550000000000000000e+02 0.000000000000000000e+00 2.186623232197922846e+02
2.550000000000000000e+02 0.000000000000000000e+00 2.189655743806046928e+02
2.550000000000000000e+02 0.000000000000000000e+00 2.194105354800978205e+02
2.550000000000000000e+02 0.000000000000000000e+00 2.198046058111508785e+02
2.550000000000000000e+02 0.000000000000000000e+00 2.200599191861907684e+02
2.550000000000000000e+02 0.000000000000000000e+00 2.202862432655159068e+02
2.550000000000000000e+02 0.000000000000000000e+00 2.205474216230106776e+02
2.550000000000000000e+02 0.000000000000000000e+00 2.208112262077765706e+02
2.550000000000000000e+02 0.000000000000000000e+00 2.209116841083897498e+02
2.549998560060964792e+02 1.262715769326197177e-04 2.212245230478857252e+02
2.550000000000000000e+02 0.000000000000000000e+00 2.216114080831531510e+02
2.549999080654308159e+02 7.421224258320631678e-05 2.219953146599085585e+02
2.550000000000000000e+02 0.000000000000000000e+00 2.220594251763371574e+02
2.550000000000000000e+02 0.000000000000000000e+00 2.222730179793003344e+02
2.550000000000000000e+02 0.000000000000000000e+00 2.219021539272675625e+02
2.550000000000000000e+02 0.000000000000000000e+00 2.209924923793995788e+02
2.550000000000000000e+02 0.000000000000000000e+00 2.206899833410130043e+02
2.550000000000000000e+02 0.000000000000000000e+00 2.208106635239074080e+02
2.550000000000000000e+02 0.000000000000000000e+00 2.208853930368978808e+02
2.550000000000000000e+02 0.000000000000000000e+00 2.209630965778187317e+02
2.549999468330202319e+02 2.769113529224116510e-05 2.209381391114025348e+02
2.550000000000000000e+02 0.000000000000000000e+00 2.210188144649629578e+02
2.550000000000000000e+02 0.000000000000000000e+00 2.210342605802289597e+02
2.550000000000000000e+02 0.000000000000000000e+00 2.209971755042001860e+02
2.550000000000000000e+02 0.000000000000000000e+00 2.207909175291532335e+02
2.550000000000000000e+02 0.000000000000000000e+00 2.206061556286109351e+02
2.550000000000000000e+02 0.000000000000000000e+00 2.204848097508240983e+02
2.550000000000000000e+02 0.000000000000000000e+00 2.204472993389572082e+02
2.550000000000000000e+02 0.000000000000000000e+00 2.204529582993655481e+02
2.550000000000000000e+02 0.000000000000000000e+00 2.206504415074610961e+02
2.550000000000000000e+02 0.000000000000000000e+00 2.209005323343848488e+02
2.550000000000000000e+02 0.000000000000000000e+00 2.210312500000000000e+02
2.549999180342395277e+02 3.876758940913762979e-05 2.212126058909013580e+02
2.550000000000000000e+02 0.000000000000000000e+00 2.206429604703505447e+02
2.550000000000000000e+02 0.000000000000000000e+00 2.196647345638535569e+02
2.550000000000000000e+02 0.000000000000000000e+00 2.193403871885301157e+02
2.550000000000000000e+02 0.000000000000000000e+00 2.192124563587707655e+02
2.550000000000000000e+02 0.000000000000000000e+00 2.193397048789564963e+02
2.550000000000000000e+02 0.000000000000000000e+00 2.193473531705242294e+02
2.550000000000000000e+02 0.000000000000000000e+00 2.195366641707723261e+02
2.550000000000000000e+02 0.000000000000000000e+00 2.194307909917413895e+02
2.550000000000000000e+02 0.000000000000000000e+00 2.193504634388402508e+02
2.549998670825505940e+02 6.092049764293056593e-05 2.195612472530393688e+02
2.549998604366781194e+02 1.041186686988267884e-04 2.195788588150852547e+02
2.550000000000000000e+02 0.000000000000000000e+00 2.197416605376953953e+02
2.550000000000000000e+02 1.107645411689646680e-06 2.199375177223265894e+02
2.550000000000000000e+02 0.000000000000000000e+00 2.200730370308014017e+02
2.550000000000000000e+02 0.000000000000000000e+00 2.202027965831354379e+02
2.550000000000000000e+02 0.000000000000000000e+00 2.203772496278311337e+02
2.549998449296423644e+02 1.063339595222060745e-04 2.204694367401552597e+02
2.550000000000000000e+02 0.000000000000000000e+00 2.206337470758161032e+02
2.550000000000000000e+02 0.000000000000000000e+00 2.203990835341863601e+02
2.550000000000000000e+02 0.000000000000000000e+00 2.194840487984262438e+02
2.550000000000000000e+02 0.000000000000000000e+00 2.188250595913231393e+02
2.550000000000000000e+02 0.000000000000000000e+00 2.189126089923085203e+02
2.550000000000000000e+02 0.000000000000000000e+00 2.191698552085917697e+02
2.550000000000000000e+02 0.000000000000000000e+00 2.192198875518378145e+02
2.550000000000000000e+02 0.000000000000000000e+00 2.193437400311912882e+02
2.550000000000000000e+02 0.000000000000000000e+00 2.195814695353205934e+02
2.550000000000000000e+02 0.000000000000000000e+00 2.197317504341970107e+02
2.550000000000000000e+02 0.000000000000000000e+00 2.199976828057987461e+02
2.549999335412753112e+02 2.990642611562045804e-05 2.199753692889802608e+02
2.550000000000000000e+02 0.000000000000000000e+00 2.199834008258604285e+02
2.550000000000000000e+02 0.000000000000000000e+00 2.199786811487612113e+02
2.550000000000000000e+02 0.000000000000000000e+00 2.200684945769680780e+02
2.550000000000000000e+02 0.000000000000000000e+00 2.201905382713642609e+02
2.550000000000000000e+02 0.000000000000000000e+00 2.203178754031829385e+02
2.550000000000000000e+02 0.000000000000000000e+00 2.205661928898025792e+02
2.550000000000000000e+02 0.000000000000000000e+00 2.206654190887179539e+02
2.550000000000000000e+02 0.000000000000000000e+00 2.208019264169000166e+02
2.550000000000000000e+02 0.000000000000000000e+00 2.205462386577109726e+02
2.550000000000000000e+02 0.000000000000000000e+00 2.196443893329316381e+02
2.550000000000000000e+02 0.000000000000000000e+00 2.190477472707617039e+02
2.549998460372877673e+02 1.118721865806543035e-04 2.190762425566228444e+02
2.549999689859284615e+02 0.000000000000000000e+00 2.191389718392230463e+02
2.550000000000000000e+02 0.000000000000000000e+00 2.192991384733987843e+02
2.550000000000000000e+02 0.000000000000000000e+00 2.192520834810193833e+02
2.550000000000000000e+02 0.000000000000000000e+00 2.193798470563215517e+02
2.550000000000000000e+02 0.000000000000000000e+00 2.195800041204409183e+02
2.550000000000000000e+02 0.000000000000000000e+00 2.196260965689575642e+02
2.550000000000000000e+02 0.000000000000000000e+00 2.196508258604189621e+02
2.550000000000000000e+02 0.000000000000000000e+00 2.196274578651685374e+02
2.550000000000000000e+02 0.000000000000000000e+00 2.197217805178463834e+02
2.550000000000000000e+02 0.000000000000000000e+00 2.198098084216495920e+02
2.550000000000000000e+02 0.000000000000000000e+00 2.200700452805444343e+02
2.550000000000000000e+02 0.000000000000000000e+00 2.203320311115443246e+02
2.550000000000000000e+02 0.000000000000000000e+00 2.206801363733030996e+02
2.549998792666501117e+02 1.495321305781023037e-04 2.209682438060468712e+02
2.550000000000000000e+02 0.000000000000000000e+00 2.210160276291071568e+02
2.550000000000000000e+02 0.000000000000000000e+00 2.211937659500939333e+02
2.550000000000000000e+02 0.000000000000000000e+00 2.206587100804593717e+02
2.550000000000000000e+02 0.000000000000000000e+00 2.195684159341438431e+02
2.550000000000000000e+02 0.000000000000000000e+00 2.191636302413780868e+02
2.550000000000000000e+02 0.000000000000000000e+00 2.193356763725942074e+02
2.549999977847091657e+02 0.000000000000000000e+00 2.193348711143798937e+02
2.550000000000000000e+02 0.000000000000000000e+00 2.193028679154999452e+02
2.550000000000000000e+02 0.000000000000000000e+00 2.192181075656612279e+02
2.550000000000000000e+02 0.000000000000000000e+00 2.192043794084287356e+02
2.550000000000000000e+02 0.000000000000000000e+00 2.192089141087442101e+02
2.550000000000000000e+02 0.000000000000000000e+00 2.193810577127565296e+02
2.550000000000000000e+02 0.000000000000000000e+00 2.196011147343423318e+02
2.550000000000000000e+02 0.000000000000000000e+00 2.199506898415623937e+02
2.550000000000000000e+02 0.000000000000000000e+00 2.205012184099528554e+02
2.550000000000000000e+02 0.000000000000000000e+00 2.208584706075213546e+02
2.550000000000000000e+02 0.000000000000000000e+00 2.210083416775954390e+02
2.550000000000000000e+02 0.000000000000000000e+00 2.210730702601637461e+02
2.550000000000000000e+02 0.000000000000000000e+00 2.210512075550278155e+02
2.550000000000000000e+02 0.000000000000000000e+00 2.211293131712331217e+02
2.550000000000000000e+02 0.000000000000000000e+00 2.213178499273384716e+02
2.550000000000000000e+02 0.000000000000000000e+00 2.216068290770212172e+02
2.550000000000000000e+02 0.000000000000000000e+00 2.214397042143692715e+02
2.550000000000000000e+02 0.000000000000000000e+00 2.204805364548257955e+02
2.550000000000000000e+02 0.000000000000000000e+00 2.198247394817991847e+02
2.550000000000000000e+02 0.000000000000000000e+00 2.197880154981745875e+02
2.550000000000000000e+02 0.000000000000000000e+00 2.195735387941728902e+02
2.550000000000000000e+02 0.000000000000000000e+00 2.195202621575160435e+02
2.550000000000000000e+02 0.000000000000000000e+00 2.193632124375288015e+02
2.550000000000000000e+02 0.000000000000000000e+00 2.195502638411370526e+02
2.550000000000000000e+02 0.000000000000000000e+00 2.195766202637082074e+02
2.550000000000000000e+02 0.000000000000000000e+00 2.195780458033530635e+02
2.550000000000000000e+02 0.000000000000000000e+00 2.197235173058519138e+02
2.550000000000000000e+02 0.000000000000000000e+00 2.198940836227980071e+02
2.550000000000000000e+02 0.000000000000000000e+00 2.199901508169992610e+02
2.550000000000000000e+02 0.000000000000000000e+00 2.200473795324850244e+02
2.549999601247651810e+02 2.215290823379293276e-05 2.201452499734164974e+02
2.550000000000000000e+02 0.000000000000000000e+00 2.204004902438592239e+02
2.550000000000000000e+02 0.000000000000000000e+00 2.203182398185233808e+02
2.550000000000000000e+02 0.000000000000000000e+00 2.203454446974798770e+02
2.550000000000000000e+02 0.000000000000000000e+00 2.202652578155460219e+02
2.550000000000000000e+02 0.000000000000000000e+00 2.201994503863467116e+02
2.550000000000000000e+02 0.000000000000000000e+00 2.194974878602062915e+02
2.550000000000000000e+02 0.000000000000000000e+00 2.182062834508914193e+02
2.550000000000000000e+02 0.000000000000000000e+00 2.178620959309538136e+02
2.550000000000000000e+02 0.000000000000000000e+00 2.178320200350902098e+02
2.550000000000000000e+02 0.000000000000000000e+00 2.180501098784248484e+02
2.550000000000000000e+02 0.000000000000000000e+00 2.180906895757275095e+02
2.550000000000000000e+02 0.000000000000000000e+00 2.180851303034062312e+02
2.550000000000000000e+02 0.000000000000000000e+00 2.183655484617020477e+02
2.550000000000000000e+02 0.000000000000000000e+00 2.184874204710594370e+02
2.550000000000000000e+02 0.000000000000000000e+00 2.187193016074150194e+02
2.550000000000000000e+02 0.000000000000000000e+00 2.188868030695069535e+02
2.550000000000000000e+02 0.000000000000000000e+00 2.191907919221635552e+02
2.549998283149611780e+02 9.858044164037854586e-05 2.193099092173820566e+02
2.550000000000000000e+02 0.000000000000000000e+00 2.194482131464218639e+02
2.550000000000000000e+02 0.000000000000000000e+00 2.197141654556410231e+02
2.550000000000000000e+02 0.000000000000000000e+00 2.199226852426186554e+02
2.549999689859284615e+02 0.000000000000000000e+00 2.200393081203700376e+02
2.550000000000000000e+02 0.000000000000000000e+00 2.201938169017828670e+02
2.550000000000000000e+02 0.000000000000000000e+00 2.201727893612873572e+02
2.550000000000000000e+02 0.000000000000000000e+00 2.202338693598695727e+02
2.550000000000000000e+02 0.000000000000000000e+00 2.196665987310814216e+02
2.549999723088646988e+02 1.550703576365505395e-05 2.186013495551696053e+02
2.549997973008896679e+02 1.473168397547229905e-04 2.181347173731967644e+02
2.550000000000000000e+02 0.000000000000000000e+00 2.182087845142310414e+02
2.550000000000000000e+02 0.000000000000000000e+00 2.182630513858859445e+02
2.550000000000000000e+02 0.000000000000000000e+00 2.182616036933328587e+02
2.550000000000000000e+02 0.000000000000000000e+00 2.183757698135611349e+02
2.550000000000000000e+02 0.000000000000000000e+00 2.186722920284975089e+02
2.550000000000000000e+02 0.000000000000000000e+00 2.188957096462623610e+02
2.550000000000000000e+02 0.000000000000000000e+00 2.189893865416651977e+02
2.550000000000000000e+02 0.000000000000000000e+00 2.190701693368305314e+02
2.550000000000000000e+02 0.000000000000000000e+00 2.193471958848757595e+02
2.550000000000000000e+02 0.000000000000000000e+00 2.196216028515223400e+02
2.550000000000000000e+02 0.000000000000000000e+00 2.197011041009463668e+02
2.550000000000000000e+02 0.000000000000000000e+00 2.199181926328288341e+02
2.549998272073157750e+02 1.318098039910679602e-04 2.200645358522666868e+02
2.550000000000000000e+02 0.000000000000000000e+00 2.201947185251479766e+02
2.550000000000000000e+02 0.000000000000000000e+00 2.201696082036649784e+02
2.550000000000000000e+02 0.000000000000000000e+00 2.202595977474922790e+02
2.550000000000000000e+02 0.000000000000000000e+00 2.204695475046964077e+02
2.550000000000000000e+02 0.000000000000000000e+00 2.201310820809555935e+02
2.550000000000000000e+02 0.000000000000000000e+00 2.190361834526636642e+02
2.550000000000000000e+02 0.000000000000000000e+00 2.185772837433098346e+02
2.550000000000000000e+02 0.000000000000000000e+00 2.185942949615425448e+02
2.550000000000000000e+02 0.000000000000000000e+00 2.185559360932903132e+02
2.550000000000000000e+02 0.000000000000000000e+00 2.184811844273916392e+02
2.549999623400560154e+02 1.661468117534470042e-05 2.184898927356183265e+02
2.550000000000000000e+02 0.000000000000000000e+00 2.186896610161982153e+02
2.550000000000000000e+02 0.000000000000000000e+00 2.188971130329989592e+02
2.550000000000000000e+02 0.000000000000000000e+00 2.189107547938893390e+02
2.550000000000000000e+02 0.000000000000000000e+00 2.190319345248644254e+02
2.550000000000000000e+02 0.000000000000000000e+00 2.191761698950838309e+02
2.550000000000000000e+02 0.000000000000000000e+00 2.193850341597845102e+02
2.550000000000000000e+02 0.000000000000000000e+00 2.195345109080920167e+02
2.550000000000000000e+02 0.000000000000000000e+00 2.194911842501683736e+02
2.549998859125225863e+02 1.295945131676886470e-04 2.196943917697515190e+02
2.550000000000000000e+02 0.000000000000000000e+00 2.199050393435650221e+02
2.549999667706376556e+02 6.645872470137879658e-06 2.202355718108673273e+02
2.550000000000000000e+02 0.000000000000000000e+00 2.206416445876014620e+02
2.550000000000000000e+02 0.000000000000000000e+00 2.207890223478538303e+02
2.550000000000000000e+02 0.000000000000000000e+00 2.201454393807819088e+02
2.550000000000000000e+02 0.000000000000000000e+00 2.191636457484138418e+02
2.550000000000000000e+02 0.000000000000000000e+00 2.188259213394534299e+02
2.550000000000000000e+02 0.000000000000000000e+00 2.189361719331513711e+02
2.550000000000000000e+02 0.000000000000000000e+00 2.190258169992556532e+02
2.550000000000000000e+02 0.000000000000000000e+00 2.190053432814659971e+02
2.550000000000000000e+02 0.000000000000000000e+00 2.190695313330733995e+02
2.550000000000000000e+02 0.000000000000000000e+00 2.192435690107397193e+02
2.550000000000000000e+02 0.000000000000000000e+00 2.194675194059476269e+02
2.550000000000000000e+02 0.000000000000000000e+00 2.194101622035940977e+02
2.550000000000000000e+02 0.000000000000000000e+00 2.195134733987877951e+02
2.550000000000000000e+02 0.000000000000000000e+00 2.195500201591464986e+02
2.550000000000000000e+02 0.000000000000000000e+00 2.197006034452202812e+02
2.550000000000000000e+02 0.000000000000000000e+00 2.199440738755183702e+02
2.550000000000000000e+02 0.000000000000000000e+00 2.199832224949491319e+02
2.550000000000000000e+02 0.000000000000000000e+00 2.200828408003402785e+02
2.550000000000000000e+02 0.000000000000000000e+00 2.201273371318186776e+02
2.550000000000000000e+02 0.000000000000000000e+00 2.201645041736079236e+02
2.550000000000000000e+02 0.000000000000000000e+00 2.202293468436536443e+02
2.550000000000000000e+02 0.000000000000000000e+00 2.193965104738950060e+02
2.550000000000000000e+02 0.000000000000000000e+00 2.185397855155424907e+02
2.550000000000000000e+02 0.000000000000000000e+00 2.181006938290858841e+02
2.550000000000000000e+02 0.000000000000000000e+00 2.180761893896430763e+02
2.550000000000000000e+02 0.000000000000000000e+00 2.180061020185729888e+02
2.550000000000000000e+02 0.000000000000000000e+00 2.179592408641406394e+02
2.550000000000000000e+02 0.000000000000000000e+00 2.181690111827880685e+02
2.550000000000000000e+02 0.000000000000000000e+00 2.182534580689753057e+02
2.549998969889767011e+02 1.406709672845851320e-04 2.184406324212242509e+02
2.550000000000000000e+02 0.000000000000000000e+00 2.185941808740651595e+02
2.550000000000000000e+02 0.000000000000000000e+00 2.188715574380604778e+02
2.550000000000000000e+02 0.000000000000000000e+00 2.192384095984120904e+02
2.549998670825505940e+02 7.088930634813738754e-05 2.195071088682522316e+02
2.550000000000000000e+02 0.000000000000000000e+00 2.197252662779569619e+02
2.549999745241555331e+02 8.861163293517173442e-06 2.197710142487505891e+02
2.549998083773437827e+02 1.451015489313437043e-04 2.199324945503845754e+02
2.550000000000000000e+02 0.000000000000000000e+00 2.200040473363343096e+02
2.550000000000000000e+02 0.000000000000000000e+00 2.200598361127848932e+02
2.550000000000000000e+02 0.000000000000000000e+00 2.198773205171374912e+02
2.550000000000000000e+02 0.000000000000000000e+00 2.188177635309963591e+02
2.550000000000000000e+02 0.000000000000000000e+00 2.182048412965654052e+02
2.550000000000000000e+02 0.000000000000000000e+00 2.182316263779108851e+02
2.550000000000000000e+02 0.000000000000000000e+00 2.184170971715166729e+02
2.550000000000000000e+02 0.000000000000000000e+00 2.186809017562825659e+02
2.550000000000000000e+02 0.000000000000000000e+00 2.187594836600148938e+02
2.550000000000000000e+02 0.000000000000000000e+00 2.189222000939283248e+02
2.550000000000000000e+02 0.000000000000000000e+00 2.188228420852089471e+02
2.550000000000000000e+02 0.000000000000000000e+00 2.186878987523482181e+02
2.550000000000000000e+02 0.000000000000000000e+00 2.187203239641300172e+02
2.550000000000000000e+02 0.000000000000000000e+00 2.188017635930245035e+02
2.550000000000000000e+02 0.000000000000000000e+00 2.190425734590436946e+02
2.550000000000000000e+02 0.000000000000000000e+00 2.191088915127778023e+02
2.550000000000000000e+02 0.000000000000000000e+00 2.193984189469393584e+02
2.550000000000000000e+02 0.000000000000000000e+00 2.196237062701591469e+02
2.550000000000000000e+02 0.000000000000000000e+00 2.198625135132740240e+02
2.550000000000000000e+02 0.000000000000000000e+00 2.199511916049338822e+02
2.550000000000000000e+02 0.000000000000000000e+00 2.194658247084677214e+02
2.550000000000000000e+02 0.000000000000000000e+00 2.183744960213376771e+02
2.550000000000000000e+02 0.000000000000000000e+00 2.179582827508595244e+02
2.550000000000000000e+02 0.000000000000000000e+00 2.180921893276149319e+02
2.550000000000000000e+02 0.000000000000000000e+00 2.183673539237231012e+02
2.550000000000000000e+02 0.000000000000000000e+00 2.187661970988551445e+02
2.550000000000000000e+02 0.000000000000000000e+00 2.189513843352355309e+02
2.550000000000000000e+02 0.000000000000000000e+00 2.191737851345124568e+02
2.550000000000000000e+02 0.000000000000000000e+00 2.192788752082373378e+02
2.550000000000000000e+02 0.000000000000000000e+00 2.193427265356395992e+02
2.550000000000000000e+02 0.000000000000000000e+00 2.195358788501754645e+02
2.549999911388367195e+02 2.215290823379293276e-05 2.198012518608443031e+02
2.550000000000000000e+02 0.000000000000000000e+00 2.200671177737213213e+02
2.550000000000000000e+02 0.000000000000000000e+00 2.203106014957643595e+02
2.550000000000000000e+02 0.000000000000000000e+00 2.204907367614220277e+02
2.550000000000000000e+02 0.000000000000000000e+00 2.205476952114273672e+02
2.550000000000000000e+02 0.000000000000000000e+00 2.205956407507177630e+02
2.550000000000000000e+02 0.000000000000000000e+00 2.203254450519264083e+02
2.550000000000000000e+02 0.000000000000000000e+00 2.192044934959061493e+02
2.550000000000000000e+02 0.000000000000000000e+00 2.180615529631729999e+02
2.550000000000000000e+02 0.000000000000000000e+00 2.177192894233155016e+02
2.550000000000000000e+02 0.000000000000000000e+00 2.176963545174210424e+02
2.550000000000000000e+02 0.000000000000000000e+00 2.179104225002658382e+02
2.550000000000000000e+02 0.000000000000000000e+00 2.179878878974231782e+02
2.549999601247651810e+02 2.104526282210328629e-05 2.181512833179739914e+02
2.550000000000000000e+02 0.000000000000000000e+00 2.184852749618970051e+02
2.550000000000000000e+02 0.000000000000000000e+00 2.187613278896253632e+02
2.550000000000000000e+02 0.000000000000000000e+00 2.188549206039768933e+02
2.550000000000000000e+02 0.000000000000000000e+00 2.189172356271931505e+02
2.550000000000000000e+02 0.000000000000000000e+00 2.190586775156842521e+02
2.550000000000000000e+02 0.000000000000000000e+00 2.192252086803955535e+02
2.550000000000000000e+02 0.000000000000000000e+00 2.194061846489207142e+02
2.550000000000000000e+02 0.000000000000000000e+00 2.195959852284407816e+02
2.550000000000000000e+02 0.000000000000000000e+00 2.196711998901215850e+02
2.550000000000000000e+02 0.000000000000000000e+00 2.197303215716159173e+02
2.550000000000000000e+02 0.000000000000000000e+00 2.195821086467231282e+02
2.550000000000000000e+02 0.000000000000000000e+00 2.184648311505334561e+02
2.550000000000000000e+02 0.000000000000000000e+00 2.176278300340268572e+02
2.550000000000000000e+02 0.000000000000000000e+00 2.175729539573955265e+02
2.550000000000000000e+02 0.000000000000000000e+00 2.178285741502144504e+02
2.550000000000000000e+02 0.000000000000000000e+00 2.180520039520788202e+02
2.550000000000000000e+02 0.000000000000000000e+00 2.181098662407400752e+02
2.550000000000000000e+02 0.000000000000000000e+00 2.183849876386772166e+02
2.550000000000000000e+02 0.000000000000000000e+00 2.183158395509162517e+02
2.550000000000000000e+02 0.000000000000000000e+00 2.183231710558962106e+02
2.550000000000000000e+02 0.000000000000000000e+00 2.182849606121291686e+02
2.550000000000000000e+02 0.000000000000000000e+00 2.184185670169779883e+02
2.550000000000000000e+02 0.000000000000000000e+00 2.187116798993371845e+02
2.549999988923545970e+02 0.000000000000000000e+00 2.190251690266898379e+02
2.550000000000000000e+02 0.000000000000000000e+00 2.192657761935986969e+02
2.550000000000000000e+02 0.000000000000000000e+00 2.195000564899160054e+02
2.550000000000000000e+02 0.000000000000000000e+00 2.196873449296423644e+02
2.550000000000000000e+02 0.000000000000000000e+00 2.197207947134299673e+02
2.550000000000000000e+02 0.000000000000000000e+00 2.196397826356644032e+02
2.549999977847091657e+02 7.753517881827526974e-06 2.188378684028639327e+02
2.550000000000000000e+02 0.000000000000000000e+00 2.176487855775706350e+02
2.550000000000000000e+02 0.000000000000000000e+00 2.173771765232339703e+02
2.549998748360684715e+02 6.756637011306844474e-05 2.173464925300393418e+02
2.550000000000000000e+02 0.000000000000000000e+00 2.175063080406195866e+02
2.550000000000000000e+02 0.000000000000000000e+00 2.175747915411335214e+02
2.549999955694183598e+02 0.000000000000000000e+00 2.176976427090348523e+02
2.550000000000000000e+02 0.000000000000000000e+00 2.179143823326126324e+02
2.550000000000000000e+02 0.000000000000000000e+00 2.178902999060716752e+02
2.550000000000000000e+02 0.000000000000000000e+00 2.178827335802644143e+02
2.550000000000000000e+02 0.000000000000000000e+00 2.180300127600751523e+02
2.550000000000000000e+02 0.000000000000000000e+00 2.182903991511005586e+02
2.549998006238259052e+02 1.772232658703434621e-04 2.186103945876014620e+02
2.550000000000000000e+02 0.000000000000000000e+00 2.185871916315173848e+02
2.550000000000000000e+02 0.000000000000000000e+00 2.187370759933364184e+02
2.550000000000000000e+02 0.000000000000000000e+00 2.189086956810690197e+02
2.550000000000000000e+02 0.000000000000000000e+00 2.191080109346754909e+02
2.550000000000000000e+02 0.000000000000000000e+00 2.191805085421614194e+02
2.550000000000000000e+02 0.000000000000000000e+00 2.190007454453620710e+02
2.549999955694183598e+02 0.000000000000000000e+00 2.179051024793535021e+02
2.550000000000000000e+02 0.000000000000000000e+00 2.169109397706730817e+02
2.550000000000000000e+02 0.000000000000000000e+00 2.166853301226385042e+02
2.550000000000000000e+02 0.000000000000000000e+00 2.167411000691170671e+02
2.550000000000000000e+02 0.000000000000000000e+00 2.169645697462162843e+02
2.549999579094743467e+02 1.329174494027575932e-05 2.171665278417750642e+02
2.550000000000000000e+02 0.000000000000000000e+00 2.174496109949314189e+02
2.549998017314713081e+02 1.473168397547229905e-04 2.177114306791195588e+02
2.550000000000000000e+02 0.000000000000000000e+00 2.177701159483216884e+02
2.550000000000000000e+02 0.000000000000000000e+00 2.180058040619572637e+02
2.550000000000000000e+02 0.000000000000000000e+00 2.181352700882571867e+02
2.550000000000000000e+02 0.000000000000000000e+00 2.181293054177152442e+02
2.550000000000000000e+02 0.000000000000000000e+00 2.180777400932194325e+02
2.550000000000000000e+02 0.000000000000000000e+00 2.180447311523056726e+02
2.550000000000000000e+02 0.000000000000000000e+00 2.180502527646829378e+02
2.550000000000000000e+02 0.000000000000000000e+00 2.180352408464183043e+02
2.550000000000000000e+02 0.000000000000000000e+00 2.179220018253996329e+02
2.549999911388367195e+02 0.000000000000000000e+00 2.170646244638996336e+02
2.550000000000000000e+02 0.000000000000000000e+00 2.162004993265515793e+02
2.550000000000000000e+02 0.000000000000000000e+00 2.159345536632048947e+02
2.550000000000000000e+02 0.000000000000000000e+00 2.161222463935065434e+02
2.550000000000000000e+02 0.000000000000000000e+00 2.163962269166696331e+02
2.550000000000000000e+02 0.000000000000000000e+00 2.164208543047531350e+02
2.549999988923545970e+02 1.439939035196540578e-05 2.167204657427427037e+02
2.550000000000000000e+02 0.000000000000000000e+00 2.169705909066742322e+02
2.550000000000000000e+02 0.000000000000000000e+00 2.172769667351929854e+02
2.550000000000000000e+02 0.000000000000000000e+00 2.175320751958317089e+02
2.550000000000000000e+02 0.000000000000000000e+00 2.177203893152093030e+02
2.550000000000000000e+02 0.000000000000000000e+00 2.178983624570233530e+02
2.550000000000000000e+02 0.000000000000000000e+00 2.180878462499557031e+02
2.550000000000000000e+02 0.000000000000000000e+00 2.183395631003438098e+02
2.549999911388367195e+02 1.107645411689646680e-06 2.184818290770212172e+02
2.550000000000000000e+02 0.000000000000000000e+00 2.186603626874135955e+02
2.550000000000000000e+02 0.000000000000000000e+00 2.190219269485698135e+02
2.550000000000000000e+02 0.000000000000000000e+00 2.191653781058377319e+02
2.550000000000000000e+02 0.000000000000000000e+00 2.192364989100769037e+02
2.549999712012192958e+02 4.430581646758586721e-06 2.191222353170524286e+02
2.550000000000000000e+02 0.000000000000000000e+00 2.182647538368836990e+02
2.549999778470917704e+02 0.000000000000000000e+00 2.172472253482437168e+02
2.550000000000000000e+02 0.000000000000000000e+00 2.170363196930493075e+02
2.550000000000000000e+02 0.000000000000000000e+00 2.169193312923120516e+02
2.550000000000000000e+02 0.000000000000000000e+00 2.168744771913656848e+02
2.549999612324105840e+02 1.661468117534470042e-05 2.167763309467266879e+02
2.550000000000000000e+02 0.000000000000000000e+00 2.168451079732747360e+02
2.550000000000000000e+02 0.000000000000000000e+00 2.170154693758196629e+02
2.550000000000000000e+02 0.000000000000000000e+00 2.171160291798107380e+02
