2.550000000000000000e+02 3.201809254180306041e+00 2.415899208174820956e+01
2.549999823055825914e+02 3.527363310625497572e+00 2.559061421746438825e+01
2.550000000000000000e+02 1.995311908342917775e+02 1.027766765460497282e+02
2.550000000000000000e+02 1.990852826683181434e+02 1.019484650092895635e+02
2.550000000000000000e+02 1.992832500221180112e+02 1.015577147659913351e+02
2.550000000000000000e+02 1.999352517030876868e+02 1.012764730602494865e+02
2.550000000000000000e+02 1.997167732018048412e+02 1.008240478191630558e+02
2.550000000000000000e+02 1.956375033177032776e+02 9.824189374502344663e+01
2.550000000000000000e+02 1.938143070423781182e+02 9.725726466424842442e+01
2.549999977881978168e+02 1.931508338494205077e+02 9.663775103954702672e+01
2.550000000000000000e+02 1.933171525258780719e+02 9.651344554543041454e+01
2.550000000000000000e+02 1.943373805626824833e+02 9.731413009820401783e+01
2.549999988940989226e+02 1.954366517738653499e+02 9.805209457666106232e+01
2.550000000000000000e+02 1.996937594001592515e+02 1.007450975404759816e+02
2.550000000000000000e+02 2.001007453773334532e+02 1.007778642838184595e+02
2.550000000000000000e+02 2.006264863310625515e+02 1.012024108643722968e+02
2.549999966822967394e+02 2.009063910023887445e+02 1.012450621516411502e+02
2.550000000000000000e+02 2.009305471998584380e+02 1.010234804919048059e+02
2.549999988940989226e+02 2.013615080067238807e+02 1.012198575599398396e+02
2.550000000000000000e+02 2.019739029461204893e+02 1.015866495620631724e+02
2.550000000000000000e+02 1.996575931168716238e+02 9.995138458816244054e+01
2.549999977881978168e+02 2.002389553658320835e+02 1.001494260373352176e+02
2.550000000000000000e+02 2.006663319472706348e+02 1.001789613376979560e+02
2.550000000000000000e+02 2.010698066884897912e+02 1.002291161638503070e+02
2.550000000000000000e+02 2.020255905511810965e+02 1.006297133504379389e+02
2.549999988940989226e+02 2.024206549146244356e+02 1.006491495620631724e+02
2.550000000000000000e+02 2.031710696275325176e+02 1.009057551092630263e+02
2.550000000000000000e+02 2.034330664425373811e+02 1.008159161284614669e+02
2.550000000000000000e+02 2.000600349464743886e+02 9.888239184287357375e+01
2.550000000000000000e+02 1.957986132000353905e+02 9.667090153056710733e+01
2.550000000000000000e+02 1.911721622578076563e+02 9.382046359373617861e+01
2.550000000000000000e+02 1.909229430239759324e+02 9.343630673272582499e+01
2.550000000000000000e+02 1.913659858002300211e+02 9.363269154206847134e+01
2.550000000000000000e+02 1.955614084756259388e+02 9.632854773069097121e+01
2.550000000000000000e+02 1.966262264443068091e+02 9.721568499513404049e+01
2.550000000000000000e+02 1.981461204989825831e+02 9.815667964257276878e+01
2.549999878350880351e+02 1.987751614615588664e+02 9.844597894364328283e+01
2.550000000000000000e+02 1.992342729806246098e+02 9.886593714058214744e+01
2.549999977881978168e+02 1.989798383172609135e+02 9.850698376537202705e+01
2.550000000000000000e+02 1.991534094930549372e+02 9.851616495620631042e+01
2.550000000000000000e+02 1.991995753339821249e+02 9.841627001680969045e+01
2.550000000000000000e+02 1.995944129877023840e+02 9.848158232327701000e+01
2.550000000000000000e+02 1.999801269574449236e+02 9.870770591878262223e+01
2.550000000000000000e+02 2.004648279217906861e+02 9.887634919932760624e+01
2.550000000000000000e+02 2.008516124037866177e+02 9.901277536937095647e+01
2.550000000000000000e+02 2.008151928691497972e+02 9.876814783685746590e+01
2.550000000000000000e+02 2.009641323100061925e+02 9.878747788197823354e+01
2.549999955763956336e+02 2.009229319649650449e+02 9.852694638591523812e+01
2.550000000000000000e+02 2.008638370344156385e+02 9.831976687605060761e+01
2.550000000000000000e+02 2.007268103600814015e+02 9.824906108997610943e+01
2.550000000000000000e+02 1.975875143767141537e+02 9.646434353711404697e+01
2.550000000000000000e+02 1.935128638414580280e+02 9.423526939750509257e+01
2.550000000000000000e+02 1.925737072016278830e+02 9.367035410952844643e+01
2.550000000000000000e+02 1.920308767583827319e+02 9.341672564805803347e+01
2.550000000000000000e+02 1.925462156064761530e+02 9.394307042378129324e+01
2.550000000000000000e+02 1.932738952048128738e+02 9.459704171458905364e+01
2.550000000000000000e+02 1.945719045828541027e+02 9.565362182606388330e+01
2.550000000000000000e+02 1.989071220030080553e+02 9.840944660709546099e+01
2.550000000000000000e+02 1.994123418561443941e+02 9.849985623285853364e+01
2.550000000000000000e+02 1.994277968238520771e+02 9.856522272847917066e+01
2.550000000000000000e+02 1.993228202689551551e+02 9.843134234274086225e+01
2.549999977881978168e+02 1.991906496062992176e+02 9.817687229054233455e+01
2.549999944704945563e+02 1.992929731044855259e+02 9.828402194107758305e+01
2.550000000000000000e+02 1.997516920286649622e+02 9.835623949393966825e+01
2.550000000000000000e+02 2.001868276121383587e+02 9.862351256303635694e+01
2.550000000000000000e+02 2.006363985225161457e+02 9.877105303901619493e+01
2.549999889409891125e+02 2.009656982659470827e+02 9.893640515792267820e+01
2.549999933645934789e+02 2.010312317526320385e+02 9.877275391488984724e+01
2.550000000000000000e+02 2.013977738211094390e+02 9.892892705476421611e+01
2.550000000000000000e+02 2.017004567371494375e+02 9.910321927806776898e+01
2.550000000000000000e+02 2.018397250729894665e+02 9.890879523135450313e+01
2.550000000000000000e+02 2.022789093603468018e+02 9.904687804122799832e+01
2.550000000000000000e+02 1.982589069273644213e+02 9.666762806334601521e+01
2.549999922586923731e+02 1.945873142086171868e+02 9.479125564009555660e+01
2.550000000000000000e+02 1.920518424312129468e+02 9.333474298858709517e+01
2.550000000000000000e+02 1.915449781031584564e+02 9.293372666548704331e+01
2.550000000000000000e+02 1.915287268866672434e+02 9.274514067061842582e+01
2.550000000000000000e+02 1.957184198885251760e+02 9.565262540918340051e+01
2.549999745642749645e+02 1.962773345571972072e+02 9.598369791205874435e+01
2.550000000000000000e+02 1.975778045651596813e+02 9.703822657701495302e+01
2.550000000000000000e+02 1.982491904804034277e+02 9.742527205166770443e+01
2.550000000000000000e+02 1.990458241174909233e+02 9.795579049809785488e+01
2.549999966822967394e+02 1.994040686101035078e+02 9.811896952136601158e+01
2.550000000000000000e+02 1.997998263735291573e+02 9.832340418472972488e+01
2.550000000000000000e+02 2.000492137043262915e+02 9.825853645049986085e+01
2.550000000000000000e+02 2.009548073520304285e+02 9.877144673980359357e+01
2.550000000000000000e+02 2.016941166062107413e+02 9.921118508360612509e+01
2.550000000000000000e+02 2.020798449526674290e+02 9.925656352295850127e+01
2.550000000000000000e+02 2.027703596390338987e+02 9.950811289038308871e+01
2.550000000000000000e+02 2.029326030699814112e+02 9.951631314695214314e+01
2.550000000000000000e+02 2.031368497301601224e+02 9.941469189595682110e+01
2.550000000000000000e+02 2.033159371405821503e+02 9.930483389365655000e+01
2.549999933645934789e+02 2.011542046359373614e+02 9.775675484384676395e+01
2.550000000000000000e+02 2.015536417322834666e+02 9.779224431566841247e+01
2.550000000000000000e+02 2.003421193488454435e+02 9.711110988233212993e+01
2.550000000000000000e+02 1.955924876139078208e+02 9.468206117844819403e+01
2.550000000000000000e+02 1.936608864903122935e+02 9.361678757851898069e+01
2.550000000000000000e+02 1.927890471556223986e+02 9.301996593824648585e+01
2.550000000000000000e+02 1.929003605237547561e+02 9.285865035831194803e+01
2.549999944704945563e+02 1.939564949570910244e+02 9.378944638591524097e+01
2.550000000000000000e+02 1.981601731841104197e+02 9.666803835264974509e+01
2.550000000000000000e+02 1.987646664602318083e+02 9.698904936742458460e+01
2.550000000000000000e+02 2.000801236397416574e+02 9.790019353269043734e+01
2.550000000000000000e+02 2.004793638856940561e+02 9.808549942493142737e+01
2.550000000000000000e+02 2.007383393789259571e+02 9.826966734495266564e+01
2.550000000000000000e+02 2.011564020613996320e+02 9.848820998849862463e+01
2.550000000000000000e+02 2.014927839953994635e+02 9.847029660267185136e+01
2.550000000000000000e+02 2.022048250464478372e+02 9.894716778731310569e+01
2.550000000000000000e+02 2.029732305582588765e+02 9.932727373263735160e+01
2.549999845173847746e+02 2.032867358223480494e+02 9.939552552419711162e+01
2.550000000000000000e+02 2.038189595682562185e+02 9.959014863310625287e+01
2.550000000000000000e+02 2.013819594355480831e+02 9.771743010705122856e+01
2.550000000000000000e+02 2.013742092807219422e+02 9.757651397858975884e+01
2.550000000000000000e+02 2.013804178094311226e+02 9.736738587100769848e+01
2.550000000000000000e+02 2.016552674068831266e+02 9.745996306290365396e+01
2.550000000000000000e+02 2.018239007343183289e+02 9.738915111032468985e+01
2.550000000000000000e+02 2.016230248606564714e+02 9.709145580819252075e+01
2.550000000000000000e+02 1.976016201450942162e+02 9.478321352738211658e+01
2.550000000000000000e+02 1.933816376183314105e+02 9.275189551446518976e+01
2.550000000000000000e+02 1.917959457666106289e+02 9.178627797929753740e+01
2.549999944704945563e+02 1.914420021233300986e+02 9.165115456073608868e+01
2.550000000000000000e+02 1.921015681677430678e+02 9.230880739626647369e+01
2.550000000000000000e+02 1.931731332389631177e+02 9.304268114659825528e+01
2.550000000000000000e+02 1.975595361850836014e+02 9.610465031407591141e+01
2.550000000000000000e+02 1.986014011766787632e+02 9.682712001238608934e+01
2.550000000000000000e+02 1.992611397416615091e+02 9.702673073520304570e+01
2.550000000000000000e+02 1.998660267185702821e+02 9.749394408564097603e+01
2.550000000000000000e+02 2.000550937804122782e+02 9.769495930283994767e+01
2.550000000000000000e+02 2.002506967176855710e+02 9.767181279306379338e+01
2.550000000000000000e+02 2.005308933468990631e+02 9.782158165973635278e+01
2.550000000000000000e+02 2.006821784039635475e+02 9.780774904892506072e+01
2.550000000000000000e+02 2.013069738122622425e+02 9.804028134123683458e+01
2.550000000000000000e+02 2.016536074493497210e+02 9.811769441741130038e+01
2.550000000000000000e+02 2.022521454481111221e+02 9.835072989471821359e+01
2.550000000000000000e+02 2.027288031938423387e+02 9.866650336193930571e+01
2.550000000000000000e+02 2.027968138989648708e+02 9.855259554985401849e+01
2.550000000000000000e+02 2.029135583473414215e+02 9.855498319030346011e+01
2.550000000000000000e+02 1.997226189949570880e+02 9.616989626647792022e+01
2.550000000000000000e+02 1.997601842431213015e+02 9.598421768557020073e+01
2.550000000000000000e+02 1.998541183756524902e+02 9.600730115898434747e+01
2.550000000000000000e+02 1.962326849066619445e+02 9.394543815801114306e+01
2.550000000000000000e+02 1.919516201450942106e+02 9.195853645049986369e+01
2.550000000000000000e+02 1.908642572768291643e+02 9.132373927275943970e+01
2.550000000000000000e+02 1.905190723701672084e+02 9.117783774219233806e+01
2.549999811996815140e+02 1.905718094753605101e+02 9.127452335663097926e+01
2.550000000000000000e+02 1.948453950278687046e+02 9.419215694948243822e+01
2.550000000000000000e+02 1.952846998584446681e+02 9.456265040254800169e+01
2.550000000000000000e+02 1.965783995399451385e+02 9.549751614615588835e+01
2.549999933645934789e+02 1.974127521454481098e+02 9.593674577545783677e+01
2.550000000000000000e+02 1.973813235424223649e+02 9.609022604618242269e+01
2.549999977881978168e+02 1.976033906927364399e+02 9.627464832345394541e+01
2.549999966822967394e+02 1.977491893745023503e+02 9.613135782535610474e+01
2.550000000000000000e+02 1.979222020702468399e+02 9.636331062549766102e+01
2.550000000000000000e+02 1.983751371317349310e+02 9.656559320534371693e+01
2.550000000000000000e+02 1.989012275502079206e+02 9.666934442183490717e+01
2.550000000000000000e+02 1.992322889940723769e+02 9.693870543218613989e+01
2.550000000000000000e+02 1.996867601521719848e+02 9.715772140139786472e+01
2.550000000000000000e+02 1.998918174378483457e+02 9.725281230646730535e+01
2.550000000000000000e+02 2.001630905511811136e+02 9.701594377598867425e+01
2.550000000000000000e+02 2.008090860833407021e+02 9.729164602317968047e+01
2.550000000000000000e+02 2.010279925683447004e+02 9.747731354507652668e+01
2.550000000000000000e+02 2.016199803149606282e+02 9.783922078209324980e+01
2.550000000000000000e+02 2.010515980270724583e+02 9.740542886844200154e+01
2.550000000000000000e+02 1.974871383703441552e+02 9.547592232150756786e+01
2.550000000000000000e+02 1.948490389719543430e+02 9.387185149960187402e+01
2.550000000000000000e+02 1.941766898168627904e+02 9.352676280633460237e+01
2.550000000000000000e+02 1.942199869503671721e+02 9.345181036008139586e+01
2.550000000000000000e+02 1.947661561089976203e+02 9.369886423958240584e+01
2.549999933645934789e+02 1.960920839600106262e+02 9.497099000265416180e+01
2.550000000000000000e+02 1.967803105370255707e+02 9.556864549234715867e+01
2.550000000000000000e+02 1.973538297354684516e+02 9.583670817482084203e+01
2.550000000000000000e+02 1.982198144297973954e+02 9.642467154737680346e+01
2.550000000000000000e+02 1.985808247810315947e+02 9.658485026099265269e+01
2.550000000000000000e+02 1.988879467840396273e+02 9.671410576838007955e+01
2.550000000000000000e+02 1.992636523489339027e+02 9.683784504113951641e+01
2.550000000000000000e+02 1.995973038131469650e+02 9.697203176147925774e+01
2.550000000000000000e+02 2.002211514642130510e+02 9.740083606122269089e+01
2.550000000000000000e+02 2.006372821374856130e+02 9.733689507210475256e+01
2.550000000000000000e+02 2.015669335574626189e+02 9.765755551623462338e+01
2.550000000000000000e+02 2.020537478987879183e+02 9.803510019463858782e+01
2.550000000000000000e+02 2.032760229585065872e+02 9.850303791028930789e+01
2.550000000000000000e+02 2.035837432540033660e+02 9.860253693709634604e+01
2.550000000000000000e+02 2.039796481022737282e+02 9.866330509599221443e+01
2.550000000000000000e+02 2.044697237459081691e+02 9.880945656020524837e+01
2.550000000000000000e+02 2.050682064496151327e+02 9.897963925506502392e+01
2.550000000000000000e+02 1.999131347872246351e+02 9.560370366274440812e+01
2.550000000000000000e+02 1.949090882951428796e+02 9.308119083429177465e+01
2.550000000000000000e+02 1.928603014686366350e+02 9.207067924444837104e+01
2.549999922586923731e+02 1.925525159249756655e+02 9.156006480580376206e+01
2.549999977881978168e+02 1.931430582588693312e+02 9.171748540210563760e+01
2.550000000000000000e+02 1.948540575510926374e+02 9.329721865876315690e+01
2.550000000000000000e+02 1.993284083871538428e+02 9.622208484473148360e+01
2.550000000000000000e+02 2.002684453242501945e+02 9.674806356719454925e+01
2.550000000000000000e+02 2.015995974520039056e+02 9.766887773157569086e+01
2.550000000000000000e+02 2.017247213129257659e+02 9.762082190568875717e+01
2.550000000000000000e+02 2.019496759709811613e+02 9.773471755286206530e+01
2.550000000000000000e+02 2.019664834557197253e+02 9.767093360169866401e+01
2.550000000000000000e+02 2.022771343891002402e+02 9.777859196673449560e+01
2.550000000000000000e+02 2.025804863752985909e+02 9.775584026364681733e+01
2.550000000000000000e+02 2.032488465451650086e+02 9.807093360169866969e+01
2.550000000000000000e+02 2.013025457843050390e+02 9.666882686012563397e+01
2.550000000000000000e+02 2.017506956117844936e+02 9.672763093868884710e+01
2.550000000000000000e+02 2.022715418472971862e+02 9.696640604264354124e+01
2.550000000000000000e+02 2.028271941077589986e+02 9.691454038750774203e+01
2.549999988940989226e+02 2.036630750685658597e+02 9.747267207820932811e+01
2.550000000000000000e+02 2.039543948509245297e+02 9.735193532690436768e+01
2.550000000000000000e+02 2.045530954171458973e+02 9.742143346899052858e+01
2.550000000000000000e+02 2.048723712731133446e+02 9.748581903034592244e+01
2.549999977881978168e+02 1.977605149075466784e+02 9.321279748739273430e+01
2.550000000000000000e+02 1.919222164469609879e+02 9.024750840484827563e+01
2.550000000000000000e+02 1.901154240024772264e+02 8.930551070512252920e+01
2.550000000000000000e+02 1.898929565159692174e+02 8.905745709103777585e+01
2.550000000000000000e+02 1.903790885163230939e+02 8.933351875608245507e+01
2.550000000000000000e+02 1.953639509422277172e+02 9.271638171281961149e+01
2.550000000000000000e+02 1.964962277713881349e+02 9.376924820844023145e+01
2.550000000000000000e+02 1.975826849066619388e+02 9.447715540122091227e+01
2.550000000000000000e+02 1.985606509333805150e+02 9.501033022206493683e+01
2.550000000000000000e+02 1.990823409714235197e+02 9.547819605414491662e+01
2.550000000000000000e+02 1.990781949482438336e+02 9.547645868353534127e+01
2.550000000000000000e+02 1.989103744581084641e+02 9.526487547553746538e+01
2.549999988940989226e+02 1.990161638503052188e+02 9.506768335840042994e+01
2.550000000000000000e+02 1.998062516588516360e+02 9.549860324692559743e+01
2.550000000000000000e+02 2.006694096699991121e+02 9.600359528443776469e+01
2.550000000000000000e+02 2.015658685747146706e+02 9.635904958860479042e+01
2.550000000000000000e+02 2.024102870919224983e+02 9.671197690878527453e+01
2.550000000000000000e+02 2.035872998319030387e+02 9.729587277713881122e+01
2.550000000000000000e+02 2.042420397239670820e+02 9.753336945943554781e+01
2.550000000000000000e+02 2.048527337874900525e+02 9.757111386357604488e+01
2.550000000000000000e+02 2.054020801999469086e+02 9.765529837211359165e+01
2.550000000000000000e+02 2.061283785278244807e+02 9.784318875519772973e+01
2.550000000000000000e+02 2.026168660974962279e+02 9.519433668052730013e+01
2.550000000000000000e+02 1.964308413695479203e+02 9.193644386446075600e+01
2.550000000000000000e+02 1.908410178713615721e+02 8.902838626913208486e+01
2.550000000000000000e+02 1.896935426435459533e+02 8.839186167389188142e+01
2.550000000000000000e+02 1.893745554277625445e+02 8.801815889586835340e+01
2.549999922586923731e+02 1.908331316907015776e+02 8.910480071662389889e+01
2.550000000000000000e+02 1.956040874104220109e+02 9.247279483323011107e+01
2.550000000000000000e+02 1.969624059984074904e+02 9.336768557020259607e+01
2.550000000000000000e+02 1.986072270636114183e+02 9.446205542776253594e+01
2.550000000000000000e+02 1.992618154472264109e+02 9.490526851278421816e+01
2.550000000000000000e+02 1.996446507564363344e+02 9.513549610722816396e+01
2.550000000000000000e+02 1.997864328054498912e+02 9.533346235512695444e+01
2.550000000000000000e+02 1.999638989648765914e+02 9.524369415199504374e+01
2.550000000000000000e+02 2.008258382730248570e+02 9.560968105812615647e+01
2.550000000000000000e+02 2.014158243386711433e+02 9.576090750243298544e+01
2.550000000000000000e+02 2.023896885782535549e+02 9.635027647527205374e+01
2.550000000000000000e+02 2.033675550738742004e+02 9.681259400159250106e+01
2.550000000000000000e+02 2.038791858356188698e+02 9.676048504821729068e+01
2.550000000000000000e+02 2.042481907458196986e+02 9.682956294788994001e+01
2.550000000000000000e+02 2.045989504998672999e+02 9.678968526055029997e+01
2.550000000000000000e+02 2.048741252322392370e+02 9.683975603821994582e+01
2.550000000000000000e+02 2.024986054587277806e+02 9.494958086348756865e+01
2.550000000000000000e+02 2.021526043970627313e+02 9.449439418738387531e+01
2.550000000000000000e+02 1.968253008050959920e+02 9.162641997699725493e+01
2.550000000000000000e+02 1.909640958152702694e+02 8.888254888082809657e+01
2.550000000000000000e+02 1.896623894098911762e+02 8.810532712554189061e+01
2.549999944704945563e+02 1.894521631425285193e+02 8.774672210917455573e+01
2.550000000000000000e+02 1.909094643015128838e+02 8.897329027691763770e+01
2.550000000000000000e+02 1.956627001680969613e+02 9.211878925948863639e+01
2.550000000000000000e+02 1.971531352295850752e+02 9.339267782889498903e+01
2.550000000000000000e+02 1.984297697513934224e+02 9.427060846677872519e+01
2.550000000000000000e+02 1.990209159072812497e+02 9.456468968415464360e+01
2.549999955763956336e+02 1.989211381933999689e+02 9.451721445633901908e+01
2.550000000000000000e+02 1.989955365832080076e+02 9.458279660267186273e+01
2.550000000000000000e+02 1.992286649562063303e+02 9.458717375917898096e+01
2.550000000000000000e+02 2.001444472706361069e+02 9.513598491550915526e+01
2.550000000000000000e+02 2.009662445810846805e+02 9.555182805449879879e+01
2.550000000000000000e+02 2.015094101123595465e+02 9.568613752985932308e+01
2.550000000000000000e+02 2.018939385561355380e+02 9.569339666460231797e+01
2.549999988940989226e+02 2.028114504998673056e+02 9.610301468636644984e+01
2.550000000000000000e+02 2.033231542510837926e+02 9.624310470671503026e+01
2.550000000000000000e+02 2.037689761567725384e+02 9.626422741749978229e+01
2.550000000000000000e+02 2.044459479784128177e+02 9.644714013978590117e+01
2.550000000000000000e+02 2.053229750951074948e+02 9.672142904538617358e+01
2.550000000000000000e+02 2.023422332566575221e+02 9.477025236662832697e+01
2.550000000000000000e+02 1.957701163407944875e+02 9.113413253118640966e+01
2.550000000000000000e+02 1.910277514819074440e+02 8.885699814208616942e+01
2.550000000000000000e+02 1.904236264708484612e+02 8.847135052640891217e+01
2.549999944704945563e+02 1.903714323630894398e+02 8.817795054410333933e+01
2.550000000000000000e+02 1.919237138370344269e+02 8.937861297885517331e+01
2.550000000000000000e+02 1.967612636025833979e+02 9.270233898080155654e+01
2.550000000000000000e+02 1.980781728302220586e+02 9.374938622489604256e+01
2.550000000000000000e+02 1.992915066796425663e+02 9.452864726178890464e+01
2.550000000000000000e+02 1.996772460851101414e+02 9.455786406263823096e+01
2.550000000000000000e+02 1.997830763956471856e+02 9.474403366362912493e+01
2.550000000000000000e+02 1.999484362558612816e+02 9.452255374679288025e+01
2.550000000000000000e+02 2.000368442006546843e+02 9.463114659824825026e+01
2.550000000000000000e+02 2.008877510395470267e+02 9.504261258073077556e+01
2.550000000000000000e+02 2.020364040520215951e+02 9.556326638945412810e+01
2.550000000000000000e+02 2.030867546226665468e+02 9.620863819339997747e+01
2.550000000000000000e+02 2.038972109174555385e+02 9.649944041404937423e+01
2.549999966822967394e+02 2.048492855878970147e+02 9.688442670087587771e+01
2.550000000000000000e+02 2.057040885163231110e+02 9.714749071043085848e+01
2.550000000000000000e+02 2.066328673803415086e+02 9.753517207820932811e+01
2.550000000000000000e+02 2.046768833495532078e+02 9.589964058214633269e+01
2.550000000000000000e+02 2.051697569229408202e+02 9.608954812881535190e+01
2.550000000000000000e+02 2.046783265504733151e+02 9.537509731929576162e+01
2.550000000000000000e+02 1.976948774661594257e+02 9.159680615765725520e+01
2.549999878350880351e+02 1.917036815447226275e+02 8.853980690967000555e+01
2.549999889409891125e+02 1.866465584358134890e+02 8.570498982570998692e+01
2.549999944704945563e+02 1.865594609838096005e+02 8.529835773688401446e+01
2.550000000000000000e+02 1.913336415111032522e+02 8.858238741926922444e+01
2.550000000000000000e+02 1.934407812085287048e+02 9.024963947624524963e+01
2.550000000000000000e+02 1.983195821905688661e+02 9.356945169424047037e+01
2.550000000000000000e+02 1.994964213040785523e+02 9.419815093338051781e+01
2.550000000000000000e+02 2.006118707422808143e+02 9.489933867114925192e+01
2.550000000000000000e+02 2.008309375829425676e+02 9.522331128903830688e+01
2.550000000000000000e+02 2.011608334070600677e+02 9.524211713704326598e+01
2.550000000000000000e+02 2.014829082986817639e+02 9.523978479164823341e+01
2.550000000000000000e+02 2.020056478368574631e+02 9.557498783508802376e+01
2.550000000000000000e+02 2.033477948332301253e+02 9.622540918340263261e+01
2.550000000000000000e+02 2.043117612580730906e+02 9.659580089356808230e+01
2.550000000000000000e+02 2.055798338936565415e+02 9.727376692028664706e+01
2.550000000000000000e+02 2.064575322923117824e+02 9.760846346102805171e+01
2.550000000000000000e+02 2.048697348049190339e+02 9.611783929045385833e+01
2.550000000000000000e+02 2.054201650004423527e+02 9.626076484119261067e+01
2.550000000000000000e+02 2.056572790409625782e+02 9.597249845173847405e+01
2.550000000000000000e+02 2.060529029903565288e+02 9.607521786251437845e+01
2.550000000000000000e+02 2.058495189330266442e+02 9.562038065115456220e+01
2.550000000000000000e+02 1.977601986198354496e+02 9.073366805272937086e+01
2.550000000000000000e+02 1.899620819693886631e+02 8.693412700168096308e+01
2.550000000000000000e+02 1.875096467751924365e+02 8.561027935061487426e+01
2.550000000000000000e+02 1.872078353092099405e+02 8.540576727417499114e+01
2.549999933645934789e+02 1.882826495178271387e+02 8.622261235955056691e+01
2.550000000000000000e+02 1.938976046182429513e+02 9.003677121118286664e+01
2.550000000000000000e+02 1.951495023445102959e+02 9.106726532778908734e+01
2.550000000000000000e+02 1.997665785632133009e+02 9.417126758382730145e+01
2.550000000000000000e+02 2.000958340706007164e+02 9.432813301778288917e+01
2.549999767760771476e+02 2.002433723347783712e+02 9.435395801999469256e+01
2.549999955763956336e+02 2.003897306024949216e+02 9.448293152260461625e+01
2.550000000000000000e+02 2.007950953286737956e+02 9.447520680350349664e+01
2.549999966822967394e+02 2.014578098734849050e+02 9.490566221357161680e+01
2.550000000000000000e+02 2.025084203308855990e+02 9.543939219676191499e+01
2.550000000000000000e+02 2.032385694063522976e+02 9.578019331151021731e+01
2.550000000000000000e+02 2.042253052287003356e+02 9.629917057418384729e+01
2.550000000000000000e+02 2.051691663717597010e+02 9.674918273909581501e+01
2.550000000000000000e+02 2.030158630452092439e+02 9.494688357073343354e+01
2.550000000000000000e+02 2.033983234539502689e+02 9.505913695479075898e+01
2.549999944704945563e+02 2.038084535079182444e+02 9.492064496151463970e+01
2.549999900468902183e+02 2.041138027514818987e+02 9.500499535521542782e+01
2.550000000000000000e+02 2.042889509422277285e+02 9.483055936477040859e+01
2.550000000000000000e+02 2.004451838007608728e+02 9.267057528974608260e+01
2.550000000000000000e+02 1.901481321330620062e+02 8.723820114128992032e+01
2.550000000000000000e+02 1.867575533044324629e+02 8.561738697690879007e+01
2.550000000000000000e+02 1.864078784393523733e+02 8.513583561886224516e+01
2.550000000000000000e+02 1.871895492347164520e+02 8.571955454304166722e+01
2.550000000000000000e+02 1.924619802264885493e+02 8.923061465982482332e+01
2.550000000000000000e+02 1.971728600813943331e+02 9.246229651419976392e+01
2.550000000000000000e+02 1.981660930726355900e+02 9.306288595947978592e+01
2.550000000000000000e+02 1.992304852693975192e+02 9.391630319384233871e+01
2.550000000000000000e+02 1.996676568167742971e+02 9.424853799876139249e+01
2.549999977881978168e+02 1.999207212686897321e+02 9.446545275590551682e+01
2.550000000000000000e+02 2.005254987613907929e+02 9.482139586835353384e+01
2.550000000000000000e+02 2.013233964434220979e+02 9.513417897903211440e+01
2.549999966822967394e+02 2.019316674776607954e+02 9.538690723701671459e+01
2.550000000000000000e+02 2.027835375564009439e+02 9.588858046536317659e+01
2.550000000000000000e+02 2.036039115721489736e+02 9.625269065734759977e+01
2.550000000000000000e+02 2.043077335663098211e+02 9.649354485534813364e+01
2.550000000000000000e+02 2.048563158011147607e+02 9.664027581173139936e+01
2.550000000000000000e+02 2.055459855790498125e+02 9.683708971069627580e+01
2.550000000000000000e+02 2.035219831018313812e+02 9.514931212952313899e+01
2.550000000000000000e+02 2.041792997434309598e+02 9.538257542245420950e+01
2.550000000000000000e+02 2.045577623197381172e+02 9.548259643457488721e+01
2.550000000000000000e+02 2.003538496416880434e+02 9.286849177209590778e+01
2.550000000000000000e+02 1.937130053967973140e+02 8.952884190038042789e+01
2.550000000000000000e+02 1.912425064142263125e+02 8.828283862691320394e+01
2.550000000000000000e+02 1.872475670176059452e+02 8.576371317349376966e+01
2.550000000000000000e+02 1.878928271255418849e+02 8.607852340086702725e+01
2.550000000000000000e+02 1.930350703353092001e+02 8.953285410952844359e+01
2.550000000000000000e+02 1.980971301866761110e+02 9.297247301601345271e+01
2.550000000000000000e+02 1.993370145094222892e+02 9.388498849862868667e+01
2.550000000000000000e+02 2.003278288949836394e+02 9.461952136600902463e+01
2.550000000000000000e+02 2.005233721135981568e+02 9.463964434221003330e+01
2.549999933645934789e+02 2.004704049809785147e+02 9.474834446607096083e+01
2.550000000000000000e+02 2.007516090860833344e+02 9.476028819782358426e+01
2.550000000000000000e+02 2.009802607714765941e+02 9.471101145713527103e+01
2.550000000000000000e+02 2.019121472175528709e+02 9.510672166681412421e+01
2.550000000000000000e+02 2.028551313810492900e+02 9.573404405909936088e+01
2.550000000000000000e+02 2.035043329204635825e+02 9.578684641245686748e+01
2.550000000000000000e+02 2.046322436521277552e+02 9.643909581527027797e+01
2.550000000000000000e+02 2.051801557108732084e+02 9.661976245244625261e+01
2.550000000000000000e+02 2.034994946032026917e+02 9.530401995045562558e+01
2.550000000000000000e+02 2.035230469786782237e+02 9.499640139785897475e+01
2.550000000000000000e+02 2.038163396885782674e+02 9.495730668848977984e+01
2.550000000000000000e+02 2.041253583119525672e+02 9.494091391665929791e+01
2.550000000000000000e+02 2.030455708661417304e+02 9.427469587720074173e+01
2.550000000000000000e+02 1.959766787578518858e+02 9.061277758117313397e+01
2.550000000000000000e+02 1.876549345306555665e+02 8.601150579492170323e+01
2.550000000000000000e+02 1.863007144121029910e+02 8.506500928956914720e+01
2.550000000000000000e+02 1.858853445987790849e+02 8.468245377333451529e+01
2.550000000000000000e+02 1.907809331593382183e+02 8.797768844554542511e+01
2.550000000000000000e+02 1.923682728036804406e+02 8.930647947447580748e+01
2.550000000000000000e+02 1.974217884632398352e+02 9.277153852959391145e+01
2.550000000000000000e+02 1.986916526585862073e+02 9.364779704503229141e+01
2.550000000000000000e+02 1.996238852517030864e+02 9.424916615057949798e+01
2.549999878350880351e+02 1.996311543395558772e+02 9.422986485888702646e+01
2.550000000000000000e+02 1.998056312483411432e+02 9.422125763071750271e+01
2.550000000000000000e+02 1.999087852782447214e+02 9.426223347783773931e+01
2.550000000000000000e+02 2.006080775015482516e+02 9.454212819605415064e+01
2.550000000000000000e+02 2.016964865522427601e+02 9.518819450588338782e+01
2.550000000000000000e+02 2.028721567283022296e+02 9.563579691232416735e+01
2.550000000000000000e+02 2.035304487746616076e+02 9.584569915066796852e+01
2.550000000000000000e+02 2.044010793594621020e+02 9.638620941343006621e+01
2.550000000000000000e+02 2.051010472883305340e+02 9.664315115456074068e+01
2.550000000000000000e+02 2.056516378395116362e+02 9.661315469344421558e+01
2.549999977881978168e+02 2.035946087321949847e+02 9.502929421392551035e+01
2.550000000000000000e+02 2.037408376094842026e+02 9.470749911527913412e+01
2.550000000000000000e+02 2.043513779527559109e+02 9.484422498451738193e+01
2.550000000000000000e+02 2.039550827214013964e+02 9.457703264620012362e+01
2.550000000000000000e+02 1.973020481288153576e+02 9.093817349376271864e+01
2.550000000000000000e+02 1.907810603379633676e+02 8.762481420861718107e+01
2.550000000000000000e+02 1.860615787843935323e+02 8.494520038927718986e+01
2.550000000000000000e+02 1.858586724763337088e+02 8.449028797664337276e+01
2.550000000000000000e+02 1.900411428381845553e+02 8.738154361673892367e+01
2.550000000000000000e+02 1.919449637264443140e+02 8.901189286030258074e+01
2.549999778819782250e+02 1.967225625940016016e+02 9.214391975581703775e+01
2.550000000000000000e+02 1.978583185879854796e+02 9.287444704945589535e+01
2.550000000000000000e+02 1.987151596921171404e+02 9.357527868707423124e+01
2.550000000000000000e+02 1.986028045651596869e+02 9.336668804742103589e+01
2.550000000000000000e+02 1.988914425373794472e+02 9.362126647792621270e+01
2.550000000000000000e+02 1.988764221887994381e+02 9.347150092895691387e+01
2.550000000000000000e+02 1.993578939219676158e+02 9.363914889852252088e+01
2.550000000000000000e+02 2.003013215518004131e+02 9.419228633990975652e+01
2.550000000000000000e+02 2.011999944704945449e+02 9.478058590639653858e+01
2.550000000000000000e+02 2.017492280810404282e+02 9.478955144651862952e+01
2.550000000000000000e+02 2.026217906750420354e+02 9.524687029992037424e+01
2.550000000000000000e+02 2.034412766522162315e+02 9.561084446607095799e+01
2.550000000000000000e+02 2.039412025568433080e+02 9.594172011855259541e+01
2.550000000000000000e+02 2.044489184287357375e+02 9.599161505794921823e+01
2.550000000000000000e+02 2.050903664956206285e+02 9.600407524551003746e+01
2.550000000000000000e+02 2.056492701052817722e+02 9.627066929133857798e+01
2.550000000000000000e+02 2.020870122976201060e+02 9.370780987348491919e+01
2.550000000000000000e+02 1.956944892948774566e+02 9.038267827125541487e+01
2.550000000000000000e+02 1.908704735468459717e+02 8.801675108378306334e+01
2.550000000000000000e+02 1.897705387950101681e+02 8.729369415199504090e+01
2.550000000000000000e+02 1.898755065026983857e+02 8.731504246660178126e+01
2.550000000000000000e+02 1.915248429620454829e+02 8.844724851809253607e+01
2.550000000000000000e+02 1.965563799433778627e+02 9.197784327169777896e+01
2.550000000000000000e+02 1.986662843935238527e+02 9.333410046005485583e+01
2.550000000000000000e+02 1.999674765548969333e+02 9.412999756701761100e+01
2.549999933645934789e+02 2.009568842342740993e+02 9.495397571441210971e+01
2.550000000000000000e+02 2.011606586746881362e+02 9.493773113332743208e+01
2.549999922586923731e+02 2.013404958860479610e+02 9.498868884366982002e+01
2.550000000000000000e+02 2.018492269751393451e+02 9.506441763248695054e+01
2.550000000000000000e+02 2.027032613023091301e+02 9.543084468725116665e+01
2.550000000000000000e+02 2.039057628505706532e+02 9.609511302309121561e+01
2.550000000000000000e+02 2.045406396531894302e+02 9.613959568256214538e+01
2.550000000000000000e+02 2.051263149163938806e+02 9.617113929930107474e+01
2.550000000000000000e+02 2.056738553923736958e+02 9.641537976643368779e+01
2.550000000000000000e+02 2.033567625851543710e+02 9.440404428027957806e+01
2.550000000000000000e+02 2.036004865964788166e+02 9.447547111386357699e+01
2.550000000000000000e+02 2.039180925418030483e+02 9.446487658143855981e+01
2.550000000000000000e+02 2.040959258603910484e+02 9.423510572414403441e+01
2.550000000000000000e+02 2.042194859771742017e+02 9.413486906131115006e+01
2.550000000000000000e+02 1.997209535079182388e+02 9.166327191895956616e+01
2.549999944704945563e+02 1.895729341767672338e+02 8.622385871007696778e+01
2.550000000000000000e+02 1.868507298947182278e+02 8.494175882509068742e+01
2.550000000000000000e+02 1.865099121914535942e+02 8.469558634875696157e+01
2.549999966822967394e+02 1.874867081748208477e+02 8.532494359904450221e+01
2.550000000000000000e+02 1.925981542510837699e+02 8.882892705476422179e+01
2.550000000000000000e+02 1.975474520038927722e+02 9.210817039723967525e+01
2.550000000000000000e+02 1.986482869592143743e+02 9.284291449172785349e+01
2.549999977881978168e+02 1.994568919755816978e+02 9.348971954348402846e+01
2.550000000000000000e+02 1.999080531717243332e+02 9.379764221887994324e+01
2.549999988940989226e+02 1.999111320003538879e+02 9.369712244536849255e+01
2.550000000000000000e+02 2.001121826063876767e+02 9.387618331416437911e+01
2.550000000000000000e+02 2.003024849597451862e+02 9.382110833407060113e+01
2.550000000000000000e+02 2.012994437317526319e+02 9.429422830222064533e+01
2.550000000000000000e+02 2.024160399893833358e+02 9.501097496239935936e+01
2.550000000000000000e+02 2.032559232062284309e+02 9.541839777050340388e+01
2.550000000000000000e+02 2.040041526585862073e+02 9.571036561089975692e+01
2.550000000000000000e+02 2.045030478633991038e+02 9.582561930460938981e+01
2.550000000000000000e+02 2.047985424223657560e+02 9.578232770061045187e+01
2.550000000000000000e+02 2.051044777935061347e+02 9.566344665133151182e+01
2.550000000000000000e+02 2.026875077413076269e+02 9.376024949128550645e+01
2.550000000000000000e+02 2.029282668318145681e+02 9.373084136954790324e+01
2.550000000000000000e+02 2.029012209148013710e+02 9.353661196142617484e+01
2.549999977881978168e+02 1.977173128815358893e+02 9.084068057152968834e+01
2.550000000000000000e+02 1.906657336547819170e+02 8.747115699371848052e+01
2.550000000000000000e+02 1.880378859594797802e+02 8.603552817835972633e+01
2.549999988940989226e+02 1.872696098380960734e+02 8.540074316553128142e+01
2.550000000000000000e+02 1.879322060514907662e+02 8.607026231973812003e+01
2.550000000000000000e+02 1.931518346899053427e+02 8.968878726886667607e+01
2.550000000000000000e+02 1.946796082898345617e+02 9.084536959214368324e+01
2.550000000000000000e+02 1.961202578961337792e+02 9.199122799256834071e+01
2.550000000000000000e+02 2.001120333097407809e+02 9.447942249845173990e+01
2.550000000000000000e+02 2.004959999557639492e+02 9.468439241794213501e+01
2.550000000000000000e+02 2.005561156330177823e+02 9.487184154649207812e+01
2.550000000000000000e+02 2.009447259577103466e+02 9.485052751481907762e+01
2.550000000000000000e+02 2.014534448818897658e+02 9.533080708661417191e+01
2.550000000000000000e+02 2.017580520658232217e+02 9.521757829779704707e+01
2.550000000000000000e+02 2.025984119260373291e+02 9.559934530655577589e+01
2.550000000000000000e+02 2.040247135716181504e+02 9.640186786693797671e+01
2.550000000000000000e+02 2.052085198619835467e+02 9.701531009466513922e+01
2.550000000000000000e+02 2.036381989294877428e+02 9.572575975404760129e+01
2.550000000000000000e+02 2.041549190480403411e+02 9.599597009643457568e+01
2.550000000000000000e+02 2.049002632044589802e+02 9.620600504290895572e+01
2.550000000000000000e+02 2.054055980713085034e+02 9.624204857117580048e+01
2.550000000000000000e+02 2.061981830045120887e+02 9.648325555162345779e+01
2.550000000000000000e+02 2.063106066973369934e+02 9.622953972396709332e+01
2.550000000000000000e+02 1.999151961868530520e+02 9.231727970450323539e+01
2.550000000000000000e+02 1.926346633637087393e+02 8.840806644253737545e+01
2.550000000000000000e+02 1.896024617358223452e+02 8.716239493939661998e+01
2.550000000000000000e+02 1.893176612403786692e+02 8.677125763071751408e+01
2.550000000000000000e+02 1.901105823675130466e+02 8.720682672741749286e+01
2.550000000000000000e+02 1.919471213394674010e+02 8.867930084933203716e+01
2.550000000000000000e+02 1.968808844996903531e+02 9.194632951428823731e+01
2.550000000000000000e+02 1.981907181721666689e+02 9.282990467132619017e+01
2.549999944704945563e+02 1.994390537910289254e+02 9.378113111563301629e+01
2.549999955763956336e+02 2.000113786162965539e+02 9.392404339555869797e+01
2.550000000000000000e+02 2.001845704680173412e+02 9.410755772803680941e+01
2.550000000000000000e+02 2.005718326992833624e+02 9.434455454304166722e+01
2.550000000000000000e+02 2.009509201097053790e+02 9.431133548615412110e+01
2.550000000000000000e+02 2.015885008404848406e+02 9.448642174643899239e+01
2.550000000000000000e+02 2.027390394143147887e+02 9.518538551711934304e+01
2.550000000000000000e+02 2.038373086791117430e+02 9.563704326285056823e+01
2.550000000000000000e+02 2.046340905069450571e+02 9.599758028841900170e+01
2.550000000000000000e+02 2.055269143147836814e+02 9.629336127576749504e+01
2.550000000000000000e+02 2.063180107051225320e+02 9.653216181544722474e+01
2.550000000000000000e+02 2.070097020702468456e+02 9.676067526320446177e+01
2.550000000000000000e+02 2.047678215960364412e+02 9.468266057683800341e+01
2.550000000000000000e+02 2.051622920905954288e+02 9.480283221268689431e+01
2.550000000000000000e+02 2.055025977616562045e+02 9.474296536317791606e+01
2.550000000000000000e+02 2.033329492170220192e+02 9.338606122268424770e+01
2.549999977881978168e+02 1.918194140936034557e+02 8.723378859594798485e+01
2.550000000000000000e+02 1.870800019906219518e+02 8.495048106697336721e+01
2.550000000000000000e+02 1.864875033177032719e+02 8.436551579226754427e+01
2.550000000000000000e+02 1.865901287268866611e+02 8.432198089002919517e+01
2.550000000000000000e+02 1.916356354507652782e+02 8.774394297973989865e+01
2.550000000000000000e+02 1.936389122356896451e+02 8.932860523754754922e+01
2.550000000000000000e+02 1.984736220472441062e+02 9.250068787047686669e+01
2.550000000000000000e+02 1.990749004689020580e+02 9.291268247367955269e+01
2.550000000000000000e+02 1.995519773511457231e+02 9.342461514642130282e+01
2.550000000000000000e+02 1.995024274528886110e+02 9.330202048128815306e+01
2.550000000000000000e+02 1.998424201539414184e+02 9.353233875962133936e+01
2.550000000000000000e+02 2.005724022383438125e+02 9.394142594886312736e+01
2.550000000000000000e+02 2.011487337432540130e+02 9.410030412279925827e+01
2.550000000000000000e+02 2.024063191188180042e+02 9.487886623020436616e+01
2.550000000000000000e+02 2.027201285057064410e+02 9.482452999203751176e+01
2.550000000000000000e+02 2.034104374944705000e+02 9.517396266477926758e+01
2.550000000000000000e+02 2.039067360435282694e+02 9.534080222064937971e+01
2.550000000000000000e+02 2.040429708926833712e+02 9.519196452269308395e+01
2.550000000000000000e+02 2.041598679554100784e+02 9.505844797841281490e+01
2.549999988940989226e+02 2.021439529328496860e+02 9.346484561620808051e+01
2.550000000000000000e+02 2.022022494028134076e+02 9.335848226134655192e+01
2.550000000000000000e+02 2.018310824559851255e+02 9.291730735203043423e+01
2.550000000000000000e+02 1.965397781562417094e+02 9.019180859063965272e+01
2.550000000000000000e+02 1.904725847120233482e+02 8.727851455365832578e+01
2.550000000000000000e+02 1.890987083075289661e+02 8.669390869680616163e+01
2.550000000000000000e+02 1.886380905511811079e+02 8.618299234716447188e+01
2.550000000000000000e+02 1.898303757851897728e+02 8.705111585419800235e+01
2.550000000000000000e+02 1.948857582057860611e+02 9.080526851278420963e+01
2.550000000000000000e+02 1.959914215252587724e+02 9.140157590905069185e+01
2.550000000000000000e+02 1.975768822436521361e+02 9.248630894452800533e+01
2.550000000000000000e+02 1.981586879589489456e+02 9.292733566309829030e+01
2.550000000000000000e+02 2.010945656020525405e+02 9.487976864549234790e+01
2.550000000000000000e+02 2.010849254622666535e+02 9.490106498274793978e+01
2.550000000000000000e+02 2.013538618066000083e+02 9.492450897991683689e+01
2.550000000000000000e+02 1.990210065911704760e+02 9.326188511899495381e+01
2.550000000000000000e+02 2.027974088737503280e+02 9.584369304609396067e+01
2.550000000000000000e+02 2.032700168096965285e+02 9.602024241351853107e+01
2.549999867291869293e+02 2.013972772715208350e+02 9.458060249491285276e+01
2.550000000000000000e+02 2.018446264266123933e+02 9.466189396620366381e+01
2.550000000000000000e+02 2.023183513226576906e+02 9.460253472529416285e+01
2.550000000000000000e+02 2.031748540210563476e+02 9.514524904892506640e+01
2.550000000000000000e+02 2.038138436698221767e+02 9.531009908873750192e+01
2.549999966822967394e+02 2.041686045740069062e+02 9.534381469521366625e+01
2.550000000000000000e+02 2.046963438910023854e+02 9.543592187914713065e+01
2.550000000000000000e+02 2.030939053791028925e+02 9.439055449880562776e+01
2.550000000000000000e+02 1.932765283553038955e+02 8.898262850570644389e+01
2.550000000000000000e+02 1.886225360523754659e+02 8.642994780146864287e+01
2.549999944704945563e+02 1.877258471202335670e+02 8.589689462974430967e+01
2.549999988940989226e+02 1.876594576661063343e+02 8.600059055118110507e+01
2.550000000000000000e+02 1.926827379899141874e+02 8.935035057064496300e+01
2.550000000000000000e+02 1.939418660974962449e+02 9.048461802176413471e+01
2.550000000000000000e+02 1.984418683092984281e+02 9.366741904804034391e+01
2.549999977881978168e+02 1.989173438467663573e+02 9.373361386357603919e+01
2.550000000000000000e+02 1.995827523666283412e+02 9.422334999557639890e+01
2.550000000000000000e+02 1.997038231000619248e+02 9.425467022029549469e+01
2.550000000000000000e+02 2.000831151021852747e+02 9.465432186145271487e+01
2.550000000000000000e+02 2.001904383791913631e+02 9.464128328762275544e+01
2.550000000000000000e+02 2.008521874723524832e+02 9.490905954171458347e+01
2.550000000000000000e+02 2.015715871892417965e+02 9.538837697956294903e+01
2.549999944704945563e+02 2.024952346722109269e+02 9.590904516500043542e+01
2.549999922586923731e+02 2.032043882155180086e+02 9.611396753074404842e+01
2.550000000000000000e+02 2.036194992479872496e+02 9.616498274794302858e+01
2.550000000000000000e+02 2.040258670264531418e+02 9.624958196938865740e+01
2.550000000000000000e+02 2.045586724763337259e+02 9.661462885959480218e+01
2.550000000000000000e+02 2.022469985844466009e+02 9.467819384234273627e+01
2.550000000000000000e+02 2.028089312571883625e+02 9.480926302751481671e+01
2.550000000000000000e+02 2.034435791382818763e+02 9.501713925506503244e+01
2.550000000000000000e+02 1.999711138635760506e+02 9.308621826063877336e+01
2.550000000000000000e+02 1.937822381226223172e+02 8.989055449880562776e+01
2.549999988940989226e+02 1.913191829602760379e+02 8.858035477306910366e+01
2.550000000000000000e+02 1.908489803591966734e+02 8.823973944970362027e+01
2.550000000000000000e+02 1.910492634698752568e+02 8.830399009112625208e+01
2.550000000000000000e+02 1.926658121737591784e+02 8.975141555339290278e+01
2.549999944704945563e+02 1.971684950897991655e+02 9.286036892860302316e+01
2.550000000000000000e+02 1.982089965053525589e+02 9.344268225249933835e+01
2.550000000000000000e+02 1.994536793329204727e+02 9.422513160222949580e+01
2.550000000000000000e+02 2.001739958418119159e+02 9.476015217198973062e+01
2.550000000000000000e+02 2.001817835972750572e+02 9.481986861895072138e+01
2.550000000000000000e+02 2.002280246394762457e+02 9.482618442006547355e+01
2.550000000000000000e+02 2.003873728213748677e+02 9.469636379722197717e+01
2.550000000000000000e+02 2.011627333451296238e+02 9.508266389454126966e+01
2.550000000000000000e+02 2.021557396266478008e+02 9.556965186233743736e+01
2.550000000000000000e+02 2.030486552242767289e+02 9.617409316110767747e+01
2.550000000000000000e+02 2.038587089710696318e+02 9.642907966911440099e+01
2.550000000000000000e+02 2.044222518357958052e+02 9.661137198089002709e+01
2.550000000000000000e+02 2.054040531274882824e+02 9.713623484915508755e+01
2.550000000000000000e+02 2.059266975581703889e+02 9.724221556224011920e+01
2.550000000000000000e+02 2.036966944616473540e+02 9.541463438910024308e+01
2.550000000000000000e+02 2.042585972750597136e+02 9.540308325223392671e+01
2.550000000000000000e+02 2.036396189064849978e+02 9.480778443775989217e+01
2.549999889409891125e+02 1.974780423338936544e+02 9.166476046182430082e+01
2.550000000000000000e+02 1.922841192603733589e+02 8.892021366009024064e+01
2.550000000000000000e+02 1.875772206493851115e+02 8.637943023975935830e+01
2.550000000000000000e+02 1.876461569937184777e+02 8.600975515349907141e+01
2.550000000000000000e+02 1.923548902946120620e+02 8.909645005750685698e+01
2.550000000000000000e+02 1.944610346810581234e+02 9.089721534105989065e+01
2.550000000000000000e+02 1.990985556931788096e+02 9.387042156949482319e+01
2.550000000000000000e+02 1.997972883305317282e+02 9.419609616915863626e+01
2.550000000000000000e+02 2.007896554012209265e+02 9.495833185879854454e+01
2.550000000000000000e+02 2.007479319649650620e+02 9.499568477395381194e+01
2.550000000000000000e+02 2.009272737326373601e+02 9.504153985667521454e+01
2.550000000000000000e+02 2.012166449172785860e+02 9.498535676369105829e+01
2.550000000000000000e+02 2.018490920552065688e+02 9.516928802087940653e+01
2.550000000000000000e+02 2.029508073077943777e+02 9.585291294346633606e+01
2.550000000000000000e+02 2.038580332655047300e+02 9.632127974873927201e+01
2.550000000000000000e+02 2.043383847208705788e+02 9.650944771299654690e+01
2.550000000000000000e+02 2.051405202158719021e+02 9.682174865080067150e+01
2.550000000000000000e+02 2.028354562947889974e+02 9.501407701495178060e+01
2.550000000000000000e+02 2.030162755463151427e+02 9.496737260019463633e+01
2.550000000000000000e+02 2.034391732283464478e+02 9.497294081217376061e+01
2.550000000000000000e+02 2.040764907546669065e+02 9.515097540475980509e+01
2.550000000000000000e+02 2.019134278510130116e+02 9.376438998495974886e+01
2.550000000000000000e+02 1.953221722109174436e+02 9.039736021410244859e+01
2.550000000000000000e+02 1.919819937184818173e+02 8.876318234097142579e+01
2.550000000000000000e+02 1.879106376625674670e+02 8.624381469521365773e+01
2.550000000000000000e+02 1.881344466070954695e+02 8.638957577634256779e+01
2.550000000000000000e+02 1.934664613376979503e+02 8.988705542776254731e+01
2.550000000000000000e+02 1.943218514996018769e+02 9.071550805095992587e+01
2.550000000000000000e+02 1.990891079801822627e+02 9.385729784128108122e+01
2.550000000000000000e+02 1.998299953552154307e+02 9.434035986021410736e+01
2.550000000000000000e+02 2.001484893391134960e+02 9.450769264796956293e+01
2.550000000000000000e+02 2.005171326196584971e+02 9.480251924267894026e+01
2.550000000000000000e+02 2.007761921613730749e+02 9.484457887286561117e+01
2.550000000000000000e+02 2.009525999734583763e+02 9.483747788197823070e+01
2.550000000000000000e+02 2.015341679200212468e+02 9.511203220383968926e+01
2.550000000000000000e+02 2.018719322303813044e+02 9.508887684685481645e+01
2.550000000000000000e+02 2.025742612580730793e+02 9.550283553039015771e+01
2.550000000000000000e+02 2.031742623639741794e+02 9.584220892683357818e+01
2.549999911527912957e+02 2.034397759444395319e+02 9.592656042643545788e+01
2.550000000000000000e+02 2.041250818366805220e+02 9.624324294435105287e+01
2.550000000000000000e+02 2.021689838980801426e+02 9.465302353357515130e+01
2.550000000000000000e+02 2.023563744138724303e+02 9.456876271786251209e+01
2.550000000000000000e+02 2.032981796868088225e+02 9.510832301158984592e+01
2.550000000000000000e+02 2.016337421481022716e+02 9.398659094930549429e+01
2.550000000000000000e+02 1.948736519065734853e+02 9.048663739715119902e+01
2.550000000000000000e+02 1.909321275325135048e+02 8.842318300451208302e+01
2.550000000000000000e+02 1.896653001415553490e+02 8.747113929930107190e+01
2.550000000000000000e+02 1.893260284880120423e+02 8.740583694594354824e+01
2.549999988940989226e+02 1.908277393169954905e+02 8.859227528089887471e+01
2.550000000000000000e+02 1.953266776519508028e+02 9.175768048305759805e+01
2.550000000000000000e+02 1.966143037246748690e+02 9.266648456162080549e+01
2.550000000000000000e+02 1.978258537556400825e+02 9.342691984428913088e+01
2.550000000000000000e+02 1.984313987436963771e+02 9.382311112094134842e+01
2.549999811996815140e+02 1.987339898699460434e+02 9.421304631513757499e+01
2.550000000000000000e+02 1.989338825975404745e+02 9.415127178625144211e+01
2.550000000000000000e+02 1.988857924887198010e+02 9.410176391223568260e+01
2.550000000000000000e+02 1.994746096169158704e+02 9.445482283464566819e+01
2.550000000000000000e+02 2.001880839157745697e+02 9.472001570379545399e+01
2.550000000000000000e+02 2.008288662302043690e+02 9.505957931522604554e+01
2.550000000000000000e+02 2.012577158718924295e+02 9.517367844819959544e+01
2.550000000000000000e+02 2.020998838803857325e+02 9.555743276121383190e+01
2.550000000000000000e+02 2.029069262585154263e+02 9.602650291957887418e+01
2.550000000000000000e+02 2.033130142440060126e+02 9.616401619039193349e+01
2.550000000000000000e+02 2.038775502079093940e+02 9.629690126515085069e+01
2.550000000000000000e+02 2.044796469963726508e+02 9.638030168981686074e+01
2.550000000000000000e+02 2.051951871184641334e+02 9.664360567990799211e+01
2.549999988940989226e+02 2.006983101831372096e+02 9.388191188180128677e+01
2.550000000000000000e+02 1.937232427231708414e+02 9.003784282933735028e+01
2.550000000000000000e+02 1.900270713527382043e+02 8.813230668848977700e+01
2.550000000000000000e+02 1.892968216402724977e+02 8.767528753428292987e+01
2.549999966822967394e+02 1.896264752720516640e+02 8.783830177828895103e+01
2.550000000000000000e+02 1.916892130407856314e+02 8.940020569760240221e+01
2.550000000000000000e+02 1.963082643988321649e+02 9.261134986286826631e+01
2.550000000000000000e+02 1.973761645138458789e+02 9.333370675926745719e+01
2.550000000000000000e+02 1.987483687958948906e+02 9.409362669202866414e+01
2.549999944704945563e+02 1.991323044766876080e+02 9.436422078209325548e+01
2.550000000000000000e+02 1.995168705211005999e+02 9.471852273732636718e+01
2.550000000000000000e+02 1.993434840307882894e+02 9.447846368220825752e+01
2.550000000000000000e+02 1.999553005839157720e+02 9.489095925860391390e+01
2.550000000000000000e+02 2.005732338759621314e+02 9.499747301601344418e+01
2.550000000000000000e+02 2.014572182164027367e+02 9.546597031761479002e+01
2.550000000000000000e+02 2.020722949659382550e+02 9.576612182606388046e+01
2.550000000000000000e+02 2.033650015482615174e+02 9.637547000796249108e+01
2.550000000000000000e+02 2.039969620897107063e+02 9.664735579049809644e+01
2.550000000000000000e+02 2.047948409714235254e+02 9.689899694771300176e+01
2.550000000000000000e+02 2.055092210032734670e+02 9.713265725913474569e+01
2.549999977881978168e+02 2.061343448641953557e+02 9.730988012032203471e+01
2.549999889409891125e+02 2.040361220472441062e+02 9.556559873484916068e+01
2.550000000000000000e+02 2.046115776784924378e+02 9.560977948332300969e+01
2.550000000000000000e+02 2.038011346545164884e+02 9.487123108909139546e+01
2.550000000000000000e+02 1.972680438821551832e+02 9.151779837211360302e+01
2.550000000000000000e+02 1.918939120145094250e+02 8.897441719012651618e+01
2.550000000000000000e+02 1.868823940546757569e+02 8.556688710961691413e+01
2.550000000000000000e+02 1.872896487658143769e+02 8.576507343183226340e+01
2.550000000000000000e+02 1.924496991949040137e+02 8.891734052906308250e+01
2.550000000000000000e+02 1.947317382553304412e+02 9.089866738918871647e+01
2.550000000000000000e+02 1.993999358577368923e+02 9.399416084225427426e+01
2.550000000000000000e+02 2.000966535433070987e+02 9.437720295496771428e+01
2.550000000000000000e+02 2.008876515084490961e+02 9.504693223038131578e+01
2.550000000000000000e+02 2.009130186676103733e+02 9.486792223303547189e+01
2.550000000000000000e+02 2.011145857294523580e+02 9.500726024064407227e+01
2.550000000000000000e+02 2.013544866407148675e+02 9.510341612846147541e+01
2.550000000000000000e+02 2.018033630452092382e+02 9.509507984605856734e+01
2.550000000000000000e+02 2.029407568787047751e+02 9.583203131911881201e+01
2.550000000000000000e+02 2.038984196673449389e+02 9.631731509333805263e+01
2.550000000000000000e+02 2.044139631071396934e+02 9.646550694505883428e+01
2.550000000000000000e+02 2.053671447845704563e+02 9.694289237370610124e+01
2.550000000000000000e+02 2.028789060426435356e+02 9.521904140493674618e+01
2.550000000000000000e+02 2.031490301247456500e+02 9.503882486950367081e+01
2.550000000000000000e+02 2.033477605502963854e+02 9.485614549234716719e+01
2.550000000000000000e+02 2.037235457400689995e+02 9.494120034504113903e+01
2.550000000000000000e+02 2.041185525966557464e+02 9.490184243121295538e+01
2.550000000000000000e+02 2.019818775988675554e+02 9.376447292754136242e+01
2.550000000000000000e+02 1.948872069362116122e+02 9.005161903919312749e+01
2.550000000000000000e+02 1.878747356896399197e+02 8.609507763425639837e+01
2.549999911527912957e+02 1.872293926391223522e+02 8.567552419711580569e+01
2.550000000000000000e+02 1.876301855702025989e+02 8.601577789082544712e+01
2.550000000000000000e+02 1.924870244625320765e+02 8.919940613111563721e+01
2.550000000000000000e+02 1.939184663363708694e+02 9.048821109439971622e+01
2.550000000000000000e+02 1.986918583561886180e+02 9.364738564982748414e+01
2.550000000000000000e+02 1.993443753870653836e+02 9.396479253295585465e+01
2.550000000000000000e+02 2.000412866053260075e+02 9.444716336370875354e+01
2.550000000000000000e+02 2.000850294169689505e+02 9.459562173759178449e+01
2.550000000000000000e+02 2.002916017871361589e+02 9.468246704414757176e+01
2.550000000000000000e+02 2.009952766964522652e+02 9.505979054233390002e+01
2.550000000000000000e+02 2.013688788374767853e+02 9.516165287976643583e+01
2.549999977881978168e+02 2.022536527912943427e+02 9.544682495797576394e+01
2.550000000000000000e+02 2.030895127399805347e+02 9.587986485888701793e+01
2.550000000000000000e+02 2.036239405467574954e+02 9.598973060249491596e+01
2.550000000000000000e+02 2.044605149075466670e+02 9.654263912235690270e+01
2.550000000000000000e+02 2.048986662832876107e+02 9.662993674245775821e+01
2.550000000000000000e+02 2.030522836857471418e+02 9.511472286118728903e+01
2.550000000000000000e+02 2.031133736618596970e+02 9.490566110767052521e+01
2.550000000000000000e+02 2.034422940812173692e+02 9.483688622489604825e+01
2.550000000000000000e+02 2.039494901795983424e+02 9.503361607537821953e+01
2.550000000000000000e+02 2.039627963814916427e+02 9.488988653454835287e+01
2.550000000000000000e+02 1.986025336193930855e+02 9.182737436963637379e+01
2.550000000000000000e+02 1.918024197115809955e+02 8.843907148544634822e+01
2.550000000000000000e+02 1.861265814385561441e+02 8.512117579403698642e+01
2.549999944704945563e+02 1.859765748031496173e+02 8.499837874900468648e+01
2.550000000000000000e+02 1.904136999026806905e+02 8.787214898699460264e+01
2.550000000000000000e+02 1.922107714765991204e+02 8.941475272051667389e+01
2.550000000000000000e+02 1.969625376006370061e+02 9.258854175882508741e+01
2.550000000000000000e+02 1.981597153410598935e+02 9.347024794302397765e+01
2.549999922586923731e+02 1.992420939131204136e+02 9.415050539679731401e+01
2.550000000000000000e+02 1.994851565955940771e+02 9.415831637618330774e+01
2.550000000000000000e+02 1.996131027160930671e+02 9.418375873661859998e+01
2.549999933645934789e+02 1.999051225338405686e+02 9.447605281783597775e+01
2.550000000000000000e+02 2.005109340440590984e+02 9.477028775546315842e+01
2.550000000000000000e+02 2.013512131734937611e+02 9.532855547199858393e+01
2.550000000000000000e+02 2.023403156241705858e+02 9.588910134477572456e+01
2.550000000000000000e+02 2.029384145801999466e+02 9.606842873573387465e+01
2.550000000000000000e+02 2.037966480138016436e+02 9.648300561797752550e+01
2.550000000000000000e+02 2.043038319472706235e+02 9.658958794125453551e+01
2.550000000000000000e+02 2.047914679731044885e+02 9.661629766433689781e+01
2.550000000000000000e+02 2.052181069185172078e+02 9.673945302132177915e+01
2.550000000000000000e+02 2.030103611872954161e+02 9.493692935503848673e+01
2.550000000000000000e+02 2.032903875077413147e+02 9.487142793948508768e+01
2.550000000000000000e+02 2.039908840573299074e+02 9.505487812970008576e+01
2.550000000000000000e+02 2.037627267097230686e+02 9.471727638679996630e+01
2.550000000000000000e+02 1.975972031761479286e+02 9.158355856852162447e+01
2.550000000000000000e+02 1.912228158453507945e+02 8.817929863752985398e+01
2.550000000000000000e+02 1.855611364239582315e+02 8.510513580465362793e+01
2.549999845173847746e+02 1.852121859240909600e+02 8.470284548349995646e+01
2.550000000000000000e+02 1.893372025126072629e+02 8.736740024772184654e+01
2.550000000000000000e+02 1.910551822524993497e+02 8.903033265504733151e+01
2.550000000000000000e+02 1.956775966557551101e+02 9.180678802087940937e+01
2.550000000000000000e+02 1.966152348933911469e+02 9.273904052021586608e+01
2.550000000000000000e+02 1.973759046270901649e+02 9.308818234097142863e+01
2.550000000000000000e+02 1.977821275325134991e+02 9.351346434574891475e+01
2.550000000000000000e+02 1.980595914801380104e+02 9.386041427054763631e+01
2.550000000000000000e+02 1.982818842342740879e+02 9.384590484827036505e+01
2.550000000000000000e+02 1.985439429797398816e+02 9.405648832168451179e+01
2.550000000000000000e+02 1.990629202424135258e+02 9.436404162611695767e+01
2.549999922586923731e+02 1.995542311775634801e+02 9.462333672476333390e+01
2.550000000000000000e+02 1.997643811377510303e+02 9.453658541980004770e+01
2.550000000000000000e+02 2.004040885163230996e+02 9.465785963903388733e+01
2.550000000000000000e+02 2.006782082190568985e+02 9.479910974962399450e+01
2.550000000000000000e+02 2.013173305759532923e+02 9.508726554896929883e+01
2.550000000000000000e+02 2.015297133504379303e+02 9.479551667698841300e+01
2.550000000000000000e+02 2.021242656816774286e+02 9.523375652481641396e+01
2.550000000000000000e+02 2.024005241971158000e+02 9.531055471998584494e+01
2.550000000000000000e+02 2.028689816862779765e+02 9.537261125364946679e+01
2.550000000000000000e+02 2.028280788286295717e+02 9.534711359815977971e+01
2.550000000000000000e+02 1.983603799876138964e+02 9.279617358223480039e+01
2.550000000000000000e+02 1.929941752189684223e+02 9.002988918871096757e+01
2.550000000000000000e+02 1.876657203839688464e+02 8.726329846058568762e+01
2.549999944704945563e+02 1.873955222064938653e+02 8.681974365212775524e+01
2.550000000000000000e+02 1.915810382199416040e+02 8.946265814385562010e+01
2.550000000000000000e+02 1.923331615500309510e+02 9.010366716800849929e+01
2.550000000000000000e+02 1.927849332035742691e+02 9.043125055295054437e+01
2.550000000000000000e+02 1.938248794567813889e+02 9.123723016013447307e+01
2.550000000000000000e+02 1.945631270459170139e+02 9.181218702999203174e+01
2.549999845173847746e+02 1.944254091834026497e+02 9.174006679642572237e+01
2.550000000000000000e+02 1.943490898434044141e+02 9.164602649739006779e+01
2.550000000000000000e+02 1.944238808280987314e+02 9.175735424223657333e+01
2.549999955763956336e+02 1.947669036981332340e+02 9.191324758913562221e+01
2.550000000000000000e+02 1.953293351322657827e+02 9.211461780058391469e+01
2.550000000000000000e+02 1.957657115367601648e+02 9.241505020790940250e+01
2.550000000000000000e+02 1.963227749270105278e+02 9.266886446076263439e+01
2.550000000000000000e+02 1.969340894010439627e+02 9.294339887640450115e+01
2.550000000000000000e+02 1.974063998495974488e+02 9.307022582500221120e+01
2.549999955763956336e+02 1.979740544545695968e+02 9.346099155091567923e+01
2.550000000000000000e+02 1.982632232593117010e+02 9.362305029638149279e+01
2.550000000000000000e+02 1.985462255595859631e+02 9.376319671768557384e+01
2.550000000000000000e+02 1.993117490931610973e+02 9.400563346014332922e+01
2.550000000000000000e+02 1.998241009024152959e+02 9.450224387330797526e+01
2.549999933645934789e+02 1.979471467751924365e+02 9.343509024152879761e+01
2.550000000000000000e+02 1.932409404582854222e+02 9.091295673714942893e+01
2.550000000000000000e+02 1.909027160930726268e+02 8.963745244625320652e+01
2.550000000000000000e+02 1.908194262585154490e+02 8.960131602229496650e+01
2.550000000000000000e+02 1.916736994603202788e+02 9.010543218614526495e+01
2.550000000000000000e+02 1.922165321153676132e+02 9.046047177740422285e+01
2.550000000000000000e+02 1.930191564186499136e+02 9.109669335574626814e+01
2.550000000000000000e+02 1.937771399186056840e+02 9.153110567990799495e+01
2.550000000000000000e+02 1.941229474475802874e+02 9.159434884543927069e+01
2.549999856232858519e+02 1.943527470583030947e+02 9.170626161196142334e+01
2.550000000000000000e+02 1.946096346102804659e+02 9.187248518092542326e+01
2.550000000000000000e+02 1.950192990798902883e+02 9.221134986286826063e+01
2.550000000000000000e+02 1.957310636556666452e+02 9.262188467663452229e+01
2.550000000000000000e+02 1.966439053791029039e+02 9.308000862602848713e+01
2.550000000000000000e+02 1.975132531186410745e+02 9.345180040697159995e+01
2.550000000000000000e+02 1.985562859417853758e+02 9.400232681588958883e+01
2.550000000000000000e+02 1.996374469167477628e+02 9.451813124834114888e+01
2.550000000000000000e+02 2.005230934265239284e+02 9.507319516942405357e+01
2.550000000000000000e+02 2.014943466336370932e+02 9.544519596567282349e+01
2.550000000000000000e+02 2.023232781120056529e+02 9.586149805361408482e+01
2.550000000000000000e+02 2.024470019021498786e+02 9.582709125895779323e+01
2.550000000000000000e+02 2.026620266743342427e+02 9.574980867911173732e+01
2.550000000000000000e+02 2.029545220295496790e+02 9.565532712554188777e+01
2.549999944704945563e+02 1.987410422011855360e+02 9.321478589754931932e+01
2.550000000000000000e+02 1.927254711138635628e+02 9.005540785632132383e+01
2.550000000000000000e+02 1.911551689816862734e+02 8.931533884809343249e+01
2.550000000000000000e+02 1.906195280014155458e+02 8.897716535433070817e+01
2.550000000000000000e+02 1.910600139343537194e+02 8.926698553481377019e+01
2.550000000000000000e+02 1.923378937007873901e+02 9.052757785543660418e+01
2.550000000000000000e+02 1.933626349199327592e+02 9.130676037335220485e+01
2.550000000000000000e+02 1.940382995664867849e+02 9.158748783508802660e+01
2.550000000000000000e+02 1.947132741307617323e+02 9.199851256303635694e+01
2.550000000000000000e+02 1.947431102362204740e+02 9.206977572325931192e+01
2.549999679288684433e+02 1.945140626382376468e+02 9.174725294169689960e+01
2.550000000000000000e+02 1.944428282314429737e+02 9.170178824205963508e+01
2.550000000000000000e+02 1.947682506856586713e+02 9.185684221003273819e+01
2.549999988940989226e+02 1.952664801380164477e+02 9.217750376006370061e+01
2.550000000000000000e+02 1.960919468282756668e+02 9.261880695390604501e+01
2.550000000000000000e+02 1.967729551888879200e+02 9.288121848181899054e+01
2.550000000000000000e+02 1.973452811200566259e+02 9.309889962841722877e+01
2.550000000000000000e+02 1.980393203131911832e+02 9.340214213040785296e+01
2.550000000000000000e+02 1.986537368397770535e+02 9.384398500398124554e+01
2.550000000000000000e+02 1.992146233300893527e+02 9.416627112271078204e+01
2.550000000000000000e+02 1.999566929133858366e+02 9.459627974873927769e+01
2.550000000000000000e+02 2.009205255241971031e+02 9.510911041316464321e+01
2.550000000000000000e+02 2.017689850039812427e+02 9.533900844908431793e+01
2.550000000000000000e+02 2.004188976377952827e+02 9.453704326285057391e+01
2.549999966822967394e+02 1.946995156153233779e+02 9.160377112271078204e+01
2.550000000000000000e+02 1.914333584004246802e+02 9.009158188091656427e+01
2.550000000000000000e+02 1.907716966734495259e+02 8.942848690613111273e+01
2.549999977881978168e+02 1.907793063788374752e+02 8.927935282668317996e+01
2.549999811996815140e+02 1.916426789347960664e+02 9.012100327346722395e+01
2.550000000000000000e+02 1.921258548615411712e+02 9.067825466690258907e+01
2.549999988940989226e+02 1.932665188445545539e+02 9.134488078386269194e+01
2.550000000000000000e+02 1.941687903653897251e+02 9.186641931345660339e+01
2.550000000000000000e+02 1.945899163938777292e+02 9.199894275855967862e+01
2.550000000000000000e+02 1.946322779350614951e+02 9.192020591878262792e+01
2.549999955763956336e+02 1.946568444218349043e+02 9.196295341944616553e+01
2.550000000000000000e+02 1.949169147571441272e+02 9.217324272317084422e+01
2.550000000000000000e+02 1.954664878793240632e+02 9.235924201539414469e+01
2.550000000000000000e+02 1.962415210563567314e+02 9.284048372113598191e+01
2.550000000000000000e+02 1.969779737680261746e+02 9.322297288330531728e+01
2.550000000000000000e+02 1.980962543130142421e+02 9.387518468548172734e+01
2.550000000000000000e+02 1.990693256215164126e+02 9.446109550561797619e+01
2.550000000000000000e+02 1.997034692117136956e+02 9.472486397416615489e+01
2.550000000000000000e+02 2.008440502521454505e+02 9.516911881801291884e+01
2.550000000000000000e+02 2.018435968326992906e+02 9.588049411660621502e+01
2.550000000000000000e+02 2.023459579315226051e+02 9.597944240467133170e+01
2.550000000000000000e+02 2.030062527647527304e+02 9.614199106431921393e+01
2.550000000000000000e+02 2.023017240997965018e+02 9.554768092541803526e+01
2.550000000000000000e+02 1.966986950367159181e+02 9.263937007874015706e+01
2.550000000000000000e+02 1.924457666106343368e+02 9.029823498186321729e+01
