2.550000000000000000e+02 0.000000000000000000e+00 2.211642153274146381e+02
2.550000000000000000e+02 0.000000000000000000e+00 2.212193704605855658e+02
2.550000000000000000e+02 0.000000000000000000e+00 2.233017820459920131e+02
2.550000000000000000e+02 0.000000000000000000e+00 2.237448887912790099e+02
2.550000000000000000e+02 0.000000000000000000e+00 2.245295347557756145e+02
2.550000000000000000e+02 0.000000000000000000e+00 2.247683173829901477e+02
2.550000000000000000e+02 0.000000000000000000e+00 2.247293699281679835e+02
2.550000000000000000e+02 0.000000000000000000e+00 2.246074895623971202e+02
2.550000000000000000e+02 0.000000000000000000e+00 2.244511484690776228e+02
2.550000000000000000e+02 0.000000000000000000e+00 2.244993677541295654e+02
2.550000000000000000e+02 0.000000000000000000e+00 2.245494283166287346e+02
2.550000000000000000e+02 0.000000000000000000e+00 2.245720560635706704e+02
2.550000000000000000e+02 0.000000000000000000e+00 2.246131831028408783e+02
2.550000000000000000e+02 0.000000000000000000e+00 2.244122631296392569e+02
2.550000000000000000e+02 0.000000000000000000e+00 2.236179116364297954e+02
2.549998558035734106e+02 9.982829533202891320e-05 2.231448464197136445e+02
2.549999057177210773e+02 5.213255422894842869e-05 2.229689389805090798e+02
2.550000000000000000e+02 0.000000000000000000e+00 2.231521172472236572e+02
2.550000000000000000e+02 0.000000000000000000e+00 2.233121930279918672e+02
2.549998746600292066e+02 8.762705923589204980e-05 2.233787796101815957e+02
2.550000000000000000e+02 0.000000000000000000e+00 2.234698119234915907e+02
2.550000000000000000e+02 0.000000000000000000e+00 2.233700734736253537e+02
2.550000000000000000e+02 0.000000000000000000e+00 2.231449717596844664e+02
2.550000000000000000e+02 0.000000000000000000e+00 2.229761909515633249e+02
2.549999223557703090e+02 3.549450500694361434e-05 2.229903000173035821e+02
2.549999523042588976e+02 1.552884594053783170e-05 2.230679697586817269e+02
2.550000000000000000e+02 0.000000000000000000e+00 2.231923635790884077e+02
2.550000000000000000e+02 0.000000000000000000e+00 2.231099863789837059e+02
2.550000000000000000e+02 0.000000000000000000e+00 2.230944841539219112e+02
2.550000000000000000e+02 0.000000000000000000e+00 2.230833743738547525e+02
2.550000000000000000e+02 0.000000000000000000e+00 2.228891018559189376e+02
2.550000000000000000e+02 0.000000000000000000e+00 2.226999283454680096e+02
2.550000000000000000e+02 0.000000000000000000e+00 2.223555007609134577e+02
2.550000000000000000e+02 0.000000000000000000e+00 2.217573418165200394e+02
2.550000000000000000e+02 0.000000000000000000e+00 2.215043880081814791e+02
2.550000000000000000e+02 0.000000000000000000e+00 2.217676684990704814e+02
2.549999046085177952e+02 4.436813125867951623e-05 2.221202176700519431e+02
2.550000000000000000e+02 0.000000000000000000e+00 2.223613706646789865e+02
2.550000000000000000e+02 0.000000000000000000e+00 2.223895477556380911e+02
2.550000000000000000e+02 0.000000000000000000e+00 2.225442727397764600e+02
2.550000000000000000e+02 0.000000000000000000e+00 2.225799935222528347e+02
2.550000000000000000e+02 0.000000000000000000e+00 2.222946210296068443e+02
2.550000000000000000e+02 0.000000000000000000e+00 2.221915494238798203e+02
2.550000000000000000e+02 0.000000000000000000e+00 2.218648180684777742e+02
2.550000000000000000e+02 0.000000000000000000e+00 2.215505131174380153e+02
2.550000000000000000e+02 0.000000000000000000e+00 2.214970561744909787e+02
2.550000000000000000e+02 0.000000000000000000e+00 2.216073043254491211e+02
2.549998624587931033e+02 9.760988876909493434e-05 2.220065975411181682e+02
2.550000000000000000e+02 0.000000000000000000e+00 2.223248201981480747e+02
2.550000000000000000e+02 0.000000000000000000e+00 2.226678734798369135e+02
2.550000000000000000e+02 0.000000000000000000e+00 2.226514395240186843e+02
2.549999423214293586e+02 2.662087875520770906e-05 2.221492932156690472e+02
2.550000000000000000e+02 0.000000000000000000e+00 2.214086016496071068e+02
2.550000000000000000e+02 0.000000000000000000e+00 2.210728802016087968e+02
2.550000000000000000e+02 0.000000000000000000e+00 2.211236550910212202e+02
2.550000000000000000e+02 0.000000000000000000e+00 2.214080193178843388e+02
2.550000000000000000e+02 0.000000000000000000e+00 2.217031894031155161e+02
2.550000000000000000e+02 0.000000000000000000e+00 2.219839265352482585e+02
2.550000000000000000e+02 0.000000000000000000e+00 2.221415709424234706e+02
2.550000000000000000e+02 0.000000000000000000e+00 2.223104482512300990e+02
2.550000000000000000e+02 0.000000000000000000e+00 2.225913195969598917e+02
2.550000000000000000e+02 0.000000000000000000e+00 2.226364808085648122e+02
2.550000000000000000e+02 0.000000000000000000e+00 2.227844806932076835e+02
2.550000000000000000e+02 0.000000000000000000e+00 2.229943486092809337e+02
2.550000000000000000e+02 0.000000000000000000e+00 2.229893671773438655e+02
2.550000000000000000e+02 0.000000000000000000e+00 2.231618050286840003e+02
2.550000000000000000e+02 0.000000000000000000e+00 2.234357449631079078e+02
2.550000000000000000e+02 0.000000000000000000e+00 2.236224394042247354e+02
2.550000000000000000e+02 0.000000000000000000e+00 2.238288310772138630e+02
2.550000000000000000e+02 0.000000000000000000e+00 2.237720531796421142e+02
2.550000000000000000e+02 0.000000000000000000e+00 2.235374666684413967e+02
2.550000000000000000e+02 0.000000000000000000e+00 2.233150614276777333e+02
2.550000000000000000e+02 0.000000000000000000e+00 2.233393418875090504e+02
2.550000000000000000e+02 0.000000000000000000e+00 2.236490680474029205e+02
2.550000000000000000e+02 0.000000000000000000e+00 2.237587205561988810e+02
2.550000000000000000e+02 0.000000000000000000e+00 2.237264582695541435e+02
2.550000000000000000e+02 0.000000000000000000e+00 2.238006606414744510e+02
2.549999600686818724e+02 2.218406562933975811e-05 2.239641372395036001e+02
2.550000000000000000e+02 0.000000000000000000e+00 2.240673474956408313e+02
2.550000000000000000e+02 0.000000000000000000e+00 2.241938964980234061e+02
2.550000000000000000e+02 0.000000000000000000e+00 2.241947916250715309e+02
2.550000000000000000e+02 0.000000000000000000e+00 2.242596045912142131e+02
2.550000000000000000e+02 0.000000000000000000e+00 2.241240244557139363e+02
2.550000000000000000e+02 0.000000000000000000e+00 2.242263218375505289e+02
2.549999334478031017e+02 3.327609844400963548e-05 2.241202864406554056e+02
2.550000000000000000e+02 0.000000000000000000e+00 2.241170054173488211e+02
2.550000000000000000e+02 0.000000000000000000e+00 2.240800811493120648e+02
2.550000000000000000e+02 0.000000000000000000e+00 2.240235860985771126e+02
2.550000000000000000e+02 0.000000000000000000e+00 2.235993491195144429e+02
2.550000000000000000e+02 0.000000000000000000e+00 2.231546440122988599e+02
2.550000000000000000e+02 0.000000000000000000e+00 2.229154043933323521e+02
2.550000000000000000e+02 0.000000000000000000e+00 2.228617267189323172e+02
2.550000000000000000e+02 0.000000000000000000e+00 2.228348318669665957e+02
2.550000000000000000e+02 0.000000000000000000e+00 2.227991698722641445e+02
2.550000000000000000e+02 0.000000000000000000e+00 2.227314763051994930e+02
2.550000000000000000e+02 0.000000000000000000e+00 2.227530880219356106e+02
2.550000000000000000e+02 0.000000000000000000e+00 2.225509224134488591e+02
2.550000000000000000e+02 0.000000000000000000e+00 2.221767049563639489e+02
2.549998225274749757e+02 1.508516462795103457e-04 2.217608058583680588e+02
2.549998125446454367e+02 1.541792561239113072e-04 2.216050936833091498e+02
2.550000000000000000e+02 0.000000000000000000e+00 2.213416534671476086e+02
2.550000000000000000e+02 0.000000000000000000e+00 2.213263697551322764e+02
2.550000000000000000e+02 0.000000000000000000e+00 2.214233584900637481e+02
2.550000000000000000e+02 0.000000000000000000e+00 2.213399841162089956e+02
2.550000000000000000e+02 0.000000000000000000e+00 2.211337599329153818e+02
2.549999279017866911e+02 7.542582313975517284e-05 2.211016917568449003e+02
2.550000000000000000e+02 0.000000000000000000e+00 2.210730232888321041e+02
2.550000000000000000e+02 0.000000000000000000e+00 2.209322321163155038e+02
2.550000000000000000e+02 0.000000000000000000e+00 2.206181922648599993e+02
2.550000000000000000e+02 0.000000000000000000e+00 2.205567579319126708e+02
2.549998668956062318e+02 1.020467018949628921e-04 2.209855226787702804e+02
2.550000000000000000e+02 0.000000000000000000e+00 2.214651122291880085e+02
2.550000000000000000e+02 0.000000000000000000e+00 2.217467566896049789e+02
2.549999500858523334e+02 2.107486234787276868e-05 2.216020522479113595e+02
2.550000000000000000e+02 0.000000000000000000e+00 2.214768797668010905e+02
2.550000000000000000e+02 0.000000000000000000e+00 2.212832106554504037e+02
2.549998214182716936e+02 1.319951904945715457e-04 2.213145700506240416e+02
2.550000000000000000e+02 0.000000000000000000e+00 2.212956792095373828e+02
2.549999833619507683e+02 0.000000000000000000e+00 2.211158540643426704e+02
2.550000000000000000e+02 0.000000000000000000e+00 2.211131165506440084e+02
2.549998802060455887e+02 5.546016407334939698e-05 2.212250961679245052e+02
2.550000000000000000e+02 0.000000000000000000e+00 2.210887251704845369e+02
2.550000000000000000e+02 0.000000000000000000e+00 2.213063985500494653e+02
2.550000000000000000e+02 0.000000000000000000e+00 2.214238753787929284e+02
2.550000000000000000e+02 0.000000000000000000e+00 2.216863295132372400e+02
2.550000000000000000e+02 0.000000000000000000e+00 2.217404874726581454e+02
2.550000000000000000e+02 0.000000000000000000e+00 2.216286453965845453e+02
2.550000000000000000e+02 0.000000000000000000e+00 2.212179872840935673e+02
2.550000000000000000e+02 0.000000000000000000e+00 2.207476551442629784e+02
2.550000000000000000e+02 0.000000000000000000e+00 2.206814578924250156e+02
2.550000000000000000e+02 0.000000000000000000e+00 2.211674253617111958e+02
2.550000000000000000e+02 0.000000000000000000e+00 2.216315703656377707e+02
2.550000000000000000e+02 0.000000000000000000e+00 2.218675322889075119e+02
2.550000000000000000e+02 0.000000000000000000e+00 2.220865710977119249e+02
2.550000000000000000e+02 0.000000000000000000e+00 2.221614689400897191e+02
2.550000000000000000e+02 0.000000000000000000e+00 2.223169082511413706e+02
2.550000000000000000e+02 0.000000000000000000e+00 2.223657719832998225e+02
2.550000000000000000e+02 0.000000000000000000e+00 2.226009896311677210e+02
2.550000000000000000e+02 0.000000000000000000e+00 2.228147552875720407e+02
2.550000000000000000e+02 0.000000000000000000e+00 2.228309696211405253e+02
2.550000000000000000e+02 0.000000000000000000e+00 2.228694356817385085e+02
2.550000000000000000e+02 0.000000000000000000e+00 2.228002724203259390e+02
2.550000000000000000e+02 0.000000000000000000e+00 2.229805467928496228e+02
2.550000000000000000e+02 0.000000000000000000e+00 2.231170852799851048e+02
2.550000000000000000e+02 0.000000000000000000e+00 2.233353154795973126e+02
2.550000000000000000e+02 0.000000000000000000e+00 2.235091842031705482e+02
2.550000000000000000e+02 0.000000000000000000e+00 2.236544798502131925e+02
2.549999944539835894e+02 0.000000000000000000e+00 2.233352766574824670e+02
2.549999966723901537e+02 1.109203281466987948e-06 2.226466943523805639e+02
2.550000000000000000e+02 0.000000000000000000e+00 2.221537865981622701e+02
2.550000000000000000e+02 0.000000000000000000e+00 2.221880421231038270e+02
2.550000000000000000e+02 0.000000000000000000e+00 2.223971702005883344e+02
2.550000000000000000e+02 0.000000000000000000e+00 2.224037932533819628e+02
2.550000000000000000e+02 0.000000000000000000e+00 2.225200810162076834e+02
2.550000000000000000e+02 0.000000000000000000e+00 2.226622498191998716e+02
2.550000000000000000e+02 0.000000000000000000e+00 2.227467045570507480e+02
2.550000000000000000e+02 0.000000000000000000e+00 2.228004809505428341e+02
2.550000000000000000e+02 0.000000000000000000e+00 2.227158720334358293e+02
2.550000000000000000e+02 0.000000000000000000e+00 2.227070006255906378e+02
2.550000000000000000e+02 0.000000000000000000e+00 2.227718013904972452e+02
2.549999023901112309e+02 6.766140016948626716e-05 2.228496785528890314e+02
2.549998779876390245e+02 8.097183954709011322e-05 2.230425667851295657e+02
2.550000000000000000e+02 0.000000000000000000e+00 2.232045503955419008e+02
2.550000000000000000e+02 0.000000000000000000e+00 2.234440883901910979e+02
2.549998225274749757e+02 1.286675806501705842e-04 2.240048228158678114e+02
2.550000000000000000e+02 0.000000000000000000e+00 2.248600662416199611e+02
2.550000000000000000e+02 0.000000000000000000e+00 2.253744692462298076e+02
2.550000000000000000e+02 0.000000000000000000e+00 2.250333947831951207e+02
2.549999822527474862e+02 0.000000000000000000e+00 2.243962151765629756e+02
2.549999966723901537e+02 5.546016407334939528e-06 2.238695565848962019e+02
2.550000000000000000e+02 0.000000000000000000e+00 2.234633996193214216e+02
2.550000000000000000e+02 0.000000000000000000e+00 2.231816597674222464e+02
2.550000000000000000e+02 0.000000000000000000e+00 2.229077897128050836e+02
2.550000000000000000e+02 0.000000000000000000e+00 2.229160887717570176e+02
2.550000000000000000e+02 0.000000000000000000e+00 2.228403812109837645e+02
2.550000000000000000e+02 0.000000000000000000e+00 2.228027947485879849e+02
2.550000000000000000e+02 0.000000000000000000e+00 2.229365391526574172e+02
2.550000000000000000e+02 0.000000000000000000e+00 2.231341459356573296e+02
2.550000000000000000e+02 0.000000000000000000e+00 2.232903151024682131e+02
2.550000000000000000e+02 0.000000000000000000e+00 2.234322964501058095e+02
2.550000000000000000e+02 0.000000000000000000e+00 2.237803067612595100e+02
2.550000000000000000e+02 0.000000000000000000e+00 2.241063359909844053e+02
2.550000000000000000e+02 0.000000000000000000e+00 2.242988504217190950e+02
2.550000000000000000e+02 0.000000000000000000e+00 2.243882621890348616e+02
2.550000000000000000e+02 0.000000000000000000e+00 2.244249790360579766e+02
2.550000000000000000e+02 0.000000000000000000e+00 2.247031283969350568e+02
2.550000000000000000e+02 0.000000000000000000e+00 2.244354000008873697e+02
2.550000000000000000e+02 0.000000000000000000e+00 2.241212237174282507e+02
2.549999689423081293e+02 0.000000000000000000e+00 2.240567268742207716e+02
2.550000000000000000e+02 0.000000000000000000e+00 2.241107694765004226e+02
2.550000000000000000e+02 0.000000000000000000e+00 2.242873502020968317e+02
2.549999944539835894e+02 1.441964265907084227e-05 2.244162939743640948e+02
2.550000000000000000e+02 0.000000000000000000e+00 2.243076408577247207e+02
2.550000000000000000e+02 0.000000000000000000e+00 2.242631939730330544e+02
2.550000000000000000e+02 0.000000000000000000e+00 2.241870970819080071e+02
2.550000000000000000e+02 0.000000000000000000e+00 2.242740186878568807e+02
2.550000000000000000e+02 0.000000000000000000e+00 2.242976070048405575e+02
2.549998558035734106e+02 1.175755478355007170e-04 2.243891994658077067e+02
2.550000000000000000e+02 0.000000000000000000e+00 2.244468547431750665e+02
2.550000000000000000e+02 0.000000000000000000e+00 2.245163807140607162e+02
2.549998635679963854e+02 1.164663445540337343e-04 2.246940218379941996e+02
2.549999467582424870e+02 2.440247219227373359e-05 2.248524149573844113e+02
2.550000000000000000e+02 0.000000000000000000e+00 2.249679185134901331e+02
2.550000000000000000e+02 0.000000000000000000e+00 2.251014632609688988e+02
2.550000000000000000e+02 0.000000000000000000e+00 2.250538706757710088e+02
2.550000000000000000e+02 0.000000000000000000e+00 2.245591216441054598e+02
2.550000000000000000e+02 0.000000000000000000e+00 2.240716889172844901e+02
2.550000000000000000e+02 0.000000000000000000e+00 2.239469689911130672e+02
2.550000000000000000e+02 0.000000000000000000e+00 2.241625537408989999e+02
2.550000000000000000e+02 0.000000000000000000e+00 2.243515131751165654e+02
2.550000000000000000e+02 0.000000000000000000e+00 2.244423280845834086e+02
2.550000000000000000e+02 0.000000000000000000e+00 2.244416048840438975e+02
2.550000000000000000e+02 0.000000000000000000e+00 2.243925525873275717e+02
2.550000000000000000e+02 0.000000000000000000e+00 2.243320533127465239e+02
2.549999711607146935e+02 4.436813125867951792e-06 2.242852382790489116e+02
2.550000000000000000e+02 0.000000000000000000e+00 2.242062663330183057e+02
2.550000000000000000e+02 0.000000000000000000e+00 2.242436997253612674e+02
2.550000000000000000e+02 0.000000000000000000e+00 2.242787272557867198e+02
2.550000000000000000e+02 0.000000000000000000e+00 2.243190146281728801e+02
2.550000000000000000e+02 0.000000000000000000e+00 2.243271528526489931e+02
2.549999733791212577e+02 1.331043937760385453e-05 2.244121000767568717e+02
2.550000000000000000e+02 0.000000000000000000e+00 2.245546471180680328e+02
2.550000000000000000e+02 0.000000000000000000e+00 2.248343549095555716e+02
2.550000000000000000e+02 0.000000000000000000e+00 2.248034924374520358e+02
2.550000000000000000e+02 0.000000000000000000e+00 2.242087808968574052e+02
2.550000000000000000e+02 0.000000000000000000e+00 2.240159192854956132e+02
2.550000000000000000e+02 0.000000000000000000e+00 2.241709925594643948e+02
2.550000000000000000e+02 0.000000000000000000e+00 2.243783547853248024e+02
2.549999279017866911e+02 3.438530172547662491e-05 2.244737972908819188e+02
2.550000000000000000e+02 0.000000000000000000e+00 2.244752725312462474e+02
2.550000000000000000e+02 0.000000000000000000e+00 2.245006178262277672e+02
2.550000000000000000e+02 0.000000000000000000e+00 2.245209317751245521e+02
2.550000000000000000e+02 0.000000000000000000e+00 2.244647927786429591e+02
2.550000000000000000e+02 0.000000000000000000e+00 2.244573455878111758e+02
2.550000000000000000e+02 0.000000000000000000e+00 2.243811721616597197e+02
2.550000000000000000e+02 0.000000000000000000e+00 2.244633175382786021e+02
2.550000000000000000e+02 0.000000000000000000e+00 2.246459844622804383e+02
2.550000000000000000e+02 0.000000000000000000e+00 2.247276462262686039e+02
2.550000000000000000e+02 0.000000000000000000e+00 2.247659292683251522e+02
2.549999556318687439e+02 4.436813125867951792e-06 2.248615936145385490e+02
2.550000000000000000e+02 0.000000000000000000e+00 2.251024482334828463e+02
2.550000000000000000e+02 0.000000000000000000e+00 2.250741568945857694e+02
2.550000000000000000e+02 0.000000000000000000e+00 2.247706533651009124e+02
2.550000000000000000e+02 0.000000000000000000e+00 2.244241349323607722e+02
2.550000000000000000e+02 0.000000000000000000e+00 2.243054013762994430e+02
2.550000000000000000e+02 0.000000000000000000e+00 2.244242602723315940e+02
2.550000000000000000e+02 0.000000000000000000e+00 2.244281269549707929e+02
2.550000000000000000e+02 0.000000000000000000e+00 2.244674981254464683e+02
2.550000000000000000e+02 0.000000000000000000e+00 2.245676203596480605e+02
2.550000000000000000e+02 0.000000000000000000e+00 2.246872545887739818e+02
2.549998713324193602e+02 6.544299360655228830e-05 2.247132709517407818e+02
2.550000000000000000e+02 0.000000000000000000e+00 2.244971571119895941e+02
2.549999401030227943e+02 1.996565906640578264e-05 2.243949861793271054e+02
2.550000000000000000e+02 0.000000000000000000e+00 2.244341543656022679e+02
2.550000000000000000e+02 0.000000000000000000e+00 2.244956962912679046e+02
2.550000000000000000e+02 0.000000000000000000e+00 2.246318720689303348e+02
2.550000000000000000e+02 0.000000000000000000e+00 2.247148970437514208e+02
2.549999500858523334e+02 3.105769188107566339e-05 2.248093689964372288e+02
2.549998269642881041e+02 1.730357119088501072e-04 2.248402070660685865e+02
2.549999988907967179e+02 0.000000000000000000e+00 2.249849858243820506e+02
2.549997981250027692e+02 1.486332397165763804e-04 2.248046371352384938e+02
2.549999977815934358e+02 1.109203281466987948e-06 2.243400085186812021e+02
2.550000000000000000e+02 0.000000000000000000e+00 2.238855601698411988e+02
2.550000000000000000e+02 0.000000000000000000e+00 2.237895464245941355e+02
2.550000000000000000e+02 0.000000000000000000e+00 2.238547232094131516e+02
2.550000000000000000e+02 0.000000000000000000e+00 2.240788743361418369e+02
2.549998702232160781e+02 1.075927183022978189e-04 2.240216882517625265e+02
2.550000000000000000e+02 0.000000000000000000e+00 2.241206014543873550e+02
2.550000000000000000e+02 0.000000000000000000e+00 2.240861873133765414e+02
2.550000000000000000e+02 0.000000000000000000e+00 2.240420399135708749e+02
2.550000000000000000e+02 0.000000000000000000e+00 2.239674925794300577e+02
2.550000000000000000e+02 0.000000000000000000e+00 2.240349099548776053e+02
2.549999534134621797e+02 2.329326891080674416e-05 2.240207066068584254e+02
2.550000000000000000e+02 0.000000000000000000e+00 2.240536854388230097e+02
2.549999744883245398e+02 5.546016407334939528e-06 2.240950132438871947e+02
2.550000000000000000e+02 0.000000000000000000e+00 2.242112344545160170e+02
2.550000000000000000e+02 0.000000000000000000e+00 2.243522862898037715e+02
2.550000000000000000e+02 0.000000000000000000e+00 2.243114387697604570e+02
2.549999711607146935e+02 2.218406562933975896e-06 2.244377892247556474e+02
2.550000000000000000e+02 0.000000000000000000e+00 2.241965807699645552e+02
2.549999689423081293e+02 0.000000000000000000e+00 2.236935970131374063e+02
2.550000000000000000e+02 0.000000000000000000e+00 2.234167942250440433e+02
2.550000000000000000e+02 0.000000000000000000e+00 2.232741662118933164e+02
2.550000000000000000e+02 0.000000000000000000e+00 2.234196504234938061e+02
2.550000000000000000e+02 0.000000000000000000e+00 2.234061525287616519e+02
2.549999201373637447e+02 9.206387236175999397e-05 2.230726006823818466e+02
2.550000000000000000e+02 0.000000000000000000e+00 2.228244985291964610e+02
2.550000000000000000e+02 0.000000000000000000e+00 2.227997932445083222e+02
2.550000000000000000e+02 0.000000000000000000e+00 2.226099042979408864e+02
2.549999511950556155e+02 1.663804922200481774e-05 2.225416472556092344e+02
2.550000000000000000e+02 0.000000000000000000e+00 2.225860797206582333e+02
2.549998480391504359e+02 1.186847511169676996e-04 2.227846515105130152e+02
2.550000000000000000e+02 0.000000000000000000e+00 2.229276755092352289e+02
2.550000000000000000e+02 0.000000000000000000e+00 2.230275947592363366e+02
2.550000000000000000e+02 0.000000000000000000e+00 2.230577850541513101e+02
2.549999500858523334e+02 2.218406562933975811e-05 2.233238418808538199e+02
2.550000000000000000e+02 0.000000000000000000e+00 2.235420942645316700e+02
2.550000000000000000e+02 0.000000000000000000e+00 2.236589776695195440e+02
2.550000000000000000e+02 0.000000000000000000e+00 2.232769347832838491e+02
2.550000000000000000e+02 0.000000000000000000e+00 2.225372836498999618e+02
2.550000000000000000e+02 0.000000000000000000e+00 2.222624940657624393e+02
2.550000000000000000e+02 1.109203281466987948e-06 2.221053133055588944e+02
2.550000000000000000e+02 0.000000000000000000e+00 2.222021822465359548e+02
2.550000000000000000e+02 0.000000000000000000e+00 2.223863099912594805e+02
2.550000000000000000e+02 0.000000000000000000e+00 2.226281362722783399e+02
2.549999301201932553e+02 3.993131813281156528e-05 2.227308462777356226e+02
2.550000000000000000e+02 0.000000000000000000e+00 2.229343662234290377e+02
2.549999600686818724e+02 1.220123609613686679e-05 2.230183251474131225e+02
2.550000000000000000e+02 0.000000000000000000e+00 2.230234707414358297e+02
2.550000000000000000e+02 0.000000000000000000e+00 2.230023004876057655e+02
2.550000000000000000e+02 0.000000000000000000e+00 2.230435883613517944e+02
2.550000000000000000e+02 0.000000000000000000e+00 2.230059586400280409e+02
2.549999423214293586e+02 2.662087875520770906e-05 2.231527361826547349e+02
2.550000000000000000e+02 0.000000000000000000e+00 2.233760820278010613e+02
2.550000000000000000e+02 0.000000000000000000e+00 2.235282536259855135e+02
2.550000000000000000e+02 0.000000000000000000e+00 2.237256818272571195e+02
2.549999933447803073e+02 1.996565906640578264e-05 2.236961992040357359e+02
2.550000000000000000e+02 0.000000000000000000e+00 2.232264383038950655e+02
2.550000000000000000e+02 0.000000000000000000e+00 2.226840101691756786e+02
2.550000000000000000e+02 0.000000000000000000e+00 2.226000734292572361e+02
2.549998103262388724e+02 1.430872233092414264e-04 2.228810634597381295e+02
2.550000000000000000e+02 0.000000000000000000e+00 2.228573198542950706e+02
2.550000000000000000e+02 2.218406562933975896e-06 2.227529050033941758e+02
2.550000000000000000e+02 0.000000000000000000e+00 2.228404067226592531e+02
2.549999378846162301e+02 1.885645578493879321e-05 2.228316528903619087e+02
2.550000000000000000e+02 0.000000000000000000e+00 2.226002375913429034e+02
2.550000000000000000e+02 0.000000000000000000e+00 2.224023867836210684e+02
2.550000000000000000e+02 0.000000000000000000e+00 2.223563781407090971e+02
2.549997071703336928e+02 2.085302169157937147e-04 2.224440894993943800e+02
2.550000000000000000e+02 0.000000000000000000e+00 2.222961661497779460e+02
2.549999500858523334e+02 1.996565906640578264e-05 2.221430705852600056e+02
2.550000000000000000e+02 0.000000000000000000e+00 2.219632288020160900e+02
2.550000000000000000e+02 0.000000000000000000e+00 2.218400484499993297e+02
2.549999267925834090e+02 2.440247219227373359e-05 2.218855302213526102e+02
2.549999755975277935e+02 1.331043937760385453e-05 2.218688001082582275e+02
2.550000000000000000e+02 0.000000000000000000e+00 2.219070598570458799e+02
2.550000000000000000e+02 0.000000000000000000e+00 2.216252002111922934e+02
2.550000000000000000e+02 0.000000000000000000e+00 2.211393835935524237e+02
2.550000000000000000e+02 0.000000000000000000e+00 2.208908732535594197e+02
2.550000000000000000e+02 0.000000000000000000e+00 2.209115055437980004e+02
2.550000000000000000e+02 0.000000000000000000e+00 2.210137263906081557e+02
2.550000000000000000e+02 0.000000000000000000e+00 2.209950773558368553e+02
2.550000000000000000e+02 0.000000000000000000e+00 2.209582873013971493e+02
2.550000000000000000e+02 0.000000000000000000e+00 2.211761925044478971e+02
2.550000000000000000e+02 0.000000000000000000e+00 2.211751154680615912e+02
2.550000000000000000e+02 0.000000000000000000e+00 2.210871567570445393e+02
2.550000000000000000e+02 0.000000000000000000e+00 2.212127862299067829e+02
2.550000000000000000e+02 0.000000000000000000e+00 2.211964465563675049e+02
2.550000000000000000e+02 0.000000000000000000e+00 2.212429210646576792e+02
2.550000000000000000e+02 0.000000000000000000e+00 2.214462313709308887e+02
2.550000000000000000e+02 0.000000000000000000e+00 2.216246833224631416e+02
2.550000000000000000e+02 0.000000000000000000e+00 2.217465259753224416e+02
2.550000000000000000e+02 0.000000000000000000e+00 2.218345434741134170e+02
2.549999933447803073e+02 1.109203281466987948e-06 2.218986997919134581e+02
2.550000000000000000e+02 0.000000000000000000e+00 2.220543731448575215e+02
2.549999955631868715e+02 1.552884594053783170e-05 2.217690627675953010e+02
2.550000000000000000e+02 0.000000000000000000e+00 2.211130311419913426e+02
2.550000000000000000e+02 0.000000000000000000e+00 2.206237438272837323e+02
2.550000000000000000e+02 0.000000000000000000e+00 2.205268471562246191e+02
2.550000000000000000e+02 0.000000000000000000e+00 2.204499194718417527e+02
2.549999234649735911e+02 4.325892797721252680e-05 2.204426863572433319e+02
2.550000000000000000e+02 0.000000000000000000e+00 2.203955307981383100e+02
2.550000000000000000e+02 0.000000000000000000e+00 2.204374342797055704e+02
2.550000000000000000e+02 0.000000000000000000e+00 2.205931697480333753e+02
2.550000000000000000e+02 0.000000000000000000e+00 2.206520296201644271e+02
2.550000000000000000e+02 0.000000000000000000e+00 2.207545466242507359e+02
2.549999445398359228e+02 1.109203281466987906e-05 2.208852884150372518e+02
2.550000000000000000e+02 0.000000000000000000e+00 2.210613810911898156e+02
2.550000000000000000e+02 0.000000000000000000e+00 2.211855120304187778e+02
2.550000000000000000e+02 0.000000000000000000e+00 2.212238937915674057e+02
2.550000000000000000e+02 0.000000000000000000e+00 2.212873746045690382e+02
2.550000000000000000e+02 0.000000000000000000e+00 2.211965119993610926e+02
2.549999356662096659e+02 1.996565906640578264e-05 2.211511222918801991e+02
2.550000000000000000e+02 0.000000000000000000e+00 2.209863556904346638e+02
2.549999933447803073e+02 2.218406562933975896e-06 2.206681796199425776e+02
2.550000000000000000e+02 0.000000000000000000e+00 2.202051892966320281e+02
2.550000000000000000e+02 0.000000000000000000e+00 2.196107661488905762e+02
2.550000000000000000e+02 0.000000000000000000e+00 2.196356023195658906e+02
2.550000000000000000e+02 1.109203281466987948e-06 2.197574338803923979e+02
2.550000000000000000e+02 0.000000000000000000e+00 2.196798828237653538e+02
2.550000000000000000e+02 0.000000000000000000e+00 2.198271517434457110e+02
2.550000000000000000e+02 0.000000000000000000e+00 2.204048248124337306e+02
2.550000000000000000e+02 0.000000000000000000e+00 2.219672108417965433e+02
2.550000000000000000e+02 1.220123609613686679e-05 2.232531590109456090e+02
2.550000000000000000e+02 0.000000000000000000e+00 2.240397438627782378e+02
2.549999689423081293e+02 0.000000000000000000e+00 2.240743643155993823e+02
2.549998347287110505e+02 1.098111248652317977e-04 2.238064784126857489e+02
2.550000000000000000e+02 0.000000000000000000e+00 2.235130608686392861e+02
2.550000000000000000e+02 0.000000000000000000e+00 2.234096653755540558e+02
2.550000000000000000e+02 0.000000000000000000e+00 2.234004356950489694e+02
2.550000000000000000e+02 0.000000000000000000e+00 2.233970859011389223e+02
2.550000000000000000e+02 0.000000000000000000e+00 2.234775752372585771e+02
2.550000000000000000e+02 0.000000000000000000e+00 2.237029287403443902e+02
2.550000000000000000e+02 0.000000000000000000e+00 2.237991388145722738e+02
2.550000000000000000e+02 7.764422970268915848e-06 2.235519983406318829e+02
2.549999500858523334e+02 2.994848859960867396e-05 2.232251971054231205e+02
2.550000000000000000e+02 0.000000000000000000e+00 2.230714936975069520e+02
2.550000000000000000e+02 0.000000000000000000e+00 2.230393889177281608e+02
2.550000000000000000e+02 0.000000000000000000e+00 2.227434967411607545e+02
2.550000000000000000e+02 0.000000000000000000e+00 2.225067628124071177e+02
2.550000000000000000e+02 0.000000000000000000e+00 2.225336765208286067e+02
2.550000000000000000e+02 0.000000000000000000e+00 2.229886373215846618e+02
2.550000000000000000e+02 0.000000000000000000e+00 2.234623347841712189e+02
2.549998391655241790e+02 1.985473873825908302e-04 2.238057485569265168e+02
2.550000000000000000e+02 0.000000000000000000e+00 2.238719946137088641e+02
2.549997803777502554e+02 1.796909315976520302e-04 2.238519901325276180e+02
2.550000000000000000e+02 0.000000000000000000e+00 2.236913209280038473e+02
2.550000000000000000e+02 0.000000000000000000e+00 2.237110192690794008e+02
2.550000000000000000e+02 0.000000000000000000e+00 2.236680853376636549e+02
2.550000000000000000e+02 0.000000000000000000e+00 2.238108043054834582e+02
2.550000000000000000e+02 0.000000000000000000e+00 2.238454136662717815e+02
2.549999190281604626e+02 5.213255422894842869e-05 2.233949828517172591e+02
2.550000000000000000e+02 0.000000000000000000e+00 2.229944384547467280e+02
2.550000000000000000e+02 0.000000000000000000e+00 2.230892653524826130e+02
2.550000000000000000e+02 0.000000000000000000e+00 2.235289269123773863e+02
2.550000000000000000e+02 0.000000000000000000e+00 2.241397185729434227e+02
2.550000000000000000e+02 9.982829533202891320e-06 2.246699831844782409e+02
2.550000000000000000e+02 0.000000000000000000e+00 2.250354068779477075e+02
2.550000000000000000e+02 1.109203281466987906e-05 2.253145811426568628e+02
2.550000000000000000e+02 0.000000000000000000e+00 2.254146933940289443e+02
2.550000000000000000e+02 0.000000000000000000e+00 2.252463928709286733e+02
2.550000000000000000e+02 0.000000000000000000e+00 2.250903434980722011e+02
2.550000000000000000e+02 0.000000000000000000e+00 2.251047553763083044e+02
2.550000000000000000e+02 0.000000000000000000e+00 2.248960188475821553e+02
2.549999423214293586e+02 1.885645578493879321e-05 2.247603865795276477e+02
2.550000000000000000e+02 0.000000000000000000e+00 2.245600500472520480e+02
2.549999378846162301e+02 3.438530172547662491e-05 2.246244681370265255e+02
2.549998912980784098e+02 5.989697719921734792e-05 2.245879598202203340e+02
2.550000000000000000e+02 0.000000000000000000e+00 2.240369608717450376e+02
2.550000000000000000e+02 0.000000000000000000e+00 2.234694192655299503e+02
2.550000000000000000e+02 0.000000000000000000e+00 2.234413264740202294e+02
2.550000000000000000e+02 0.000000000000000000e+00 2.234769174797126823e+02
2.550000000000000000e+02 0.000000000000000000e+00 2.236111432780062671e+02
2.550000000000000000e+02 0.000000000000000000e+00 2.236784630435650740e+02
2.550000000000000000e+02 0.000000000000000000e+00 2.238323428148029848e+02
2.550000000000000000e+02 0.000000000000000000e+00 2.237765143952401843e+02
2.550000000000000000e+02 0.000000000000000000e+00 2.237461543922231613e+02
2.550000000000000000e+02 0.000000000000000000e+00 2.236119197203032911e+02
2.550000000000000000e+02 0.000000000000000000e+00 2.234205632977944731e+02
2.550000000000000000e+02 0.000000000000000000e+00 2.232707931247143733e+02
2.550000000000000000e+02 0.000000000000000000e+00 2.231998396092054975e+02
2.549999866895606146e+02 2.107486234787276868e-05 2.231921949801896403e+02
2.550000000000000000e+02 0.000000000000000000e+00 2.232720964385701166e+02
2.550000000000000000e+02 0.000000000000000000e+00 2.234357449631079078e+02
2.549999401030227943e+02 1.885645578493879321e-05 2.235838058539312385e+02
2.550000000000000000e+02 0.000000000000000000e+00 2.235625901227666077e+02
2.550000000000000000e+02 0.000000000000000000e+00 2.230750065442993559e+02
2.550000000000000000e+02 0.000000000000000000e+00 2.224672263706424928e+02
2.550000000000000000e+02 0.000000000000000000e+00 2.223296651980815284e+02
2.549998790968423066e+02 4.658653782161348831e-05 2.225757785497832515e+02
2.550000000000000000e+02 0.000000000000000000e+00 2.228602991743090911e+02
2.550000000000000000e+02 0.000000000000000000e+00 2.229713770093217420e+02
2.550000000000000000e+02 0.000000000000000000e+00 2.229577892691237651e+02
2.550000000000000000e+02 0.000000000000000000e+00 2.226952164499283526e+02
2.550000000000000000e+02 0.000000000000000000e+00 2.221831106053144254e+02
2.550000000000000000e+02 0.000000000000000000e+00 2.219494269855848074e+02
2.550000000000000000e+02 0.000000000000000000e+00 2.218629024744106744e+02
2.550000000000000000e+02 0.000000000000000000e+00 2.217680844503010462e+02
2.550000000000000000e+02 0.000000000000000000e+00 2.215518363969528082e+02
2.550000000000000000e+02 0.000000000000000000e+00 2.214245198258994662e+02
2.550000000000000000e+02 0.000000000000000000e+00 2.215245023004875975e+02
2.550000000000000000e+02 0.000000000000000000e+00 2.214898618820074034e+02
2.550000000000000000e+02 0.000000000000000000e+00 2.214624734345813977e+02
2.550000000000000000e+02 0.000000000000000000e+00 2.217814680970952281e+02
2.550000000000000000e+02 0.000000000000000000e+00 2.219473760687173751e+02
2.550000000000000000e+02 0.000000000000000000e+00 2.214390348600407208e+02
2.549998768784357708e+02 6.766140016948626716e-05 2.208214515477822601e+02
2.550000000000000000e+02 0.000000000000000000e+00 2.205787068464463232e+02
2.550000000000000000e+02 0.000000000000000000e+00 2.208426805893862479e+02
2.550000000000000000e+02 0.000000000000000000e+00 2.211762246713430784e+02
2.550000000000000000e+02 0.000000000000000000e+00 2.212037295851135923e+02
2.550000000000000000e+02 0.000000000000000000e+00 2.211542957224684756e+02
2.550000000000000000e+02 0.000000000000000000e+00 2.212585464112837030e+02
2.550000000000000000e+02 0.000000000000000000e+00 2.212959642747807152e+02
2.550000000000000000e+02 0.000000000000000000e+00 2.213440282713732472e+02
2.550000000000000000e+02 0.000000000000000000e+00 2.214709643857010519e+02
2.550000000000000000e+02 0.000000000000000000e+00 2.215339859885441456e+02
2.549999301201932553e+02 3.660370828841060377e-05 2.213918382604143176e+02
2.550000000000000000e+02 0.000000000000000000e+00 2.212298513223921645e+02
2.550000000000000000e+02 0.000000000000000000e+00 2.212191342002866179e+02
2.549999778159343577e+02 0.000000000000000000e+00 2.213503817877694928e+02
2.549998868612652814e+02 4.769574110308047774e-05 2.214066117389201622e+02
2.550000000000000000e+02 0.000000000000000000e+00 2.216023617156268983e+02
2.550000000000000000e+02 0.000000000000000000e+00 2.215954646896227302e+02
2.550000000000000000e+02 0.000000000000000000e+00 2.210569753357558227e+02
2.550000000000000000e+02 0.000000000000000000e+00 2.203776914817624686e+02
2.550000000000000000e+02 0.000000000000000000e+00 2.201580392835434168e+02
2.550000000000000000e+02 0.000000000000000000e+00 2.202411862707254500e+02
2.550000000000000000e+02 0.000000000000000000e+00 2.203244785635373830e+02
2.550000000000000000e+02 0.000000000000000000e+00 2.202817942028599703e+02
2.550000000000000000e+02 0.000000000000000000e+00 2.200169952126786370e+02
2.550000000000000000e+02 0.000000000000000000e+00 2.197821979528544318e+02
2.550000000000000000e+02 0.000000000000000000e+00 2.198294189549530415e+02
2.550000000000000000e+02 0.000000000000000000e+00 2.198037519910198796e+02
2.550000000000000000e+02 0.000000000000000000e+00 2.198047979697143148e+02
2.550000000000000000e+02 0.000000000000000000e+00 2.199157648843988397e+02
2.550000000000000000e+02 0.000000000000000000e+00 2.198862212549969684e+02
2.550000000000000000e+02 0.000000000000000000e+00 2.200776031891812750e+02
2.549999900171704610e+02 1.552884594053783170e-05 2.203411343600118926e+02
2.550000000000000000e+02 0.000000000000000000e+00 2.204587997533132011e+02
2.550000000000000000e+02 1.109203281466987948e-06 2.207486722836720787e+02
2.550000000000000000e+02 0.000000000000000000e+00 2.211612659558892062e+02
2.550000000000000000e+02 0.000000000000000000e+00 2.211338553243975866e+02
2.549999944539835894e+02 1.109203281466987906e-05 2.206257126631083452e+02
2.549999600686818724e+02 9.982829533202891320e-06 2.197996324100325296e+02
2.549999212465670269e+02 4.547733454014650566e-05 2.194197813094810385e+02
2.550000000000000000e+02 0.000000000000000000e+00 2.193667924503187976e+02
2.550000000000000000e+02 0.000000000000000000e+00 2.195453653050087155e+02
2.550000000000000000e+02 0.000000000000000000e+00 2.197941773482942551e+02
2.550000000000000000e+02 0.000000000000000000e+00 2.200725629694702832e+02
2.550000000000000000e+02 0.000000000000000000e+00 2.200631447244073513e+02
2.550000000000000000e+02 0.000000000000000000e+00 2.199907459170227071e+02
2.550000000000000000e+02 0.000000000000000000e+00 2.197801592372230743e+02
2.550000000000000000e+02 0.000000000000000000e+00 2.196427045481771358e+02
2.550000000000000000e+02 0.000000000000000000e+00 2.195452832239658960e+02
2.549999944539835894e+02 1.774725250347180717e-05 2.193437276772839652e+02
2.550000000000000000e+02 0.000000000000000000e+00 2.196741493520034396e+02
2.550000000000000000e+02 0.000000000000000000e+00 2.202746143300190340e+02
2.550000000000000000e+02 0.000000000000000000e+00 2.206171329757262072e+02
2.550000000000000000e+02 0.000000000000000000e+00 2.206523756915882473e+02
2.550000000000000000e+02 0.000000000000000000e+00 2.204005333049377384e+02
2.550000000000000000e+02 0.000000000000000000e+00 2.202243596569456088e+02
2.550000000000000000e+02 0.000000000000000000e+00 2.200095713151157781e+02
2.550000000000000000e+02 0.000000000000000000e+00 2.194110796097379250e+02
2.550000000000000000e+02 0.000000000000000000e+00 2.188520677767573090e+02
2.550000000000000000e+02 0.000000000000000000e+00 2.188719691020334039e+02
2.550000000000000000e+02 0.000000000000000000e+00 2.190610394565791239e+02
2.549999112637374878e+02 3.993131813281156528e-05 2.192268564735321945e+02
2.550000000000000000e+02 0.000000000000000000e+00 2.192017496572561868e+02
2.549997970157994871e+02 1.253399708057696227e-04 2.191329235936411521e+02
2.550000000000000000e+02 0.000000000000000000e+00 2.192111878679781967e+02
2.550000000000000000e+02 0.000000000000000000e+00 2.192407115317209900e+02
2.550000000000000000e+02 0.000000000000000000e+00 2.192267721740828108e+02
2.549999301201932553e+02 2.773008203667469849e-05 2.191381745619756316e+02
2.550000000000000000e+02 0.000000000000000000e+00 2.191290768766610313e+02
2.549999622870884366e+02 1.441964265907084227e-05 2.192082972842266884e+02
2.550000000000000000e+02 0.000000000000000000e+00 2.192631196564131812e+02
2.550000000000000000e+02 0.000000000000000000e+00 2.194422448943373070e+02
2.549999744883245398e+02 4.436813125867951792e-06 2.195172991343777653e+02
2.550000000000000000e+02 0.000000000000000000e+00 2.194542475830460546e+02
2.550000000000000000e+02 0.000000000000000000e+00 2.193934809904741599e+02
2.550000000000000000e+02 2.218406562933975896e-06 2.191181900464534351e+02
2.550000000000000000e+02 0.000000000000000000e+00 2.188445673441680412e+02
2.549999933447803073e+02 9.982829533202891320e-06 2.183783680957641877e+02
2.550000000000000000e+02 0.000000000000000000e+00 2.178723795072475298e+02
2.550000000000000000e+02 0.000000000000000000e+00 2.180887140784517157e+02
2.550000000000000000e+02 0.000000000000000000e+00 2.186077912656896842e+02
2.549999168097538984e+02 3.216689516254264605e-05 2.187602046701894949e+02
2.550000000000000000e+02 0.000000000000000000e+00 2.186500707671693533e+02
2.550000000000000000e+02 0.000000000000000000e+00 2.181607279922976943e+02
2.550000000000000000e+02 0.000000000000000000e+00 2.178195625745939310e+02
2.549998169814585651e+02 1.120295314281657766e-04 2.177080122189833560e+02
2.550000000000000000e+02 0.000000000000000000e+00 2.177668232861700233e+02
2.550000000000000000e+02 0.000000000000000000e+00 2.179150472298757109e+02
2.550000000000000000e+02 0.000000000000000000e+00 2.181329269212509985e+02
2.550000000000000000e+02 0.000000000000000000e+00 2.181923602514785614e+02
2.550000000000000000e+02 0.000000000000000000e+00 2.183637532333275715e+02
2.550000000000000000e+02 0.000000000000000000e+00 2.183713335285531230e+02
2.550000000000000000e+02 0.000000000000000000e+00 2.182572963391855012e+02
2.550000000000000000e+02 0.000000000000000000e+00 2.181949169650423528e+02
2.550000000000000000e+02 0.000000000000000000e+00 2.183214293637166179e+02
2.550000000000000000e+02 0.000000000000000000e+00 2.185872898614383359e+02
2.550000000000000000e+02 0.000000000000000000e+00 2.188226162112277962e+02
2.550000000000000000e+02 0.000000000000000000e+00 2.186607801248519252e+02
2.550000000000000000e+02 0.000000000000000000e+00 2.182086544476833296e+02
2.550000000000000000e+02 0.000000000000000000e+00 2.178048390102357246e+02
2.549999955631868715e+02 0.000000000000000000e+00 2.178105414243057396e+02
2.550000000000000000e+02 0.000000000000000000e+00 2.178779809838189294e+02
2.550000000000000000e+02 0.000000000000000000e+00 2.179589938638874571e+02
2.550000000000000000e+02 0.000000000000000000e+00 2.179916621189332204e+02
2.550000000000000000e+02 0.000000000000000000e+00 2.180078953089574725e+02
2.550000000000000000e+02 0.000000000000000000e+00 2.180351473243798353e+02
2.550000000000000000e+02 0.000000000000000000e+00 2.180081681729647300e+02
2.550000000000000000e+02 0.000000000000000000e+00 2.180749444289155861e+02
2.550000000000000000e+02 0.000000000000000000e+00 2.182124102099943741e+02
2.550000000000000000e+02 0.000000000000000000e+00 2.183717372785475561e+02
2.550000000000000000e+02 0.000000000000000000e+00 2.184629304263333722e+02
2.550000000000000000e+02 0.000000000000000000e+00 2.184791225758362145e+02
2.550000000000000000e+02 0.000000000000000000e+00 2.183492581648453665e+02
2.550000000000000000e+02 0.000000000000000000e+00 2.182898525646998280e+02
2.550000000000000000e+02 0.000000000000000000e+00 2.183125757031239687e+02
2.550000000000000000e+02 8.873626251735903584e-06 2.185343165311220162e+02
2.549998191998651293e+02 1.475240364351093842e-04 2.189105028240315676e+02
2.550000000000000000e+02 0.000000000000000000e+00 2.190433010777018978e+02
2.550000000000000000e+02 0.000000000000000000e+00 2.188646816364741596e+02
2.550000000000000000e+02 0.000000000000000000e+00 2.184365568999099310e+02
2.550000000000000000e+02 0.000000000000000000e+00 2.181287940298242631e+02
2.550000000000000000e+02 0.000000000000000000e+00 2.182145720471899324e+02
2.550000000000000000e+02 0.000000000000000000e+00 2.181919653751103567e+02
2.550000000000000000e+02 0.000000000000000000e+00 2.183992322094885594e+02
2.550000000000000000e+02 0.000000000000000000e+00 2.184843624521378729e+02
2.549999179189571805e+02 5.546016407334939698e-05 2.186797519377781214e+02
2.550000000000000000e+02 0.000000000000000000e+00 2.188019251332153203e+02
2.549999290109899732e+02 3.660370828841060377e-05 2.188612497615212931e+02
2.550000000000000000e+02 0.000000000000000000e+00 2.188962162857662577e+02
2.550000000000000000e+02 0.000000000000000000e+00 2.191233578245417846e+02
2.550000000000000000e+02 0.000000000000000000e+00 2.193162893157103213e+02
2.550000000000000000e+02 0.000000000000000000e+00 2.195750198547387413e+02
2.550000000000000000e+02 0.000000000000000000e+00 2.198370547103426418e+02
2.549999722699179756e+02 3.327609844400963632e-06 2.200601432203277170e+02
2.550000000000000000e+02 0.000000000000000000e+00 2.204091507052314398e+02
2.550000000000000000e+02 0.000000000000000000e+00 2.204133834249535369e+02
2.550000000000000000e+02 0.000000000000000000e+00 2.206130477800405458e+02
2.550000000000000000e+02 0.000000000000000000e+00 2.208345590029593666e+02
2.549999279017866911e+02 3.771291156987758642e-05 2.206359029136551726e+02
2.550000000000000000e+02 0.000000000000000000e+00 2.200709801363876466e+02
2.550000000000000000e+02 0.000000000000000000e+00 2.199646829675180868e+02
2.549999523042588976e+02 2.883928531814168453e-05 2.200611093363858686e+02
2.549999545226654618e+02 3.216689516254264605e-05 2.203778844831334425e+02
2.550000000000000000e+02 0.000000000000000000e+00 2.205934037899257589e+02
2.549999290109899732e+02 3.993131813281156528e-05 2.206794069755575833e+02
2.550000000000000000e+02 0.000000000000000000e+00 2.207571310678965517e+02
2.550000000000000000e+02 0.000000000000000000e+00 2.207601248075532396e+02
2.549998613495898212e+02 9.650068548762795169e-05 2.207804853429878449e+02
2.550000000000000000e+02 0.000000000000000000e+00 2.207359608140664591e+02
2.550000000000000000e+02 0.000000000000000000e+00 2.206931588778412276e+02
2.550000000000000000e+02 0.000000000000000000e+00 2.209307646403741217e+02
2.550000000000000000e+02 0.000000000000000000e+00 2.210663181549956278e+02
2.550000000000000000e+02 0.000000000000000000e+00 2.212227158176824844e+02
2.550000000000000000e+02 0.000000000000000000e+00 2.214312948395426588e+02
2.550000000000000000e+02 0.000000000000000000e+00 2.216348602625706121e+02
2.550000000000000000e+02 0.000000000000000000e+00 2.218479881270880867e+02
2.550000000000000000e+02 0.000000000000000000e+00 2.219171624805334773e+02
2.550000000000000000e+02 0.000000000000000000e+00 2.215322123724970709e+02
2.549998402747274611e+02 1.197939543984346958e-04 2.208433505481682744e+02
2.549999778159343577e+02 2.218406562933975896e-06 2.205440863936251787e+02
2.550000000000000000e+02 0.000000000000000000e+00 2.206977476518166554e+02
2.549999622870884366e+02 2.107486234787276868e-05 2.207793705936899755e+02
2.549997349004157172e+02 2.406971120783363608e-04 2.209901325276080684e+02
2.550000000000000000e+02 0.000000000000000000e+00 2.211878247192606466e+02
2.550000000000000000e+02 0.000000000000000000e+00 2.213607140163363454e+02
2.549998558035734106e+02 9.539148220616095548e-05 2.215794411390186553e+02
2.550000000000000000e+02 0.000000000000000000e+00 2.216273520655583411e+02
2.550000000000000000e+02 0.000000000000000000e+00 2.217518579154964584e+02
2.550000000000000000e+02 0.000000000000000000e+00 2.219537118378611069e+02
2.550000000000000000e+02 0.000000000000000000e+00 2.220268327365819800e+02
2.549999578502753081e+02 1.663804922200481774e-05 2.221232213925381700e+02
2.550000000000000000e+02 0.000000000000000000e+00 2.221529380576519372e+02
2.550000000000000000e+02 0.000000000000000000e+00 2.222590777196555223e+02
2.550000000000000000e+02 0.000000000000000000e+00 2.224983639251598504e+02
2.550000000000000000e+02 0.000000000000000000e+00 2.227706999516387327e+02
2.550000000000000000e+02 0.000000000000000000e+00 2.227614403226450577e+02
2.550000000000000000e+02 0.000000000000000000e+00 2.224617191763500159e+02
2.550000000000000000e+02 0.000000000000000000e+00 2.218195714482201595e+02
2.550000000000000000e+02 0.000000000000000000e+00 2.215318962495618678e+02
2.550000000000000000e+02 0.000000000000000000e+00 2.214629160066907048e+02
2.550000000000000000e+02 0.000000000000000000e+00 2.217299478230776515e+02
2.550000000000000000e+02 0.000000000000000000e+00 2.218970071477059491e+02
2.550000000000000000e+02 0.000000000000000000e+00 2.218930583840239308e+02
2.550000000000000000e+02 5.546016407334939528e-06 2.218635502491270586e+02
2.549999256833801553e+02 2.773008203667469849e-05 2.218705692874921738e+02
2.550000000000000000e+02 0.000000000000000000e+00 2.219624767621912440e+02
2.550000000000000000e+02 0.000000000000000000e+00 2.219810836472378526e+02
2.550000000000000000e+02 0.000000000000000000e+00 2.219833364391025157e+02
2.549999279017866911e+02 3.771291156987758642e-05 2.220120503844498501e+02
2.550000000000000000e+02 0.000000000000000000e+00 2.221151652491048765e+02
2.550000000000000000e+02 9.982829533202891320e-06 2.220660563830211913e+02
2.549999689423081293e+02 0.000000000000000000e+00 2.222283250586768588e+02
2.550000000000000000e+02 0.000000000000000000e+00 2.222624763185099539e+02
2.549998868612652814e+02 5.102335094748144603e-05 2.222845250613389396e+02
2.549998957348915383e+02 5.546016407334939698e-05 2.223588072958955024e+02
2.550000000000000000e+02 0.000000000000000000e+00 2.219801618993109571e+02
2.550000000000000000e+02 0.000000000000000000e+00 2.215799635737642461e+02
2.549999689423081293e+02 0.000000000000000000e+00 2.214730585614964582e+02
2.550000000000000000e+02 1.220123609613686679e-05 2.217666757621335876e+02
2.550000000000000000e+02 0.000000000000000000e+00 2.221699055402485499e+02
2.550000000000000000e+02 0.000000000000000000e+00 2.225521203529928584e+02
2.550000000000000000e+02 0.000000000000000000e+00 2.228825242804598190e+02
2.549998203090684115e+02 1.131387347096327593e-04 2.233329684054537267e+02
2.550000000000000000e+02 0.000000000000000000e+00 2.234999511950556155e+02
2.550000000000000000e+02 0.000000000000000000e+00 2.236510856881718894e+02
2.550000000000000000e+02 0.000000000000000000e+00 2.235585781344975658e+02
2.549999767067310756e+02 7.764422970268915848e-06 2.233805121857072606e+02
2.550000000000000000e+02 0.000000000000000000e+00 2.234967688908410821e+02
2.550000000000000000e+02 0.000000000000000000e+00 2.238213162249819277e+02
2.549998602403865391e+02 1.020467018949628921e-04 2.241426457604032123e+02
2.549999334478031017e+02 2.662087875520770906e-05 2.243578323062110940e+02
2.550000000000000000e+02 0.000000000000000000e+00 2.244991581147093598e+02
2.550000000000000000e+02 1.331043937760385453e-05 2.245099406798084942e+02
2.549997959065962050e+02 1.685988987829821495e-04 2.244021438681024279e+02
2.549999245741768732e+02 4.991414766601445660e-05 2.239244909866141313e+02
2.550000000000000000e+02 0.000000000000000000e+00 2.235113183102840821e+02
2.550000000000000000e+02 0.000000000000000000e+00 2.236824461925488094e+02
2.550000000000000000e+02 0.000000000000000000e+00 2.238512159086371582e+02
2.549998158722552830e+02 1.120295314281657766e-04 2.239687426515282596e+02
2.550000000000000000e+02 0.000000000000000000e+00 2.239990294471287200e+02
2.550000000000000000e+02 0.000000000000000000e+00 2.239971914972913396e+02
2.550000000000000000e+02 0.000000000000000000e+00 2.241253810113271925e+02
2.550000000000000000e+02 0.000000000000000000e+00 2.241600624703288247e+02
2.550000000000000000e+02 0.000000000000000000e+00 2.241687819173244236e+02
2.550000000000000000e+02 0.000000000000000000e+00 2.240879298717317454e+02
2.550000000000000000e+02 0.000000000000000000e+00 2.239856824040428194e+02
2.550000000000000000e+02 0.000000000000000000e+00 2.238159654283521149e+02
2.550000000000000000e+02 0.000000000000000000e+00 2.237047888742474129e+02
2.550000000000000000e+02 0.000000000000000000e+00 2.235893884740468707e+02
2.550000000000000000e+02 0.000000000000000000e+00 2.237090393412219953e+02
2.550000000000000000e+02 0.000000000000000000e+00 2.236112808192131638e+02
2.550000000000000000e+02 0.000000000000000000e+00 2.234796483381916516e+02
2.550000000000000000e+02 0.000000000000000000e+00 2.232383067790067628e+02
2.550000000000000000e+02 0.000000000000000000e+00 2.226308937516360800e+02
2.549998003434093334e+02 1.597252725312462611e-04 2.221975036270947328e+02
2.550000000000000000e+02 0.000000000000000000e+00 2.221371918078682484e+02
2.550000000000000000e+02 0.000000000000000000e+00 2.221727539742753663e+02
2.550000000000000000e+02 0.000000000000000000e+00 2.223618831165950098e+02
2.550000000000000000e+02 0.000000000000000000e+00 2.223740666054386566e+02
2.550000000000000000e+02 0.000000000000000000e+00 2.223712281542413791e+02
2.550000000000000000e+02 0.000000000000000000e+00 2.223285027530425566e+02
2.549998491483537180e+02 7.542582313975517284e-05 2.224088112890273123e+02
2.550000000000000000e+02 0.000000000000000000e+00 2.226664037854889671e+02
2.550000000000000000e+02 0.000000000000000000e+00 2.228252450230048680e+02
2.550000000000000000e+02 0.000000000000000000e+00 2.230159370327481270e+02
2.550000000000000000e+02 0.000000000000000000e+00 2.232388769094934560e+02
2.550000000000000000e+02 0.000000000000000000e+00 2.233949895069369518e+02
2.549999678331048472e+02 2.107486234787276868e-05 2.233858097405795320e+02
2.550000000000000000e+02 0.000000000000000000e+00 2.233440948235701171e+02
2.549999955631868715e+02 1.552884594053783170e-05 2.233186097689751364e+02
2.549999234649735911e+02 6.433379032508529209e-05 2.232258027304147845e+02
2.550000000000000000e+02 0.000000000000000000e+00 2.233689875636128193e+02
2.550000000000000000e+02 0.000000000000000000e+00 2.230317609267615353e+02
2.550000000000000000e+02 0.000000000000000000e+00 2.226170242738046170e+02
2.550000000000000000e+02 0.000000000000000000e+00 2.227752487942960329e+02
2.549999678331048472e+02 1.441964265907084227e-05 2.229654516453921360e+02
2.550000000000000000e+02 0.000000000000000000e+00 2.233255633643466638e+02
2.549999755975277935e+02 1.885645578493879321e-05 2.236351586382533014e+02
2.550000000000000000e+02 0.000000000000000000e+00 2.235422539898042089e+02
2.550000000000000000e+02 0.000000000000000000e+00 2.234764982008722711e+02
2.550000000000000000e+02 0.000000000000000000e+00 2.234549308522674380e+02
2.550000000000000000e+02 0.000000000000000000e+00 2.234956807624219550e+02
2.550000000000000000e+02 0.000000000000000000e+00 2.234636913397844467e+02
2.550000000000000000e+02 8.873626251735903584e-06 2.235813334398168593e+02
2.549999101545342057e+02 5.546016407334939698e-05 2.237646825238367683e+02
2.550000000000000000e+02 0.000000000000000000e+00 2.239270920683091788e+02
2.549998691140127960e+02 9.982829533202891320e-05 2.240584561221365902e+02
2.550000000000000000e+02 0.000000000000000000e+00 2.239469656635032209e+02
2.550000000000000000e+02 0.000000000000000000e+00 2.235259631212092870e+02
2.549999401030227943e+02 2.883928531814168453e-05 2.232549781043272219e+02
2.550000000000000000e+02 0.000000000000000000e+00 2.232080698975539974e+02
2.549999290109899732e+02 2.218406562933975811e-05 2.230949411456738858e+02
2.550000000000000000e+02 0.000000000000000000e+00 2.224897864561842482e+02
2.550000000000000000e+02 0.000000000000000000e+00 2.217613138734709537e+02
2.550000000000000000e+02 0.000000000000000000e+00 2.209558503817877693e+02
2.550000000000000000e+02 0.000000000000000000e+00 2.201233001459711431e+02
2.549998502575570001e+02 8.540865267295807094e-05 2.195594166921783312e+02
2.550000000000000000e+02 0.000000000000000000e+00 2.195885166402676418e+02
2.550000000000000000e+02 0.000000000000000000e+00 2.200359958648901681e+02
2.550000000000000000e+02 0.000000000000000000e+00 2.207922506621943626e+02
2.550000000000000000e+02 0.000000000000000000e+00 2.211622941873311277e+02
2.550000000000000000e+02 0.000000000000000000e+00 2.212290005634752674e+02
2.550000000000000000e+02 0.000000000000000000e+00 2.212365608930417409e+02
2.550000000000000000e+02 0.000000000000000000e+00 2.212878116306619347e+02
2.549999755975277935e+02 7.764422970268915848e-06 2.212838872694520944e+02
2.549999245741768732e+02 5.656936735481637963e-05 2.214330706739962693e+02
2.550000000000000000e+02 0.000000000000000000e+00 2.217387404774898414e+02
2.550000000000000000e+02 0.000000000000000000e+00 2.219078817766774421e+02
2.550000000000000000e+02 0.000000000000000000e+00 2.223283030964518900e+02
2.550000000000000000e+02 0.000000000000000000e+00 2.226478889643147170e+02
2.550000000000000000e+02 0.000000000000000000e+00 2.231242141294750922e+02
2.549998413839307432e+02 2.007657939455247955e-04 2.232207458726545894e+02
2.550000000000000000e+02 0.000000000000000000e+00 2.228728220793568369e+02
2.550000000000000000e+02 0.000000000000000000e+00 2.225074749209138076e+02
2.549999334478031017e+02 2.773008203667469849e-05 2.222954041271235610e+02
2.549999378846162301e+02 2.994848859960867396e-05 2.222760940071965194e+02
2.550000000000000000e+02 0.000000000000000000e+00 2.222713122318501178e+02
2.550000000000000000e+02 0.000000000000000000e+00 2.222465836538930830e+02
2.550000000000000000e+02 0.000000000000000000e+00 2.223352034500658760e+02
2.550000000000000000e+02 0.000000000000000000e+00 2.223857187859104556e+02
2.550000000000000000e+02 0.000000000000000000e+00 2.223198587318700845e+02
2.549999955631868715e+02 0.000000000000000000e+00 2.220848096829009535e+02
2.550000000000000000e+02 0.000000000000000000e+00 2.218355517398962604e+02
2.550000000000000000e+02 0.000000000000000000e+00 2.217640269846974377e+02
2.550000000000000000e+02 0.000000000000000000e+00 2.216665557463385312e+02
2.550000000000000000e+02 0.000000000000000000e+00 2.217896384884664940e+02
2.550000000000000000e+02 0.000000000000000000e+00 2.218232928252294869e+02
2.550000000000000000e+02 0.000000000000000000e+00 2.217330702303149792e+02
2.550000000000000000e+02 0.000000000000000000e+00 2.215079374586821643e+02
2.550000000000000000e+02 0.000000000000000000e+00 2.213341319596959806e+02
2.550000000000000000e+02 0.000000000000000000e+00 2.212140440664279595e+02
2.550000000000000000e+02 0.000000000000000000e+00 2.211503635968356605e+02
2.549999534134621797e+02 6.655219688801927265e-06 2.209012598330870958e+02
2.550000000000000000e+02 0.000000000000000000e+00 2.204791769267970096e+02
2.549999157005506163e+02 4.880494438454746717e-05 2.204795551651160110e+02
2.550000000000000000e+02 0.000000000000000000e+00 2.205293062598996414e+02
2.549998779876390245e+02 6.544299360655228830e-05 2.206312098745712831e+02
2.550000000000000000e+02 0.000000000000000000e+00 2.206303957193626957e+02
2.550000000000000000e+02 0.000000000000000000e+00 2.206052589545980993e+02
2.550000000000000000e+02 0.000000000000000000e+00 2.206502870618092516e+02
2.550000000000000000e+02 0.000000000000000000e+00 2.206490957774849448e+02
2.549998646771996675e+02 8.651785595442505359e-05 2.206745852688930540e+02
2.550000000000000000e+02 0.000000000000000000e+00 2.206024892740042560e+02
2.550000000000000000e+02 0.000000000000000000e+00 2.204892673490485322e+02
2.550000000000000000e+02 0.000000000000000000e+00 2.203521709326624887e+02
2.550000000000000000e+02 1.441964265907084227e-05 2.204568386819115631e+02
2.550000000000000000e+02 0.000000000000000000e+00 2.204735787778354563e+02
2.550000000000000000e+02 3.327609844400963632e-06 2.204635149764627045e+02
2.550000000000000000e+02 0.000000000000000000e+00 2.205617892779974056e+02
2.550000000000000000e+02 0.000000000000000000e+00 2.205321957344478676e+02
2.550000000000000000e+02 0.000000000000000000e+00 2.206983654780444226e+02
2.550000000000000000e+02 0.000000000000000000e+00 2.209930574966612937e+02
2.550000000000000000e+02 0.000000000000000000e+00 2.208636134737141106e+02
2.550000000000000000e+02 0.000000000000000000e+00 2.204533524559979014e+02
2.549998558035734106e+02 8.651785595442505359e-05 2.200080217581315765e+02
2.550000000000000000e+02 0.000000000000000000e+00 2.198686803143038446e+02
2.550000000000000000e+02 0.000000000000000000e+00 2.201000401531588011e+02
2.550000000000000000e+02 4.436813125867951792e-06 2.202560684511529132e+02
2.550000000000000000e+02 0.000000000000000000e+00 2.202699002160728128e+02
2.550000000000000000e+02 0.000000000000000000e+00 2.201183575361489488e+02
2.550000000000000000e+02 0.000000000000000000e+00 2.200978206373925730e+02
2.550000000000000000e+02 0.000000000000000000e+00 2.202412628057518873e+02
2.550000000000000000e+02 4.436813125867951792e-06 2.201524954855426586e+02
2.550000000000000000e+02 0.000000000000000000e+00 2.202035110720671582e+02
2.550000000000000000e+02 0.000000000000000000e+00 2.203332035565493925e+02
2.550000000000000000e+02 0.000000000000000000e+00 2.204803371534294456e+02
2.550000000000000000e+02 0.000000000000000000e+00 2.205299928567308712e+02
2.550000000000000000e+02 0.000000000000000000e+00 2.206712609866584955e+02
2.550000000000000000e+02 0.000000000000000000e+00 2.207448233482853936e+02
2.550000000000000000e+02 0.000000000000000000e+00 2.208787441156765965e+02
2.549999434306326407e+02 2.773008203667469849e-05 2.208152555382519893e+02
2.550000000000000000e+02 0.000000000000000000e+00 2.209406188023266679e+02
2.550000000000000000e+02 0.000000000000000000e+00 2.209048747265813972e+02
2.550000000000000000e+02 0.000000000000000000e+00 2.209110219311672836e+02
2.550000000000000000e+02 0.000000000000000000e+00 2.207415889115166294e+02
2.550000000000000000e+02 0.000000000000000000e+00 2.201488817012516108e+02
2.550000000000000000e+02 0.000000000000000000e+00 2.196225614165856825e+02
2.550000000000000000e+02 0.000000000000000000e+00 2.197820071698900222e+02
2.550000000000000000e+02 0.000000000000000000e+00 2.198747532022698863e+02
2.550000000000000000e+02 0.000000000000000000e+00 2.199836780737132074e+02
2.550000000000000000e+02 0.000000000000000000e+00 2.199468946744931941e+02
2.550000000000000000e+02 0.000000000000000000e+00 2.199196936824217801e+02
2.550000000000000000e+02 0.000000000000000000e+00 2.199594375452000463e+02
2.549999511950556155e+02 1.331043937760385453e-05 2.197923094499682861e+02
2.549998413839307432e+02 1.175755478355007170e-04 2.199002560041173524e+02
2.550000000000000000e+02 0.000000000000000000e+00 2.202135549077808321e+02
2.550000000000000000e+02 1.109203281466987948e-06 2.203598432917603986e+02
2.550000000000000000e+02 0.000000000000000000e+00 2.204797171087950858e+02
2.550000000000000000e+02 0.000000000000000000e+00 2.205304964350206660e+02
2.549998280734913862e+02 2.007657939455247955e-04 2.207424130495547558e+02
2.550000000000000000e+02 0.000000000000000000e+00 2.208885694383438363e+02
2.550000000000000000e+02 0.000000000000000000e+00 2.209069655747669572e+02
2.550000000000000000e+02 0.000000000000000000e+00 2.211016340782742589e+02
2.550000000000000000e+02 0.000000000000000000e+00 2.215185037291414289e+02
2.550000000000000000e+02 0.000000000000000000e+00 2.225136931145097208e+02
2.550000000000000000e+02 0.000000000000000000e+00 2.224699039873639492e+02
2.549998668956062318e+02 5.767857063628336906e-05 2.219019131538198621e+02
2.550000000000000000e+02 0.000000000000000000e+00 2.215492464072905818e+02
2.550000000000000000e+02 0.000000000000000000e+00 2.216053066503392017e+02
2.550000000000000000e+02 0.000000000000000000e+00 2.218222568293645907e+02
2.549999811435442041e+02 2.773008203667469849e-05 2.218790935147102630e+02
2.550000000000000000e+02 0.000000000000000000e+00 2.219854561265734105e+02
2.549999500858523334e+02 2.440247219227373359e-05 2.220337907687666075e+02
2.549998236366782578e+02 1.342135970575055381e-04 2.219830558106723117e+02
2.549998424931340253e+02 7.320741657682120753e-05 2.219341654576350891e+02
2.550000000000000000e+02 0.000000000000000000e+00 2.218317061321194217e+02
2.550000000000000000e+02 0.000000000000000000e+00 2.218177656652779319e+02
2.550000000000000000e+02 0.000000000000000000e+00 2.215570607444085169e+02
2.550000000000000000e+02 0.000000000000000000e+00 2.214658010444258025e+02
2.550000000000000000e+02 0.000000000000000000e+00 2.214335165737154227e+02
2.550000000000000000e+02 0.000000000000000000e+00 2.213703529928523039e+02
2.550000000000000000e+02 0.000000000000000000e+00 2.214414884176993326e+02
2.550000000000000000e+02 0.000000000000000000e+00 2.216630362443264346e+02
2.549999290109899732e+02 5.324175751041541812e-05 2.217589856557831638e+02
2.550000000000000000e+02 2.218406562933975896e-06 2.215010781455895881e+02
2.549999911263737431e+02 0.000000000000000000e+00 2.213465206511467045e+02
2.550000000000000000e+02 0.000000000000000000e+00 2.211581890259864167e+02
2.549999933447803073e+02 1.552884594053783170e-05 2.210436393847027432e+02
2.550000000000000000e+02 0.000000000000000000e+00 2.212372097769614072e+02
2.550000000000000000e+02 0.000000000000000000e+00 2.214981243372510278e+02
2.550000000000000000e+02 0.000000000000000000e+00 2.216672678548452211e+02
2.550000000000000000e+02 0.000000000000000000e+00 2.216528648502353747e+02
2.550000000000000000e+02 0.000000000000000000e+00 2.215679886151375229e+02
2.549999201373637447e+02 2.662087875520770906e-05 2.214193287545421924e+02
2.550000000000000000e+02 0.000000000000000000e+00 2.211130965849849304e+02
2.550000000000000000e+02 0.000000000000000000e+00 2.208388549472684872e+02
2.550000000000000000e+02 0.000000000000000000e+00 2.206564353755984200e+02
2.549999423214293586e+02 4.436813125867951792e-06 2.204980400378016441e+02
2.550000000000000000e+02 0.000000000000000000e+00 2.205963465062314981e+02
2.550000000000000000e+02 0.000000000000000000e+00 2.207558066791784768e+02
2.550000000000000000e+02 0.000000000000000000e+00 2.209474215460519133e+02
2.550000000000000000e+02 0.000000000000000000e+00 2.209997726133273090e+02
2.549999112637374878e+02 3.993131813281156528e-05 2.210989830824315447e+02
2.550000000000000000e+02 0.000000000000000000e+00 2.209898430255516075e+02
2.550000000000000000e+02 0.000000000000000000e+00 2.209743829502145331e+02
2.550000000000000000e+02 0.000000000000000000e+00 2.207887222865560091e+02
2.550000000000000000e+02 0.000000000000000000e+00 2.204663001859024689e+02
2.550000000000000000e+02 0.000000000000000000e+00 2.199819521534072635e+02
2.549998635679963854e+02 1.075927183022978189e-04 2.199251997675110033e+02
2.550000000000000000e+02 0.000000000000000000e+00 2.202273301033333723e+02
2.550000000000000000e+02 0.000000000000000000e+00 2.206038857609356398e+02
2.550000000000000000e+02 0.000000000000000000e+00 2.212462786229906726e+02
2.550000000000000000e+02 0.000000000000000000e+00 2.218514466229196955e+02
2.550000000000000000e+02 0.000000000000000000e+00 2.222713011398172966e+02
2.549998058894257440e+02 1.364320036204395034e-04 2.223483197788692394e+02
2.549999245741768732e+02 4.436813125867951623e-05 2.220993003145700584e+02
2.550000000000000000e+02 0.000000000000000000e+00 2.218274068602004547e+02
