2.550000000000000000e+02 2.227947419172617174e+02 1.364368639505017882e+02
2.550000000000000000e+02 2.230457293661791596e+02 1.367418841628639825e+02
2.550000000000000000e+02 1.742648437293132133e+02 1.035525256626388995e+02
2.550000000000000000e+02 1.748681419190269821e+02 1.035594532511893533e+02
2.550000000000000000e+02 1.780004435245416801e+02 1.044373902221594506e+02
2.550000000000000000e+02 1.776853369903880946e+02 1.038697836218081676e+02
2.550000000000000000e+02 1.775477627386426889e+02 1.032556830719260006e+02
2.550000000000000000e+02 1.773750364087310345e+02 1.030056356302461609e+02
2.550000000000000000e+02 1.775395729807497105e+02 1.028658702348694192e+02
2.550000000000000000e+02 1.774688738448502647e+02 1.025460118096683999e+02
2.550000000000000000e+02 1.776522215945700225e+02 1.025069860631790846e+02
2.550000000000000000e+02 1.780841306477665000e+02 1.026047909476861690e+02
2.549999933802307339e+02 1.784782904666496108e+02 1.026356622417186628e+02
2.550000000000000000e+02 1.782715550720672297e+02 1.023746712181258118e+02
2.550000000000000000e+02 1.787619365473048845e+02 1.023796801768802283e+02
2.550000000000000000e+02 1.790023665675172424e+02 1.023816396285868109e+02
2.550000000000000000e+02 1.792111099587808951e+02 1.023639516050733960e+02
2.550000000000000000e+02 1.797963836200428887e+02 1.025038295365278884e+02
2.550000000000000000e+02 1.780176946432827094e+02 1.018778718765722004e+02
2.550000000000000000e+02 1.758317475308260498e+02 1.011496707768078522e+02
2.550000000000000000e+02 1.742518700848213200e+02 1.008656727450859307e+02
2.550000000000000000e+02 1.738443890835591503e+02 1.009059639708024037e+02
2.550000000000000000e+02 1.744624824576114008e+02 1.008090185530066947e+02
2.550000000000000000e+02 1.757785058298101433e+02 1.013377218726003406e+02
2.550000000000000000e+02 1.787882468203041526e+02 1.024856196545363076e+02
2.550000000000000000e+02 1.794526752694246170e+02 1.026325520534524287e+02
2.550000000000000000e+02 1.801358895204639055e+02 1.027811051925470167e+02
2.550000000000000000e+02 1.800894110170613658e+02 1.028219546854726900e+02
2.550000000000000000e+02 1.775256615356099417e+02 1.019344102226890385e+02
2.550000000000000000e+02 1.764746628330847216e+02 1.013766240500631142e+02
2.550000000000000000e+02 1.759678190949451562e+02 1.009251988137373388e+02
2.550000000000000000e+02 1.761866146058589493e+02 1.009496401052101930e+02
2.550000000000000000e+02 1.765913042710751313e+02 1.010328980467267428e+02
2.550000000000000000e+02 1.769127492343133667e+02 1.010941463586855775e+02
2.550000000000000000e+02 1.778419839007211181e+02 1.015778308340026683e+02
2.549999966901153527e+02 1.781577369656743031e+02 1.016249514550252826e+02
2.550000000000000000e+02 1.782249772721254715e+02 1.014093334333654042e+02
2.550000000000000000e+02 1.787092001553439218e+02 1.015837687670459104e+02
2.550000000000000000e+02 1.789492054070275344e+02 1.015023643609274728e+02
2.550000000000000000e+02 1.781119998764309855e+02 1.012687648393161339e+02
2.549999988967051081e+02 1.752828483984571619e+02 1.004964771794487035e+02
2.550000000000000000e+02 1.723434876916423093e+02 9.990429909882874426e+01
2.550000000000000000e+02 1.714288308604817530e+02 9.956381016266979600e+01
2.550000000000000000e+02 1.715586323997987677e+02 9.952798507462686928e+01
2.550000000000000000e+02 1.721853987749013584e+02 9.987079644650785326e+01
2.550000000000000000e+02 1.732342438458211689e+02 1.004889482951887487e+02
2.549999955868204893e+02 1.768023667881762151e+02 1.019880446966821665e+02
2.550000000000000000e+02 1.769672045596970804e+02 1.018982839351439083e+02
2.550000000000000000e+02 1.768668521673124587e+02 1.017928696258506420e+02
2.550000000000000000e+02 1.766874553165573616e+02 1.017466250209625969e+02
2.550000000000000000e+02 1.766489249494690910e+02 1.016992682948357043e+02
2.550000000000000000e+02 1.771931957598171152e+02 1.018649059551444367e+02
2.550000000000000000e+02 1.779904156773789339e+02 1.020833506182864454e+02
2.550000000000000000e+02 1.786364864029939099e+02 1.021460409366532218e+02
2.550000000000000000e+02 1.792982404653256481e+02 1.022793652965215330e+02
2.550000000000000000e+02 1.797885778087681103e+02 1.023686439181973071e+02
2.550000000000000000e+02 1.800778782756825080e+02 1.022732916582080662e+02
2.550000000000000000e+02 1.804482378174179473e+02 1.023309972903077778e+02
2.550000000000000000e+02 1.786101000026478971e+02 1.017099040574772459e+02
2.550000000000000000e+02 1.784416357008570344e+02 1.014552746321614904e+02
2.550000000000000000e+02 1.775213664086427627e+02 1.009491072137832361e+02
2.550000000000000000e+02 1.748099133251542412e+02 1.002508296777496355e+02
2.550000000000000000e+02 1.727674287492166627e+02 9.973026315789473983e+01
2.550000000000000000e+02 1.721185920633379567e+02 9.954180715288136128e+01
2.550000000000000000e+02 1.725327954403029196e+02 9.947489893818901407e+01
2.550000000000000000e+02 1.741120881400213705e+02 1.003842842264137687e+02
2.550000000000000000e+02 1.771719793992780012e+02 1.017579194506474067e+02
2.550000000000000000e+02 1.778836752076400956e+02 1.018229410310952687e+02
2.550000000000000000e+02 1.784222441900491560e+02 1.020373068130665359e+02
2.550000000000000000e+02 1.787336469632911644e+02 1.021293524983009320e+02
2.550000000000000000e+02 1.785486619239697461e+02 1.020187824920342052e+02
2.550000000000000000e+02 1.778728088563686640e+02 1.016778412049745413e+02
2.550000000000000000e+02 1.778526582786834638e+02 1.015348188831125213e+02
2.550000000000000000e+02 1.779725864321208917e+02 1.015818236581727660e+02
2.550000000000000000e+02 1.782129039162554989e+02 1.016036424177162729e+02
2.549999977934102446e+02 1.783818536677935072e+02 1.016246690115360565e+02
2.550000000000000000e+02 1.783083587826685630e+02 1.015530695870146616e+02
2.550000000000000000e+02 1.782651725111874157e+02 1.014944062949592620e+02
2.550000000000000000e+02 1.786164604976301291e+02 1.016335836341650776e+02
2.550000000000000000e+02 1.789800623582266041e+02 1.017251019444468909e+02
2.550000000000000000e+02 1.793763680856509950e+02 1.018721336399022022e+02
2.550000000000000000e+02 1.793009832563969042e+02 1.018604199581630638e+02
2.550000000000000000e+02 1.776635932548964263e+02 1.014514627483516733e+02
2.550000000000000000e+02 1.719862099172970034e+02 9.964946446066532815e+01
2.550000000000000000e+02 1.706896795590351132e+02 9.936531086436534110e+01
2.550000000000000000e+02 1.709097946106251698e+02 9.934591383708306012e+01
2.550000000000000000e+02 1.720919640414132630e+02 9.989760761538258294e+01
2.549999977934102446e+02 1.755340178910297766e+02 1.011799484981950030e+02
2.550000000000000000e+02 1.762190757478132639e+02 1.016293513950060401e+02
2.550000000000000000e+02 1.798626806093718358e+02 1.030987393752703127e+02
2.550000000000000000e+02 1.800255567225963489e+02 1.030446260712993336e+02
2.550000000000000000e+02 1.781146168918859303e+02 1.024688539855424239e+02
2.550000000000000000e+02 1.775688378774371756e+02 1.020468580368412290e+02
2.550000000000000000e+02 1.773538807294103208e+02 1.018175161301711427e+02
2.550000000000000000e+02 1.772360477329496860e+02 1.016648256352771966e+02
2.550000000000000000e+02 1.773411928382922724e+02 1.016792754883183107e+02
2.549999933802307339e+02 1.772211653883156544e+02 1.014418022983838910e+02
2.549999988967051081e+02 1.775491286177039001e+02 1.015685598471274602e+02
2.549999900703460867e+02 1.777337683257279650e+02 1.016036192485237848e+02
2.550000000000000000e+02 1.776492769005357673e+02 1.013514027291102195e+02
2.550000000000000000e+02 1.780106390725262031e+02 1.014099413488441854e+02
2.550000000000000000e+02 1.785022694775678076e+02 1.014827345384255608e+02
2.550000000000000000e+02 1.790843182078960467e+02 1.016200561356434804e+02
2.550000000000000000e+02 1.788522004113083312e+02 1.015995591233660207e+02
2.550000000000000000e+02 1.765618385747195305e+02 1.011401636848283658e+02
2.550000000000000000e+02 1.748940274234975334e+02 1.006913256749958094e+02
2.550000000000000000e+02 1.717804542485679349e+02 9.950773520040247888e+01
2.550000000000000000e+02 1.725609603519951918e+02 9.963883531779305258e+01
2.550000000000000000e+02 1.764620279001209155e+02 1.011165244887331482e+02
2.550000000000000000e+02 1.769203531426251459e+02 1.013193420831972560e+02
2.550000000000000000e+02 1.774270115272248916e+02 1.016597537887146103e+02
2.550000000000000000e+02 1.781039105183720608e+02 1.018237045111521013e+02
2.550000000000000000e+02 1.777987226051881464e+02 1.015135539775987041e+02
2.550000000000000000e+02 1.777383944411590733e+02 1.014136395932813741e+02
2.550000000000000000e+02 1.780271432606335509e+02 1.014626269892406754e+02
2.550000000000000000e+02 1.782591297651305808e+02 1.013674534630219739e+02
2.550000000000000000e+02 1.787092619398571856e+02 1.014795074009020510e+02
2.550000000000000000e+02 1.795882172520013853e+02 1.017266719330608993e+02
2.550000000000000000e+02 1.801161250959866607e+02 1.019366278453974957e+02
2.550000000000000000e+02 1.804509563360018376e+02 1.019152735729984016e+02
2.550000000000000000e+02 1.813694316707415055e+02 1.022407610086763157e+02
2.549999834505767922e+02 1.795476954376550225e+02 1.014036845635806827e+02
2.550000000000000000e+02 1.793372209767248933e+02 1.010462291587597150e+02
2.550000000000000000e+02 1.797555881885663212e+02 1.010576217816888374e+02
2.550000000000000000e+02 1.794241087583960734e+02 1.007920178822034103e+02
2.550000000000000000e+02 1.770927628269062666e+02 1.003423921198266555e+02
2.550000000000000000e+02 1.747764139827179974e+02 9.979272730081113707e+01
2.550000000000000000e+02 1.706015229882521282e+02 9.814701183614747038e+01
2.550000000000000000e+02 1.710540890314836133e+02 9.816678619027864272e+01
2.550000000000000000e+02 1.762145941640114017e+02 1.001871993521452424e+02
2.550000000000000000e+02 1.772427723152422345e+02 1.004819511990608731e+02
2.550000000000000000e+02 1.785422716400257741e+02 1.011783255514267807e+02
2.550000000000000000e+02 1.815533421008499886e+02 1.023837480251021645e+02
2.550000000000000000e+02 1.790742815343742507e+02 1.013691216448802663e+02
2.550000000000000000e+02 1.781981484505326705e+02 1.009788443206792721e+02
2.550000000000000000e+02 1.781132267403373532e+02 1.007500441317951925e+02
2.550000000000000000e+02 1.780106898240906617e+02 1.005573349250200863e+02
2.550000000000000000e+02 1.782710563827815520e+02 1.005570701342489173e+02
2.550000000000000000e+02 1.788284564021995209e+02 1.007005028818062300e+02
2.550000000000000000e+02 1.794084849996028197e+02 1.007998148671191672e+02
2.550000000000000000e+02 1.798596167594905353e+02 1.009845825573492704e+02
2.550000000000000000e+02 1.802779310131777493e+02 1.011002497859607985e+02
2.550000000000000000e+02 1.809909220897287696e+02 1.012933771414953554e+02
2.549999988967051081e+02 1.785102992577031955e+02 1.001299427610616277e+02
2.550000000000000000e+02 1.787942763268224269e+02 1.001298191920351002e+02
2.550000000000000000e+02 1.782186112606688653e+02 9.975753329743947972e+01
2.550000000000000000e+02 1.748874561991932808e+02 9.880478190066816069e+01
2.550000000000000000e+02 1.715782158839157319e+02 9.793713977422173400e+01
2.550000000000000000e+02 1.707310983521187779e+02 9.767377556334236033e+01
2.550000000000000000e+02 1.711259400072376025e+02 9.769207370892432607e+01
2.550000000000000000e+02 1.718067601083876923e+02 9.814730089940599100e+01
2.550000000000000000e+02 1.764416941754856794e+02 1.002436439181973071e+02
2.550000000000000000e+02 1.778524111406303803e+02 1.010472088846130134e+02
2.550000000000000000e+02 1.784711598718412802e+02 1.010965603678826454e+02
2.550000000000000000e+02 1.784098961137541153e+02 1.010585805449394030e+02
2.550000000000000000e+02 1.782291576564251443e+02 1.010181811963247043e+02
2.550000000000000000e+02 1.777069008888143458e+02 1.006604323150657052e+02
2.550000000000000000e+02 1.776287512025914168e+02 1.005659538646213065e+02
2.550000000000000000e+02 1.776036214551135402e+02 1.003738470568505790e+02
2.550000000000000000e+02 1.781228044431891533e+02 1.004776240765421846e+02
2.550000000000000000e+02 1.782711258903589737e+02 1.004333300970016865e+02
2.550000000000000000e+02 1.782448531293856036e+02 1.003724447690583190e+02
2.550000000000000000e+02 1.782425086277659716e+02 1.003809743417742766e+02
2.550000000000000000e+02 1.783182045861761651e+02 1.002927206810418568e+02
2.550000000000000000e+02 1.785930243077928026e+02 1.004275499351262653e+02
2.550000000000000000e+02 1.789867417054290968e+02 1.005817089155052599e+02
2.550000000000000000e+02 1.792810202388412790e+02 1.005030605399966390e+02
2.549999988967051081e+02 1.786801382649143477e+02 1.004132490268939222e+02
2.550000000000000000e+02 1.761860971605603083e+02 9.990576096454451260e+01
2.550000000000000000e+02 1.712726572636521780e+02 9.839796949610315835e+01
2.550000000000000000e+02 1.712606666548981877e+02 9.820904128088122320e+01
2.549999988967051081e+02 1.724575882415244905e+02 9.846229710407159530e+01
2.549999977934102446e+02 1.775573238920712811e+02 1.004995266864965515e+02
2.550000000000000000e+02 1.791487881409040028e+02 1.012970467002656676e+02
2.550000000000000000e+02 1.808441033301852769e+02 1.020533829227605338e+02
2.550000000000000000e+02 1.810403982453198353e+02 1.017116009250024291e+02
2.550000000000000000e+02 1.807953167338941114e+02 1.014511968542856408e+02
2.550000000000000000e+02 1.803828609760187760e+02 1.010755690794990187e+02
2.550000000000000000e+02 1.771351260404070729e+02 9.973583038385835664e+01
2.550000000000000000e+02 1.770265927164885227e+02 9.940079282770064140e+01
2.549999988967051081e+02 1.770189391599071485e+02 9.906821672241983379e+01
2.550000000000000000e+02 1.772547287218549457e+02 9.901771008941101115e+01
2.550000000000000000e+02 1.778064423594622951e+02 9.914583351721582005e+01
2.550000000000000000e+02 1.785072243748731182e+02 9.937217446181276159e+01
2.550000000000000000e+02 1.788619281622637800e+02 9.942544484849554465e+01
2.550000000000000000e+02 1.791563865327413794e+02 9.948378046197163371e+01
2.550000000000000000e+02 1.795978115042763648e+02 9.961436313406356646e+01
2.550000000000000000e+02 1.798244481319011072e+02 9.947379012683478550e+01
2.550000000000000000e+02 1.801234421476296745e+02 9.966980921824938378e+01
2.550000000000000000e+02 1.789776516589141693e+02 9.937063867534003236e+01
2.550000000000000000e+02 1.736165586908744274e+02 9.788847012718782992e+01
2.550000000000000000e+02 1.718804017317316379e+02 9.734423131239132942e+01
2.550000000000000000e+02 1.719954599415694929e+02 9.737700579009153046e+01
2.550000000000000000e+02 1.725858661306124588e+02 9.734350313777063946e+01
2.550000000000000000e+02 1.757968734829695450e+02 9.864394136649690381e+01
2.550000000000000000e+02 1.767727113251012838e+02 9.927308423877066446e+01
2.550000000000000000e+02 1.773553701774980880e+02 9.931700640793665968e+01
2.550000000000000000e+02 1.778591357229229288e+02 9.944153640431785846e+01
2.550000000000000000e+02 1.778835549484981868e+02 9.940038460859510394e+01
2.550000000000000000e+02 1.776284180075377037e+02 9.927221925558487214e+01
2.550000000000000000e+02 1.772048300043249185e+02 9.892195623008552730e+01
2.550000000000000000e+02 1.773809313132739476e+02 9.891557256591083558e+01
2.550000000000000000e+02 1.777760741678949898e+02 9.898504483790391362e+01
2.550000000000000000e+02 1.782068170384035000e+02 9.904368827065147229e+01
2.550000000000000000e+02 1.787208785316469175e+02 9.915123414565258031e+01
2.550000000000000000e+02 1.791768636857109982e+02 9.919990489598136207e+01
2.550000000000000000e+02 1.792529590368677077e+02 9.908571497921391824e+01
2.550000000000000000e+02 1.795076248709144977e+02 9.908836619681015634e+01
2.550000000000000000e+02 1.796881934208319649e+02 9.914905072508538808e+01
2.550000000000000000e+02 1.801934704802421834e+02 9.922457677608409199e+01
2.549999900703460867e+02 1.788617041934031704e+02 9.855529934596680164e+01
2.550000000000000000e+02 1.777741378853808953e+02 9.836502069781194280e+01
2.550000000000000000e+02 1.748166412173314370e+02 9.762255840843093324e+01
2.550000000000000000e+02 1.735720650149606854e+02 9.725925002427248955e+01
2.550000000000000000e+02 1.739714522449844196e+02 9.726952059630882275e+01
2.550000000000000000e+02 1.749161396594790574e+02 9.745211369233078358e+01
2.550000000000000000e+02 1.763137726506438696e+02 9.807241806932222516e+01
2.550000000000000000e+02 1.795962757178036497e+02 9.948990705843932858e+01
2.550000000000000000e+02 1.798337069825326466e+02 9.935880473445898531e+01
2.549999944835255974e+02 1.799390550941331242e+02 9.929759945100046536e+01
2.550000000000000000e+02 1.796009569979787557e+02 9.930556303344307878e+01
2.550000000000000000e+02 1.764704217675666484e+02 9.803933135917102959e+01
2.550000000000000000e+02 1.766649525141883714e+02 9.805986588347440147e+01
2.550000000000000000e+02 1.774437429940775246e+02 9.822157471071608370e+01
2.550000000000000000e+02 1.778535662903695709e+02 9.832232980573184022e+01
2.550000000000000000e+02 1.780698275329443732e+02 9.826449508813119849e+01
2.550000000000000000e+02 1.783217560923943381e+02 9.832404432597509469e+01
2.550000000000000000e+02 1.778948979231577141e+02 9.799328976054087548e+01
2.550000000000000000e+02 1.778414201170375293e+02 9.787889242433604409e+01
2.550000000000000000e+02 1.779127304783004035e+02 9.796828799526906550e+01
2.550000000000000000e+02 1.782788004095430665e+02 9.806495096957553415e+01
2.550000000000000000e+02 1.780684009726647616e+02 9.782347833570173634e+01
2.550000000000000000e+02 1.765901116093100427e+02 9.752390067698173937e+01
2.550000000000000000e+02 1.735745783206969293e+02 9.673405297580694651e+01
2.550000000000000000e+02 1.723299921886722643e+02 9.648407393840966506e+01
2.550000000000000000e+02 1.718259508195274350e+02 9.637622576061149005e+01
2.550000000000000000e+02 1.729277496314995233e+02 9.680837753868151196e+01
2.550000000000000000e+02 1.741419234401616905e+02 9.738551550349964714e+01
2.550000000000000000e+02 1.774159995410293220e+02 9.866390990052693155e+01
2.550000000000000000e+02 1.782309869193358907e+02 9.898680348994236056e+01
2.550000000000000000e+02 1.788432317272302043e+02 9.913846461071344152e+01
2.550000000000000000e+02 1.784812572265814765e+02 9.897832466879087576e+01
2.550000000000000000e+02 1.784107103453754348e+02 9.898949442615426619e+01
2.550000000000000000e+02 1.782158144081485034e+02 9.864006659487894524e+01
2.550000000000000000e+02 1.784052192467585201e+02 9.869353226475546137e+01
2.550000000000000000e+02 1.788874528893086335e+02 9.875217569750302005e+01
2.550000000000000000e+02 1.794265459367856295e+02 9.887907777787584962e+01
2.550000000000000000e+02 1.800597963758969797e+02 9.897655277721386824e+01
2.550000000000000000e+02 1.804695413382525544e+02 9.912180706461776936e+01
2.550000000000000000e+02 1.808306056206254482e+02 9.927693473790127143e+01
2.549999867604614394e+02 1.789900361439402730e+02 9.833581537904798608e+01
2.550000000000000000e+02 1.790952540667449284e+02 9.822528398810206340e+01
2.550000000000000000e+02 1.790201616106340055e+02 9.799929609786667584e+01
2.550000000000000000e+02 1.785745010900553496e+02 9.788702922407478013e+01
2.550000000000000000e+02 1.754328920889343806e+02 9.700080871514691694e+01
2.550000000000000000e+02 1.730618440911939331e+02 9.649538602081256045e+01
2.550000000000000000e+02 1.726506427795969785e+02 9.641573364696328952e+01
2.550000000000000000e+02 1.729322047362242643e+02 9.650172996637157041e+01
2.550000000000000000e+02 1.739673546078007291e+02 9.691560125157771211e+01
2.550000000000000000e+02 1.773347860049251210e+02 9.843469376947315652e+01
2.550000000000000000e+02 1.775033606362039507e+02 9.840976371836853787e+01
2.550000000000000000e+02 1.780855660344051614e+02 9.869612280113329916e+01
2.550000000000000000e+02 1.780665661932796127e+02 9.863768899441291182e+01
2.550000000000000000e+02 1.778093396118167391e+02 9.856461998111159062e+01
2.550000000000000000e+02 1.771063333539281643e+02 9.826015693266370477e+01
2.550000000000000000e+02 1.769731998640740755e+02 9.811265192370495924e+01
2.550000000000000000e+02 1.773379050195503908e+02 9.826045592557613872e+01
2.550000000000000000e+02 1.778442191761476465e+02 9.840800285974033557e+01
2.550000000000000000e+02 1.781750531788132150e+02 9.835463648640299539e+01
2.550000000000000000e+02 1.787155606503261254e+02 9.859257416348182801e+01
2.550000000000000000e+02 1.790724941966689414e+02 9.868624389877930980e+01
2.550000000000000000e+02 1.791472931763418330e+02 9.863769230429755908e+01
2.550000000000000000e+02 1.794273612717018125e+02 9.869144593413770394e+01
2.550000000000000000e+02 1.798991478150348087e+02 9.881207798970847023e+01
2.550000000000000000e+02 1.799146093894807450e+02 9.886295091661739320e+01
2.550000000000000000e+02 1.761081725464928525e+02 9.757593868328375208e+01
2.550000000000000000e+02 1.738116355684616678e+02 9.704184687149704303e+01
2.550000000000000000e+02 1.719972263166721120e+02 9.673709144990600350e+01
2.550000000000000000e+02 1.717959411987960721e+02 9.661492360786252220e+01
2.550000000000000000e+02 1.726675618065791582e+02 9.693248717971349038e+01
2.549999955868204893e+02 1.757475915072773205e+02 9.811737402579062461e+01
2.550000000000000000e+02 1.764804176191778993e+02 9.845886585699533100e+01
2.550000000000000000e+02 1.772929645092102930e+02 9.865669655860260434e+01
2.549999812439870368e+02 1.775588199599283428e+02 9.872920399481010634e+01
2.550000000000000000e+02 1.773241491389886733e+02 9.871147845927076503e+01
2.550000000000000000e+02 1.774429100064432419e+02 9.875254971446727836e+01
2.550000000000000000e+02 1.774164375490966279e+02 9.850407446799120237e+01
2.550000000000000000e+02 1.774709204568523546e+02 9.842098533059127874e+01
2.550000000000000000e+02 1.779572219476243902e+02 9.852374400910879615e+01
2.550000000000000000e+02 1.786756434415739250e+02 9.876823636106870197e+01
2.550000000000000000e+02 1.788872907049612877e+02 9.874899710495424188e+01
2.550000000000000000e+02 1.788871461733320416e+02 9.865219290890314596e+01
2.550000000000000000e+02 1.785280898876404478e+02 9.841074565081157743e+01
2.550000000000000000e+02 1.783054449808909396e+02 9.829435466075888428e+01
2.550000000000000000e+02 1.782074404000105972e+02 9.813618079031218144e+01
2.550000000000000000e+02 1.784161771715049838e+02 9.824101145661403223e+01
2.550000000000000000e+02 1.780591663945205880e+02 9.824427058968905158e+01
2.550000000000000000e+02 1.758619756039436197e+02 9.781540994024554436e+01
2.550000000000000000e+02 1.731658561126949394e+02 9.721480268674369540e+01
2.550000000000000000e+02 1.720344382463789827e+02 9.688761176377133211e+01
2.550000000000000000e+02 1.721546488433056368e+02 9.691347520234428714e+01
2.550000000000000000e+02 1.728589106507674558e+02 9.729258718236140169e+01
2.550000000000000000e+02 1.738164768263943358e+02 9.777124394291111287e+01
2.550000000000000000e+02 1.783841253519510701e+02 9.986871673565937613e+01
2.550000000000000000e+02 1.786155701386620933e+02 9.977856209784901864e+01
2.550000000000000000e+02 1.786804273281728683e+02 9.977856982091317661e+01
2.550000000000000000e+02 1.787314348570571099e+02 9.979862551523871161e+01
2.550000000000000000e+02 1.788926913333980622e+02 9.985180763833110973e+01
2.550000000000000000e+02 1.786356688614879431e+02 9.968109151169051074e+01
2.550000000000000000e+02 1.788098758131283148e+02 9.960615020697811417e+01
2.550000000000000000e+02 1.793366042348870621e+02 9.969458149818618153e+01
2.550000000000000000e+02 1.796886192926555736e+02 9.989184620952011073e+01
2.550000000000000000e+02 1.800268100655798378e+02 9.993354854938789344e+01
2.550000000000000000e+02 1.801668512846765680e+02 9.996358244260659376e+01
2.550000000000000000e+02 1.765805019109067189e+02 9.838765479227164690e+01
2.550000000000000000e+02 1.765133664174691432e+02 9.828700561356434662e+01
2.550000000000000000e+02 1.764825160860393396e+02 9.822916868937394952e+01
2.550000000000000000e+02 1.756435971384943855e+02 9.778770068933863513e+01
2.550000000000000000e+02 1.736833698156173682e+02 9.754774618921948104e+01
2.550000000000000000e+02 1.712519285594499365e+02 9.716938003654112777e+01
2.550000000000000000e+02 1.703921948507021398e+02 9.705691898285039088e+01
2.550000000000000000e+02 1.707363301764389121e+02 9.699663936379603513e+01
2.549999889670511948e+02 1.757937224727927514e+02 9.912371355817012386e+01
2.550000000000000000e+02 1.767618493870093630e+02 9.962303723840878433e+01
2.550000000000000000e+02 1.796843219590986394e+02 1.008912758060672417e+02
2.550000000000000000e+02 1.798752901665533841e+02 1.008957077415995087e+02
2.550000000000000000e+02 1.799383611216537133e+02 1.008047940369118294e+02
2.550000000000000000e+02 1.772466327440267548e+02 9.973282831849033414e+01
2.550000000000000000e+02 1.770791437549096656e+02 9.963121044687855488e+01
2.550000000000000000e+02 1.771220685455043053e+02 9.932138538531469862e+01
2.550000000000000000e+02 1.775424978154761391e+02 9.935154615744458795e+01
2.550000000000000000e+02 1.777868974906661208e+02 9.939889957368686169e+01
2.550000000000000000e+02 1.781373602125387379e+02 9.950009929653919016e+01
2.550000000000000000e+02 1.784018850896316621e+02 9.955333879096534133e+01
2.550000000000000000e+02 1.785258038606494324e+02 9.954847436384017101e+01
2.550000000000000000e+02 1.786366176950845954e+02 9.953046969469623662e+01
2.550000000000000000e+02 1.783744218734829587e+02 9.925940779544029624e+01
2.550000000000000000e+02 1.780326023636989419e+02 9.912112412508716375e+01
2.550000000000000000e+02 1.776767125343124576e+02 9.906432650467355927e+01
2.550000000000000000e+02 1.762368454151477977e+02 9.867848994236388194e+01
2.550000000000000000e+02 1.729469690283061425e+02 9.801705914543191511e+01
2.550000000000000000e+02 1.705235310731970060e+02 9.743995427946018140e+01
2.550000000000000000e+02 1.703620539378800913e+02 9.743591732349489121e+01
2.550000000000000000e+02 1.718859601313362191e+02 9.805945104459959794e+01
2.550000000000000000e+02 1.732686754724308571e+02 9.865277875848433098e+01
2.550000000000000000e+02 1.770177365684881465e+02 1.004062243483940478e+02
2.550000000000000000e+02 1.775832226360803929e+02 1.006575692648525546e+02
2.550000000000000000e+02 1.779293284464725389e+02 1.008031534374255216e+02
2.550000000000000000e+02 1.777145544453957200e+02 1.006550118273211183e+02
2.550000000000000000e+02 1.767890566387459614e+02 1.002152837233113019e+02
2.550000000000000000e+02 1.763680018005772467e+02 9.998904869502281656e+01
2.550000000000000000e+02 1.766728697582460370e+02 1.001163810603987798e+02
2.550000000000000000e+02 1.776915739163437706e+02 1.004322709339170530e+02
2.550000000000000000e+02 1.784373626397874659e+02 1.006616889679338414e+02
2.550000000000000000e+02 1.788201287324465909e+02 1.006853634694652158e+02
2.550000000000000000e+02 1.790228238611790346e+02 1.007344027202838532e+02
2.549999988967051081e+02 1.793379028129606354e+02 1.007495443392146370e+02
2.550000000000000000e+02 1.793660765510119290e+02 1.006264607624208907e+02
2.550000000000000000e+02 1.801786223377494593e+02 1.008307644950881325e+02
2.550000000000000000e+02 1.804467571956892016e+02 1.007844713452253842e+02
2.550000000000000000e+02 1.784148697670723891e+02 1.000486111724052734e+02
2.550000000000000000e+02 1.767791854594561300e+02 9.946894997219696677e+01
2.550000000000000000e+02 1.734967563130533108e+02 9.882152219387980097e+01
2.550000000000000000e+02 1.718521187674872124e+02 9.823653759587632806e+01
2.549999955868204893e+02 1.725064410355084306e+02 9.842644112377203669e+01
2.549999988967051081e+02 1.742315904216351612e+02 9.885457249529996204e+01
2.550000000000000000e+02 1.781910079260704265e+02 1.006763274843994083e+02
2.550000000000000000e+02 1.789241617165503158e+02 1.008688116190190414e+02
2.550000000000000000e+02 1.794212743938497852e+02 1.010010580597897558e+02
2.550000000000000000e+02 1.792878010891727172e+02 1.009019281181319911e+02
2.550000000000000000e+02 1.782466095748342809e+02 1.004339887640449405e+02
2.550000000000000000e+02 1.774831515838901339e+02 1.002990447672930401e+02
2.550000000000000000e+02 1.753917744953529336e+02 9.969700543703716278e+01
2.550000000000000000e+02 1.756892547905063680e+02 9.969197330909027244e+01
2.549999955868204893e+02 1.787791269848274851e+02 1.007757685552132898e+02
2.550000000000000000e+02 1.793243024969769692e+02 1.008130533023822295e+02
2.550000000000000000e+02 1.797412034299231323e+02 1.007633796570076896e+02
2.550000000000000000e+02 1.803921595452659687e+02 1.008845070919794864e+02
2.550000000000000000e+02 1.811647450947509697e+02 1.011953747672047825e+02
2.550000000000000000e+02 1.801094821575152025e+02 1.005723143596035243e+02
2.550000000000000000e+02 1.804953661615047054e+02 1.005565217966936444e+02
2.550000000000000000e+02 1.803207653335922487e+02 1.003340004589706638e+02
2.550000000000000000e+02 1.793801016355243405e+02 1.001198012745262389e+02
2.550000000000000000e+02 1.759318108599521508e+02 9.922585218496517712e+01
2.550000000000000000e+02 1.702206501496067972e+02 9.707236952434750776e+01
2.550000000000000000e+02 1.706107299840242888e+02 9.718827837453771679e+01
2.550000000000000000e+02 1.720789749507930537e+02 9.753326985710124575e+01
2.550000000000000000e+02 1.767572001023857524e+02 9.959137929512696985e+01
2.550000000000000000e+02 1.785248616468220746e+02 1.005156645807038132e+02
2.550000000000000000e+02 1.822437509378006553e+02 1.020776476870526182e+02
2.550000000000000000e+02 1.826270995701563038e+02 1.021301887958198336e+02
2.550000000000000000e+02 1.807737649717115289e+02 1.013727216960731567e+02
2.550000000000000000e+02 1.804849201655825084e+02 1.010832855238885344e+02
2.550000000000000000e+02 1.803885341182908633e+02 1.008587297104071610e+02
2.550000000000000000e+02 1.775814595708624211e+02 9.962383050742738533e+01
2.550000000000000000e+02 1.772150939565919714e+02 9.916033301852652926e+01
2.550000000000000000e+02 1.772630641146720620e+02 9.914521456878823358e+01
2.550000000000000000e+02 1.770833726841840416e+02 9.877149990732323204e+01
2.550000000000000000e+02 1.774786997890500118e+02 9.888958886819598604e+01
2.550000000000000000e+02 1.778925633511919955e+02 9.890998879052402515e+01
2.550000000000000000e+02 1.780974749993380328e+02 9.894785276750486958e+01
2.549999878637563313e+02 1.783475963617748050e+02 9.901358045667581109e+01
2.550000000000000000e+02 1.787710751387944867e+02 9.918551020768423143e+01
2.550000000000000000e+02 1.781480654827577155e+02 9.887587822272433868e+01
2.550000000000000000e+02 1.756240677158265555e+02 9.821958216016311383e+01
2.550000000000000000e+02 1.736017326142792854e+02 9.788483587385367457e+01
2.550000000000000000e+02 1.733924386788705760e+02 9.783372132536607069e+01
2.550000000000000000e+02 1.742879654801097900e+02 9.795780448732094214e+01
2.550000000000000000e+02 1.756434691562883472e+02 9.850563232036152783e+01
2.550000000000000000e+02 1.769518202158927522e+02 9.903690190384564573e+01
2.550000000000000000e+02 1.813215541894313105e+02 1.010094960590306954e+02
2.550000000000000000e+02 1.810523700980608623e+02 1.007772569000061793e+02
2.550000000000000000e+02 1.803348830948745274e+02 1.005693619425050969e+02
2.550000000000000000e+02 1.762843885981093877e+02 9.890561643291525229e+01
2.550000000000000000e+02 1.759694696240853773e+02 9.862073797187922253e+01
2.550000000000000000e+02 1.761453138653274095e+02 9.850693420831971991e+01
2.550000000000000000e+02 1.768427407610086846e+02 9.869032939971931739e+01
2.550000000000000000e+02 1.777479666275364707e+02 9.921116733011464817e+01
2.550000000000000000e+02 1.783718324403999986e+02 9.936861523253043060e+01
2.550000000000000000e+02 1.787593890394273330e+02 9.943982188407460399e+01
2.550000000000000000e+02 1.788439256997096152e+02 9.928119897261180427e+01
2.550000000000000000e+02 1.792032048509669266e+02 9.939471918938718886e+01
2.550000000000000000e+02 1.795111156959142704e+02 9.938437359329903131e+01
2.550000000000000000e+02 1.793474330741325957e+02 9.922509973785713555e+01
2.550000000000000000e+02 1.778950490745562547e+02 9.889661354669584625e+01
2.550000000000000000e+02 1.742195876766375022e+02 9.812687780788546377e+01
2.550000000000000000e+02 1.691057839130780280e+02 9.672598347705587685e+01
2.550000000000000000e+02 1.687977914243095654e+02 9.640210795519740827e+01
2.550000000000000000e+02 1.721136139968401721e+02 9.748498967315993013e+01
2.550000000000000000e+02 1.733685380018888509e+02 9.799169880932416277e+01
2.550000000000000000e+02 1.782825383725959227e+02 1.002245425739428271e+02
2.550000000000000000e+02 1.789797611587244148e+02 1.004249406427354643e+02
2.550000000000000000e+02 1.791610137514673795e+02 1.004404628983997867e+02
2.550000000000000000e+02 1.788712785863703232e+02 1.003371029241727541e+02
2.550000000000000000e+02 1.780506533712278383e+02 9.995412168901206940e+01
2.550000000000000000e+02 1.777355457337793609e+02 9.979641230570976518e+01
2.550000000000000000e+02 1.779057598612496349e+02 9.975708204983362748e+01
2.550000000000000000e+02 1.785649167674342550e+02 9.990906312611984674e+01
2.550000000000000000e+02 1.789839669188063169e+02 9.991764124381052170e+01
2.550000000000000000e+02 1.793662751440903094e+02 1.000069959928329979e+02
2.550000000000000000e+02 1.799230804875680860e+02 1.001616613855618425e+02
2.550000000000000000e+02 1.800390047838866110e+02 1.001299229017538011e+02
2.550000000000000000e+02 1.775610651650087846e+02 9.906602557878849780e+01
2.550000000000000000e+02 1.777413391351933285e+02 9.892107249088678600e+01
2.550000000000000000e+02 1.778462889573422103e+02 9.881917879555504669e+01
2.550000000000000000e+02 1.755015732984986414e+02 9.816411070019506724e+01
2.550000000000000000e+02 1.722782068368977093e+02 9.744944040883694925e+01
2.550000000000000000e+02 1.712179614199846469e+02 9.718151076374485342e+01
2.550000000000000000e+02 1.713816837603820034e+02 9.725647082447019898e+01
2.550000000000000000e+02 1.728895656990034979e+02 9.777365353892865585e+01
2.550000000000000000e+02 1.770784288198275362e+02 9.962283864533041822e+01
2.550000000000000000e+02 1.778950314218381834e+02 1.000231438166941729e+02
2.550000000000000000e+02 1.786073847939486541e+02 1.002599395835723755e+02
2.550000000000000000e+02 1.791853491266317633e+02 1.004504951587420720e+02
2.550000000000000000e+02 1.787287615735632755e+02 1.002019647475219983e+02
2.550000000000000000e+02 1.783948052463878184e+02 1.000097067883527302e+02
2.550000000000000000e+02 1.783828951781600551e+02 9.986953427716532872e+01
2.550000000000000000e+02 1.789295060769482006e+02 1.000076259742093754e+02
2.550000000000000000e+02 1.795793246952699462e+02 1.001498164117319902e+02
2.550000000000000000e+02 1.800056014281048817e+02 1.001959595134910899e+02
2.550000000000000000e+02 1.803969312956212434e+02 1.002242832996460606e+02
2.550000000000000000e+02 1.807810092058924738e+02 1.003406025755315625e+02
2.550000000000000000e+02 1.777752091847092117e+02 9.896808719560094403e+01
2.550000000000000000e+02 1.779368065791680351e+02 9.886618246732039950e+01
2.550000000000000000e+02 1.780851887075562558e+02 9.872343596917835384e+01
2.550000000000000000e+02 1.781894478671103457e+02 9.870459389922062599e+01
2.550000000000000000e+02 1.769131111150339279e+02 9.859954147064794938e+01
2.550000000000000000e+02 1.729778436322232835e+02 9.754995719215865790e+01
2.549999922769358420e+02 1.702518193332568330e+02 9.687846434592266576e+01
2.550000000000000000e+02 1.703615497321200110e+02 9.681394035146561805e+01
2.549999955868204893e+02 1.721105556634332743e+02 9.754889030600986644e+01
2.550000000000000000e+02 1.730059677220049821e+02 9.782354673998429462e+01
2.550000000000000000e+02 1.773257235407821781e+02 9.984335860614137914e+01
2.550000000000000000e+02 1.777179272178433678e+02 9.992934940907525743e+01
2.550000000000000000e+02 1.779571678861752844e+02 9.997824523155952647e+01
2.550000000000000000e+02 1.777893655613123087e+02 9.988538090152431437e+01
2.549999845538716841e+02 1.768349581189263517e+02 9.947992885954614906e+01
2.550000000000000000e+02 1.767157349709171399e+02 9.939684523862061383e+01
2.550000000000000000e+02 1.769706468397221499e+02 9.929117827479986147e+01
2.550000000000000000e+02 1.774574426066003525e+02 9.940329289389833889e+01
2.550000000000000000e+02 1.783904097195865859e+02 9.965347935073302210e+01
2.550000000000000000e+02 1.790192889043840410e+02 9.982774367370716107e+01
2.550000000000000000e+02 1.798309145431917955e+02 1.000958399163261134e+02
2.550000000000000000e+02 1.800842498036135169e+02 1.000634394555901707e+02
2.550000000000000000e+02 1.797358800321279375e+02 9.971127655630775166e+01
2.550000000000000000e+02 1.798413329567420078e+02 9.978021042039948441e+01
2.550000000000000000e+02 1.771180966839368978e+02 9.865283502652320635e+01
2.550000000000000000e+02 1.746707757045641074e+02 9.784085302346929325e+01
2.550000000000000000e+02 1.708093407151116025e+02 9.695384586529210935e+01
2.550000000000000000e+02 1.685391283529131385e+02 9.647113890923854740e+01
2.549999834505767922e+02 1.684688859810939334e+02 9.638772319655419096e+01
2.550000000000000000e+02 1.732714546722331477e+02 9.812764680441671317e+01
2.550000000000000000e+02 1.744753700451026930e+02 9.887581754150595259e+01
2.550000000000000000e+02 1.776744750522961738e+02 1.003042423894719235e+02
2.550000000000000000e+02 1.783039069878284408e+02 1.005319425933608102e+02
2.550000000000000000e+02 1.784762780567888001e+02 1.005417431617783279e+02
2.550000000000000000e+02 1.781258716029550726e+02 1.005168991676743389e+02
2.550000000000000000e+02 1.774637964818132900e+02 1.002852370318719863e+02
2.550000000000000000e+02 1.775244048827418339e+02 1.001669748537030955e+02
2.550000000000000000e+02 1.780897751043716823e+02 1.003875941110532466e+02
2.550000000000000000e+02 1.787931708253528313e+02 1.005546428855133030e+02
2.550000000000000000e+02 1.793116344651667760e+02 1.006341783101052982e+02
2.550000000000000000e+02 1.796377629151698727e+02 1.006327583695949528e+02
2.550000000000000000e+02 1.798027970731793346e+02 1.006033257720857534e+02
2.550000000000000000e+02 1.798503259133075005e+02 1.005873445457514350e+02
2.550000000000000000e+02 1.780221696073152771e+02 9.982315948348147572e+01
2.550000000000000000e+02 1.781987729154346596e+02 9.968080906820127041e+01
2.550000000000000000e+02 1.768064864912574876e+02 9.942089596370601612e+01
2.550000000000000000e+02 1.732957635683204387e+02 9.859649086030520948e+01
2.550000000000000000e+02 1.709659103948030463e+02 9.789785916661517717e+01
2.550000000000000000e+02 1.711423382790365224e+02 9.794447999505723601e+01
2.550000000000000000e+02 1.727882126181628735e+02 9.836430686602469109e+01
2.550000000000000000e+02 1.771690689073850251e+02 1.001395976945550217e+02
2.550000000000000000e+02 1.784704559697079276e+02 1.006302351342047956e+02
2.550000000000000000e+02 1.797878099155317386e+02 1.012175322382763909e+02
2.550000000000000000e+02 1.797354927756251186e+02 1.012638783462933674e+02
2.550000000000000000e+02 1.789768517701263022e+02 1.007479158759719979e+02
2.550000000000000000e+02 1.785667504435245405e+02 1.004967265240915424e+02
2.550000000000000000e+02 1.784830456675816777e+02 1.003932462907226153e+02
2.549999834505767922e+02 1.788555478079737213e+02 1.004303092756207150e+02
2.550000000000000000e+02 1.795430593925699725e+02 1.006355022639610866e+02
2.550000000000000000e+02 1.798581780629672551e+02 1.006752341191734956e+02
2.550000000000000000e+02 1.801498616468220746e+02 1.007278226696205508e+02
2.550000000000000000e+02 1.783791836941843201e+02 1.000349909971137805e+02
2.550000000000000000e+02 1.781583073691271579e+02 9.976250695075773933e+01
2.550000000000000000e+02 1.784142806076065426e+02 9.977286468308957978e+01
2.550000000000000000e+02 1.784949844214762891e+02 9.957148688844364415e+01
2.550000000000000000e+02 1.783628119014625213e+02 9.965056003248099614e+01
2.549999834505767922e+02 1.757409904940113279e+02 9.902419966989417333e+01
2.550000000000000000e+02 1.718960751387944867e+02 9.785633225063328666e+01
2.550000000000000000e+02 1.709595090779102691e+02 9.773209573069013345e+01
2.550000000000000000e+02 1.710154560579715337e+02 9.761910619875195039e+01
2.550000000000000000e+02 1.723969037132492588e+02 9.808419463886951917e+01
2.550000000000000000e+02 1.763469189387186020e+02 9.985594609742534544e+01
2.550000000000000000e+02 1.770790157727035989e+02 1.000712132713134537e+02
2.550000000000000000e+02 1.779686752517718844e+02 1.006585324412826452e+02
2.550000000000000000e+02 1.777517244498971820e+02 1.006112507392075628e+02
2.550000000000000000e+02 1.764043840525344820e+02 9.993822872626812170e+01
2.550000000000000000e+02 1.758723686417116028e+02 9.975827912477824100e+01
2.550000000000000000e+02 1.760216631949654413e+02 9.984798472157250160e+01
2.549999988967051081e+02 1.766827630034334504e+02 1.000071140453851370e+02
2.550000000000000000e+02 1.771675904922460347e+02 1.001478216545892650e+02
2.550000000000000000e+02 1.782353063187904354e+02 1.006850269645268696e+02
2.550000000000000000e+02 1.785012511363937335e+02 1.006675066418351747e+02
2.550000000000000000e+02 1.786156815714449522e+02 1.006774219529201986e+02
2.550000000000000000e+02 1.784493973803366487e+02 1.004225762818079914e+02
2.550000000000000000e+02 1.784069304571171415e+02 1.003473745995039650e+02
2.550000000000000000e+02 1.781358222194762391e+02 1.000383880420487799e+02
2.550000000000000000e+02 1.775555376576608353e+02 9.996961525900950107e+01
2.550000000000000000e+02 1.739534244066480255e+02 9.912051179642885756e+01
2.550000000000000000e+02 1.704807386779879437e+02 9.826987475396524019e+01
2.550000000000000000e+02 1.696414324739401707e+02 9.802124835609062359e+01
2.550000000000000000e+02 1.702974030645118546e+02 9.812427844514859032e+01
2.550000000000000000e+02 1.725439122395120819e+02 9.925336615267835327e+01
2.550000000000000000e+02 1.764565996893121564e+02 1.009260229750125717e+02
2.550000000000000000e+02 1.772667226404935832e+02 1.011509296362657437e+02
2.550000000000000000e+02 1.805570591013001263e+02 1.026047457125960989e+02
2.550000000000000000e+02 1.774902623193906379e+02 1.013005154593678583e+02
2.550000000000000000e+02 1.769773294968092614e+02 1.011447986266185382e+02
2.550000000000000000e+02 1.763961137541152766e+02 1.005649774486526553e+02
2.550000000000000000e+02 1.766838872609160092e+02 1.006989185503587976e+02
2.550000000000000000e+02 1.773152245867057388e+02 1.008306574754847844e+02
2.550000000000000000e+02 1.778215508795466917e+02 1.009312735553456832e+02
2.550000000000000000e+02 1.782794800391890249e+02 1.009028107540358548e+02
2.550000000000000000e+02 1.788047631446551975e+02 1.010845631393593891e+02
2.550000000000000000e+02 1.792558088475423119e+02 1.012590392949504405e+02
2.550000000000000000e+02 1.797864363134063694e+02 1.012628147700292089e+02
2.550000000000000000e+02 1.798979176412438221e+02 1.012188065438625983e+02
2.550000000000000000e+02 1.804673579176853764e+02 1.014267147409022272e+02
2.550000000000000000e+02 1.804827841866951417e+02 1.013562186112606724e+02
2.550000000000000000e+02 1.752725381078051612e+02 9.974937553509801091e+01
2.550000000000000000e+02 1.726085984183164612e+02 9.912200124451662475e+01
2.550000000000000000e+02 1.718254355808185494e+02 9.873334576378897509e+01
2.550000000000000000e+02 1.726549853482439971e+02 9.884375027582372297e+01
2.550000000000000000e+02 1.744906242001111991e+02 9.965865380371943161e+01
2.550000000000000000e+02 1.781442878010891775e+02 1.011009878902354018e+02
2.550000000000000000e+02 1.790981391828556752e+02 1.014452357520499248e+02
2.550000000000000000e+02 1.798268709674572108e+02 1.016197097010512209e+02
2.550000000000000000e+02 1.797875749137223522e+02 1.014917947959787057e+02
2.550000000000000000e+02 1.790414894039559783e+02 1.010516242707220869e+02
2.550000000000000000e+02 1.788736694263749314e+02 1.010776156915010944e+02
2.550000000000000000e+02 1.767443400972664733e+02 1.000757301605514726e+02
2.550000000000000000e+02 1.770067124460488799e+02 1.000184713628781026e+02
2.550000000000000000e+02 1.777173667440444262e+02 1.002125585849581171e+02
2.550000000000000000e+02 1.781101518575072475e+02 1.001920428166676942e+02
2.550000000000000000e+02 1.781966248003036242e+02 1.001657921215919202e+02
2.550000000000000000e+02 1.784372931322100442e+02 1.002538571188998873e+02
2.550000000000000000e+02 1.783949277121194825e+02 1.000416460718289073e+02
2.550000000000000000e+02 1.785037600289504667e+02 1.000128600051192933e+02
2.550000000000000000e+02 1.780774016522944123e+02 9.974726272540314653e+01
2.550000000000000000e+02 1.757788026161328219e+02 9.911606220817850499e+01
2.549999713143331235e+02 1.723255260509986897e+02 9.836856558426083552e+01
2.550000000000000000e+02 1.705947796499465881e+02 9.785686293547048820e+01
2.550000000000000000e+02 1.704998201629345829e+02 9.767917839836889016e+01
2.550000000000000000e+02 1.720315387874347834e+02 9.842361668887967596e+01
2.549999966901153527e+02 1.733437657219520247e+02 9.915708381510543745e+01
2.550000000000000000e+02 1.765672634756436707e+02 1.004407817506200473e+02
2.550000000000000000e+02 1.770051479739092883e+02 1.007152329717468291e+02
2.550000000000000000e+02 1.770309474213792100e+02 1.007029510931445628e+02
2.550000000000000000e+02 1.766577788908797118e+02 1.005161820260024541e+02
2.550000000000000000e+02 1.760721996169360182e+02 1.001725222203588856e+02
2.550000000000000000e+02 1.762484200817320925e+02 1.002119650123127741e+02
2.550000000000000000e+02 1.765300438228726136e+02 1.002334053417124835e+02
2.550000000000000000e+02 1.765780283237861568e+02 1.002052955947642090e+02
2.550000000000000000e+02 1.770498545857348347e+02 1.004505801124478097e+02
2.550000000000000000e+02 1.773713337511143209e+02 1.005564710451291717e+02
2.549999922769358420e+02 1.771816817744512207e+02 1.002899282417010198e+02
2.549999944835255974e+02 1.772132216651808960e+02 1.002668638622381820e+02
2.550000000000000000e+02 1.775039442791953945e+02 1.002737881409039886e+02
2.549999977934102446e+02 1.778926218258206404e+02 1.003668753365049326e+02
2.549999889670511948e+02 1.776860254463931028e+02 1.003859093797717463e+02
2.550000000000000000e+02 1.755120049515874143e+02 9.984860918647449068e+01
2.550000000000000000e+02 1.720182087786967031e+02 9.860585673054008282e+01
2.550000000000000000e+02 1.713369076409790068e+02 9.844587345649046028e+01
2.550000000000000000e+02 1.716683859678543911e+02 9.852454941437108005e+01
2.550000000000000000e+02 1.730729288948515716e+02 9.911364930227631476e+01
2.550000000000000000e+02 1.770497199837595019e+02 1.009798681783277630e+02
2.550000000000000000e+02 1.780219688076471698e+02 1.013486191161284040e+02
2.550000000000000000e+02 1.786980469474037250e+02 1.015246597438590612e+02
2.550000000000000000e+02 1.788490769835035223e+02 1.014546931957598161e+02
2.550000000000000000e+02 1.789187875671906625e+02 1.014687955109137931e+02
2.550000000000000000e+02 1.788922753912283667e+02 1.012489926917747169e+02
2.550000000000000000e+02 1.790767231259433174e+02 1.012837100717582928e+02
2.550000000000000000e+02 1.791647461980458331e+02 1.012453242362992825e+02
2.550000000000000000e+02 1.793801181849475199e+02 1.012657638772430033e+02
2.550000000000000000e+02 1.775943526748281158e+02 1.005228856456922983e+02
2.550000000000000000e+02 1.776254424212468166e+02 1.002637735332797888e+02
2.550000000000000000e+02 1.783382150454116299e+02 1.003136115695914299e+02
2.550000000000000000e+02 1.790120634262160593e+02 1.005794990158609608e+02
2.550000000000000000e+02 1.794526609265911645e+02 1.007718816473516483e+02
2.550000000000000000e+02 1.795454711951772708e+02 1.005407490930916055e+02
2.550000000000000000e+02 1.792203059216042789e+02 1.004901718492104834e+02
2.550000000000000000e+02 1.763038518230844716e+02 9.958403797099659016e+01
2.550000000000000000e+02 1.734940377944693921e+02 9.888072941031094842e+01
2.550000000000000000e+02 1.694372159015684360e+02 9.772489562830436682e+01
2.550000000000000000e+02 1.690345827780082573e+02 9.748380032127947459e+01
2.550000000000000000e+02 1.713759664863147236e+02 9.822609711642850527e+01
2.550000000000000000e+02 1.726815537922451540e+02 9.907454742844029738e+01
2.550000000000000000e+02 1.763822960890403237e+02 1.004962841028447400e+02
2.550000000000000000e+02 1.773482506156385341e+02 1.008878655215936817e+02
2.550000000000000000e+02 1.781230063461521524e+02 1.013071175759287570e+02
2.550000000000000000e+02 1.776412702895928533e+02 1.009242521867304561e+02
2.550000000000000000e+02 1.773643410681659702e+02 1.007939817470895036e+02
2.550000000000000000e+02 1.777769446675551990e+02 1.009653366814655300e+02
2.550000000000000000e+02 1.778443019232636289e+02 1.007452348694140198e+02
2.550000000000000000e+02 1.782022140921648372e+02 1.007620016417027813e+02
2.550000000000000000e+02 1.786595971208416813e+02 1.008012314977448654e+02
2.550000000000000000e+02 1.790629440761891260e+02 1.009250344228002518e+02
2.550000000000000000e+02 1.794408689109155546e+02 1.010517147409022272e+02
2.550000000000000000e+02 1.798052364581586460e+02 1.013107396930192294e+02
2.550000000000000000e+02 1.798761639760982121e+02 1.012664280607606599e+02
2.550000000000000000e+02 1.783804171778599539e+02 1.006893088519554738e+02
2.550000000000000000e+02 1.778865073655966285e+02 1.003175227499404230e+02
2.550000000000000000e+02 1.756082177815829084e+02 9.975743620749004492e+01
2.550000000000000000e+02 1.729843972038094648e+02 9.914680221012029904e+01
2.550000000000000000e+02 1.713791892106587227e+02 9.858827241674536879e+01
2.550000000000000000e+02 1.715229408104362960e+02 9.849109751361466181e+01
2.550000000000000000e+02 1.726925150268762650e+02 9.907320692516130123e+01
2.550000000000000000e+02 1.761308971111326969e+02 1.004468300131512706e+02
2.550000000000000000e+02 1.766639220367706002e+02 1.006410529405015097e+02
2.550000000000000000e+02 1.778567945311879441e+02 1.013171928647713571e+02
2.550000000000000000e+02 1.779655672700954199e+02 1.013482296530358298e+02
2.549999955868204893e+02 1.775628469862397196e+02 1.010233225504647123e+02
2.550000000000000000e+02 1.771352716753312109e+02 1.008460076171478477e+02
2.550000000000000000e+02 1.769857498433321155e+02 1.008688027926600057e+02
2.550000000000000000e+02 1.776190411043540394e+02 1.010199696373249054e+02
2.550000000000000000e+02 1.778463375023169135e+02 1.008398766075006421e+02
2.550000000000000000e+02 1.785135639072526317e+02 1.009502502272787439e+02
2.550000000000000000e+02 1.794018310281825563e+02 1.011428104892450790e+02
2.550000000000000000e+02 1.797216011897932049e+02 1.012141429164055495e+02
2.550000000000000000e+02 1.798027308754865601e+02 1.011501297474778625e+02
2.550000000000000000e+02 1.798112107999329226e+02 1.011289222132977983e+02
2.550000000000000000e+02 1.776958558037723890e+02 1.001496211285382714e+02
2.550000000000000000e+02 1.779182138538531603e+02 1.001468187595435069e+02
2.550000000000000000e+02 1.768285358394308844e+02 9.994933559582337068e+01
2.549999889670511948e+02 1.749123487382719873e+02 9.961725266335383822e+01
2.550000000000000000e+02 1.743010979990644103e+02 9.930226087186774464e+01
2.550000000000000000e+02 1.746351161107531595e+02 9.927948224577879444e+01
2.550000000000000000e+02 1.753835604649725894e+02 9.945519078175061622e+01
2.550000000000000000e+02 1.765637307254384609e+02 9.998719515962470439e+01
2.549999977934102446e+02 1.802612050627995472e+02 1.015329443851116906e+02
2.550000000000000000e+02 1.807637922892927520e+02 1.014616770523491311e+02
2.550000000000000000e+02 1.811461413364872897e+02 1.015750737000979740e+02
2.550000000000000000e+02 1.785904370812995978e+02 1.005224939760099545e+02
2.550000000000000000e+02 1.784158737654130391e+02 1.004531717521205394e+02
2.550000000000000000e+02 1.780701761741264022e+02 1.000374237623237974e+02
2.550000000000000000e+02 1.777589797170269321e+02 9.973768612584622417e+01
2.550000000000000000e+02 1.776498881258991958e+02 9.948606648896263493e+01
2.550000000000000000e+02 1.777761370557031455e+02 9.946506747751485022e+01
2.550000000000000000e+02 1.780212814549370250e+02 9.955307179360441694e+01
2.550000000000000000e+02 1.783868846924455056e+02 9.962268308075235268e+01
2.550000000000000000e+02 1.788979904587058911e+02 9.966694947792086623e+01
2.550000000000000000e+02 1.792090026655604333e+02 9.977307541241162880e+01
2.550000000000000000e+02 1.794692379321606097e+02 9.976115651782482985e+01
2.550000000000000000e+02 1.794024323238920715e+02 9.984729185238796845e+01
2.550000000000000000e+02 1.774609124689974067e+02 9.938923581383443207e+01
2.550000000000000000e+02 1.726929706876616422e+02 9.807010776984385814e+01
2.550000000000000000e+02 1.719936262654792358e+02 9.778629288507197259e+01
2.550000000000000000e+02 1.722436737071590471e+02 9.769370548205159821e+01
2.550000000000000000e+02 1.752552439605638313e+02 9.898459690018270862e+01
2.550000000000000000e+02 1.757054180604958731e+02 9.916538390248638279e+01
2.550000000000000000e+02 1.762609833005286930e+02 9.943330472121944297e+01
2.550000000000000000e+02 1.764586694705067202e+02 9.959351637730920004e+01
2.550000000000000000e+02 1.764400182705632005e+02 9.955122156809095202e+01
2.550000000000000000e+02 1.765695572256988157e+02 9.970486972294058603e+01
2.550000000000000000e+02 1.764284425006840422e+02 9.953267738775078044e+01
2.550000000000000000e+02 1.764294586352683609e+02 9.945748011862626470e+01
2.550000000000000000e+02 1.765973768060937061e+02 9.949196360009531759e+01
2.550000000000000000e+02 1.769705872617986415e+02 9.958227821566325133e+01
2.550000000000000000e+02 1.775117842926114520e+02 9.977804906572990262e+01
2.550000000000000000e+02 1.778486963467699979e+02 9.982699674307350790e+01
2.550000000000000000e+02 1.780850596220552973e+02 9.988365534833225468e+01
2.550000000000000000e+02 1.781115806243766428e+02 9.981264067009718133e+01
2.550000000000000000e+02 1.775809299893201114e+02 9.949472735376929222e+01
2.550000000000000000e+02 1.776937396841928773e+02 9.950001213624368290e+01
2.550000000000000000e+02 1.778391252636874640e+02 9.952086882265196266e+01
2.550000000000000000e+02 1.766218997413876934e+02 9.921019201744088889e+01
2.550000000000000000e+02 1.746629544471610131e+02 9.881971279027688126e+01
2.550000000000000000e+02 1.733202214092164866e+02 9.862886594525892292e+01
2.550000000000000000e+02 1.735488031457143734e+02 9.857688200040601600e+01
2.550000000000000000e+02 1.752333126649425878e+02 9.933343446869731963e+01
2.550000000000000000e+02 1.761829108449473438e+02 9.979409648975700975e+01
2.550000000000000000e+02 1.797767791733232059e+02 1.013851359700609862e+02
2.549999988967051081e+02 1.802650390125069464e+02 1.014731689718174295e+02
2.550000000000000000e+02 1.807126545716126600e+02 1.014697774433568469e+02
2.550000000000000000e+02 1.789713761176377034e+02 1.008004536748545803e+02
2.550000000000000000e+02 1.785758283537957709e+02 1.004823439720380946e+02
2.550000000000000000e+02 1.785550808935805946e+02 1.001033345984447891e+02
2.550000000000000000e+02 1.793154253863738745e+02 1.003068660246961485e+02
2.550000000000000000e+02 1.797267149615612141e+02 1.002294423065041400e+02
2.550000000000000000e+02 1.808073746436357396e+02 1.004852809430082061e+02
2.550000000000000000e+02 1.815129361324659953e+02 1.007425295903686759e+02
2.550000000000000000e+02 1.818706960466737996e+02 1.006590024449014606e+02
2.550000000000000000e+02 1.796117538416727655e+02 9.956301248047168428e+01
2.550000000000000000e+02 1.793080564798714818e+02 9.928937990414574699e+01
2.550000000000000000e+02 1.786285846050645603e+02 9.875618065791680067e+01
2.550000000000000000e+02 1.780102981544083320e+02 9.847190569918002723e+01
2.550000000000000000e+02 1.766426096895769433e+02 9.813043152069339214e+01
2.550000000000000000e+02 1.732194089428669770e+02 9.716933038827153268e+01
2.550000000000000000e+02 1.697842815785060395e+02 9.630665639866899141e+01
2.550000000000000000e+02 1.688050764804010839e+02 9.616455643132651687e+01
2.550000000000000000e+02 1.701791618489456823e+02 9.675759066877321857e+01
2.550000000000000000e+02 1.717223348808882974e+02 9.748471605602972545e+01
2.550000000000000000e+02 1.763480277500728164e+02 9.932034166835838107e+01
2.550000000000000000e+02 1.805547763841937581e+02 1.012826795943405358e+02
2.550000000000000000e+02 1.812558739419402229e+02 1.013317100188001518e+02
2.550000000000000000e+02 1.818874561991932808e+02 1.015133200790841812e+02
2.550000000000000000e+02 1.798032626636186251e+02 1.004620113506977219e+02
2.550000000000000000e+02 1.792198425377547437e+02 1.001126265479227158e+02
2.550000000000000000e+02 1.789775832546316394e+02 9.991813993309619946e+01
2.549999977934102446e+02 1.786072270227808190e+02 9.959522317448829654e+01
2.550000000000000000e+02 1.785586335030936311e+02 9.958206748634120231e+01
2.550000000000000000e+02 1.784897503905663996e+02 9.952575972885425415e+01
2.550000000000000000e+02 1.784514307528001495e+02 9.949007034608153788e+01
2.550000000000000000e+02 1.784540532847295253e+02 9.946634619628056839e+01
2.550000000000000000e+02 1.783979066082950169e+02 9.947067773197878182e+01
2.550000000000000000e+02 1.786890892962744033e+02 9.948618454151477408e+01
2.550000000000000000e+02 1.787881497303547178e+02 9.959571965718421893e+01
2.550000000000000000e+02 1.780412466790824055e+02 9.944282836262213721e+01
2.550000000000000000e+02 1.749849411281851985e+02 9.866220310334783505e+01
2.549999856571665759e+02 1.726380420487744516e+02 9.814441468000035229e+01
2.550000000000000000e+02 1.721924035940934061e+02 9.810477770814760845e+01
2.550000000000000000e+02 1.728141885928135650e+02 9.813531801371615870e+01
2.550000000000000000e+02 1.739636486402993967e+02 9.870127187833746518e+01
2.550000000000000000e+02 1.758585333239185502e+02 9.971347652629813751e+01
2.549999977934102446e+02 1.789163261163137690e+02 1.007275810480418698e+02
2.550000000000000000e+02 1.791824441512131898e+02 1.009035797505670899e+02
2.550000000000000000e+02 1.792117410434521787e+02 1.009474864736047692e+02
2.550000000000000000e+02 1.791184000900288709e+02 1.008899827444680852e+02
2.550000000000000000e+02 1.798063309266794363e+02 1.010965173393823306e+02
2.550000000000000000e+02 1.805618606406171409e+02 1.012500562680388754e+02
2.550000000000000000e+02 1.796236936988622688e+02 1.007140116243148498e+02
2.550000000000000000e+02 1.795104018641270329e+02 1.003017732155308579e+02
2.550000000000000000e+02 1.796446176862582433e+02 1.001907111397477479e+02
2.550000000000000000e+02 1.796066080743532609e+02 9.996163512714370825e+01
2.550000000000000000e+02 1.795764086869025675e+02 9.992959103065393833e+01
2.550000000000000000e+02 1.794827069560535620e+02 9.968279168910032695e+01
2.550000000000000000e+02 1.795956347034784812e+02 9.959484695093426865e+01
2.550000000000000000e+02 1.774457311314509695e+02 9.884339832475706089e+01
2.550000000000000000e+02 1.766996235557870136e+02 9.862616397609822627e+01
2.550000000000000000e+02 1.730749964694563801e+02 9.756968520790488242e+01
2.550000000000000000e+02 1.702848243995869382e+02 9.707686434768793049e+01
2.550000000000000000e+02 1.701286022577826316e+02 9.709445307466216946e+01
2.550000000000000000e+02 1.712419702198646121e+02 9.734079896202017324e+01
2.550000000000000000e+02 1.759129963723664218e+02 9.906021342136155283e+01
2.550000000000000000e+02 1.773326467161531070e+02 9.968701179201568152e+01
2.550000000000000000e+02 1.813753188522202606e+02 1.013768480189237096e+02
2.550000000000000000e+02 1.818762081078934045e+02 1.014460488803763525e+02
2.550000000000000000e+02 1.796967770549970567e+02 1.006502224242477723e+02
2.550000000000000000e+02 1.791037461274349596e+02 1.002353758263678714e+02
2.550000000000000000e+02 1.787053342100849989e+02 9.978123869122748602e+01
2.550000000000000000e+02 1.787644090311305547e+02 9.957469526995419074e+01
2.550000000000000000e+02 1.794163845909423856e+02 9.974630947862696928e+01
2.550000000000000000e+02 1.801429175088484271e+02 9.993942580121273522e+01
2.550000000000000000e+02 1.805899803172193572e+02 1.000690464001694693e+02
2.550000000000000000e+02 1.810260686514206157e+02 1.001119998764309713e+02
2.550000000000000000e+02 1.788577036461689147e+02 9.909282681800929993e+01
2.550000000000000000e+02 1.791415593528513455e+02 9.910309187357123051e+01
2.550000000000000000e+02 1.792220778131812722e+02 9.893999841125537387e+01
2.550000000000000000e+02 1.793323157276891777e+02 9.869021355375693361e+01
2.550000000000000000e+02 1.791435508001094377e+02 9.870653790479889267e+01
2.550000000000000000e+02 1.762395098722825821e+02 9.792162193173693652e+01
2.550000000000000000e+02 1.726910608842246404e+02 9.723458366064414804e+01
2.550000000000000000e+02 1.693088177533385590e+02 9.620835613476084802e+01
2.550000000000000000e+02 1.700106898240906617e+02 9.630886850490304596e+01
2.550000000000000000e+02 1.738204034528716591e+02 9.756240456499288882e+01
2.550000000000000000e+02 1.753807647157471195e+02 9.836025887711060989e+01
2.550000000000000000e+02 1.789853217649187513e+02 9.975694193138387789e+01
2.550000000000000000e+02 1.796022621958215950e+02 1.001144293317563552e+02
2.550000000000000000e+02 1.796149114716188535e+02 9.997096900182705781e+01
2.550000000000000000e+02 1.788819242786658208e+02 9.963844475140560064e+01
2.550000000000000000e+02 1.787885800153578657e+02 9.963865548072764966e+01
2.550000000000000000e+02 1.769747621296239117e+02 9.887263012259812456e+01
2.550000000000000000e+02 1.774164099667246148e+02 9.876954597209105202e+01
2.550000000000000000e+02 1.783797794734194326e+02 9.927172718606847468e+01
2.550000000000000000e+02 1.787665196342356921e+02 9.939287337705323466e+01
2.550000000000000000e+02 1.789786104221647633e+02 9.911227239026629832e+01
2.550000000000000000e+02 1.794912696276159068e+02 9.928151561824232374e+01
2.550000000000000000e+02 1.799041843561612382e+02 9.926665864939053563e+01
2.550000000000000000e+02 1.804828371448493840e+02 9.940184868090064185e+01
2.550000000000000000e+02 1.807428925743841432e+02 9.926779614641164073e+01
2.550000000000000000e+02 1.805557858990088107e+02 9.923993243422155786e+01
2.550000000000000000e+02 1.754481241780453047e+02 9.777531068783815726e+01
2.550000000000000000e+02 1.713688380980961483e+02 9.661901021209740748e+01
2.550000000000000000e+02 1.703031192352842424e+02 9.611241692189554442e+01
2.550000000000000000e+02 1.706441013442544943e+02 9.615772703602037552e+01
2.550000000000000000e+02 1.721436346505203119e+02 9.682971415836253470e+01
2.550000000000000000e+02 1.762581114239565068e+02 9.854884507091979629e+01
2.550000000000000000e+02 1.772008581427575393e+02 9.897511518398545149e+01
2.550000000000000000e+02 1.797074999779341056e+02 9.996754658110982916e+01
2.550000000000000000e+02 1.797639975021403984e+02 9.995751542406242152e+01
2.550000000000000000e+02 1.770949186651014600e+02 9.885754477170623034e+01
2.550000000000000000e+02 1.768998318578603062e+02 9.878837480251021930e+01
2.550000000000000000e+02 1.769783478379833639e+02 9.867010269468741512e+01
2.550000000000000000e+02 1.773009876695764149e+02 9.868847365773144986e+01
2.549999911736409501e+02 1.776878403664704251e+02 9.880842387706647401e+01
2.550000000000000000e+02 1.781297838865989434e+02 9.895631945241268568e+01
2.550000000000000000e+02 1.781888675340035491e+02 9.875910107946370431e+01
2.550000000000000000e+02 1.780210254905248917e+02 9.855056069445792843e+01
2.550000000000000000e+02 1.783004669143931551e+02 9.859047459332551000e+01
2.550000000000000000e+02 1.788323664792536363e+02 9.868565473931349175e+01
2.550000000000000000e+02 1.791825875795475724e+02 9.873164448308428121e+01
2.550000000000000000e+02 1.790995657431352868e+02 9.854264676028491010e+01
2.550000000000000000e+02 1.774845373222592002e+02 9.821083854824046000e+01
2.550000000000000000e+02 1.740697315462898302e+02 9.735488693434071195e+01
2.550000000000000000e+02 1.727315032613396681e+02 9.708209506871320116e+01
2.550000000000000000e+02 1.726361984430302527e+02 9.701820988199158080e+01
2.550000000000000000e+02 1.730254894216086825e+02 9.689658706761873930e+01
2.550000000000000000e+02 1.748602677034696455e+02 9.788156791441961957e+01
2.550000000000000000e+02 1.779736687643979849e+02 9.917141451229953475e+01
2.550000000000000000e+02 1.782706073417654409e+02 9.918348455828486010e+01
2.550000000000000000e+02 1.789906374396497597e+02 9.953821372145776536e+01
2.550000000000000000e+02 1.792658995825132138e+02 9.956361046629655220e+01
2.550000000000000000e+02 1.791283915284605825e+02 9.939561616812449074e+01
2.550000000000000000e+02 1.792351253784301548e+02 9.942611013530807895e+01
2.550000000000000000e+02 1.794852677034696455e+02 9.945334938259618696e+01
2.550000000000000000e+02 1.798010483507948152e+02 9.945069044193579089e+01
2.550000000000000000e+02 1.784586054794037011e+02 9.884843927906298688e+01
2.550000000000000000e+02 1.784513193200172907e+02 9.852252155838195335e+01
2.550000000000000000e+02 1.785737331968189778e+02 9.853816517648304796e+01
2.550000000000000000e+02 1.787379211276556248e+02 9.859929653918462122e+01
2.550000000000000000e+02 1.784758014334007044e+02 9.829488534559608581e+01
2.549999900703460867e+02 1.783840039895142979e+02 9.824804054829341737e+01
2.550000000000000000e+02 1.784749243139712576e+02 9.817629769543765406e+01
2.550000000000000000e+02 1.775126393461433167e+02 9.781781070990405169e+01
2.550000000000000000e+02 1.746049090002383082e+02 9.710969288683725154e+01
2.550000000000000000e+02 1.725301089172705247e+02 9.672832908197040069e+01
2.550000000000000000e+02 1.721103912724961731e+02 9.667377997652188526e+01
2.549999966901153527e+02 1.724293968507550971e+02 9.658974310882018699e+01
2.550000000000000000e+02 1.739967783789508928e+02 9.742407786613944154e+01
2.550000000000000000e+02 1.773623849263440206e+02 9.891960400540173737e+01
2.550000000000000000e+02 1.783721987343001274e+02 9.923667219785166083e+01
2.550000000000000000e+02 1.791413739993115541e+02 9.931607853694272592e+01
2.550000000000000000e+02 1.794066049851275864e+02 9.948899684016346612e+01
2.550000000000000000e+02 1.795749082058659951e+02 9.953372220800197567e+01
2.550000000000000000e+02 1.796621931736939075e+02 9.937499669011536696e+01
2.550000000000000000e+02 1.801806259212512202e+02 9.945146054176191797e+01
2.550000000000000000e+02 1.809130592601745775e+02 9.971281785925488350e+01
2.550000000000000000e+02 1.799742038624147256e+02 9.933209948189272609e+01
2.550000000000000000e+02 1.800618595373222490e+02 9.896388474540367497e+01
2.550000000000000000e+02 1.805503687211488284e+02 9.903107430029038483e+01
2.550000000000000000e+02 1.808631461998111263e+02 9.890050376444213498e+01
2.550000000000000000e+02 1.811037042022295509e+02 9.868842621605161014e+01
2.550000000000000000e+02 1.816416299637236591e+02 9.881563942558055658e+01
2.550000000000000000e+02 1.803128414697653170e+02 9.818857957403990611e+01
2.550000000000000000e+02 1.804973752614808973e+02 9.809664973476790806e+01
2.550000000000000000e+02 1.791319937862432425e+02 9.757450770982461563e+01
2.550000000000000000e+02 1.757193206792765920e+02 9.668759653830198886e+01
2.550000000000000000e+02 1.740877604879211162e+02 9.628623661703311143e+01
2.550000000000000000e+02 1.706705318763956711e+02 9.481200517224640123e+01
2.550000000000000000e+02 1.755592469350468150e+02 9.688259618524762118e+01
2.550000000000000000e+02 1.766071718580368497e+02 9.725766348623528756e+01
2.550000000000000000e+02 1.776925933608127366e+02 9.771116843340954006e+01
