2.550000000000000000e+02 2.250299268049240311e+02 1.387141676832649466e+02
2.550000000000000000e+02 2.250435976488854521e+02 1.385897083287124190e+02
2.550000000000000000e+02 1.748473793944770875e+02 1.041254186536542079e+02
2.550000000000000000e+02 1.758977864034601168e+02 1.043208983032050554e+02
2.550000000000000000e+02 1.771542974381723354e+02 1.042829921259842507e+02
2.550000000000000000e+02 1.779827204169901336e+02 1.040930808472884621e+02
2.550000000000000000e+02 1.783642342242430914e+02 1.036516025285571629e+02
2.550000000000000000e+02 1.786749417766441184e+02 1.034886713984695632e+02
2.550000000000000000e+02 1.789038837750914865e+02 1.034245003881557068e+02
2.549999977819674086e+02 1.773458234446046333e+02 1.028905944327381548e+02
2.550000000000000000e+02 1.761859565265609433e+02 1.024137440390373683e+02
2.550000000000000000e+02 1.729851635799046221e+02 1.014683131862038437e+02
2.550000000000000000e+02 1.707047920594432640e+02 1.010387523566596428e+02
2.550000000000000000e+02 1.704015404236442350e+02 1.008116235998669197e+02
2.550000000000000000e+02 1.708165376511034594e+02 1.008410912720416945e+02
2.550000000000000000e+02 1.742554619052900193e+02 1.022189885771320803e+02
2.550000000000000000e+02 1.754537274037928398e+02 1.028466119551957405e+02
2.550000000000000000e+02 1.783036420095375263e+02 1.039945369856936850e+02
2.550000000000000000e+02 1.779140412554064596e+02 1.037078485083730754e+02
2.550000000000000000e+02 1.772032294554730072e+02 1.035371276477764155e+02
2.549999844737717751e+02 1.766736497726516575e+02 1.033004169901297615e+02
2.550000000000000000e+02 1.765872884551402819e+02 1.032215526228235518e+02
2.550000000000000000e+02 1.773187889541976290e+02 1.034007319507596776e+02
2.550000000000000000e+02 1.781001630253964834e+02 1.036097382721525975e+02
2.550000000000000000e+02 1.789255949872463134e+02 1.038504036819341252e+02
2.550000000000000000e+02 1.799088787845181230e+02 1.041294576910280512e+02
2.550000000000000000e+02 1.805412443162914542e+02 1.042604724409448806e+02
2.550000000000000000e+02 1.811020993678607169e+02 1.044542652766995730e+02
2.550000000000000000e+02 1.797689120550072062e+02 1.038454119995563900e+02
2.550000000000000000e+02 1.798852190307197532e+02 1.036219296883664214e+02
2.550000000000000000e+02 1.795379993345902108e+02 1.032895530664300736e+02
2.550000000000000000e+02 1.771419929022956694e+02 1.024801009204835367e+02
2.550000000000000000e+02 1.747394599090606562e+02 1.019656548741266562e+02
2.549999988909837043e+02 1.716359332372185804e+02 1.009818132416546490e+02
2.550000000000000000e+02 1.721140634357325041e+02 1.008615581679050734e+02
2.550000000000000000e+02 1.762309726072973319e+02 1.023175291116779420e+02
2.550000000000000000e+02 1.773932649439946658e+02 1.027628601530442438e+02
2.550000000000000000e+02 1.786546889209271285e+02 1.033180980370411390e+02
2.550000000000000000e+02 1.792629222579572001e+02 1.034650515692580655e+02
2.550000000000000000e+02 1.792814705556171759e+02 1.032119441055783540e+02
2.550000000000000000e+02 1.792780170788510645e+02 1.031896062992125991e+02
2.550000000000000000e+02 1.789900487967173035e+02 1.028302839081734561e+02
2.550000000000000000e+02 1.794447510258400769e+02 1.029662104912942198e+02
2.550000000000000000e+02 1.801431606964622461e+02 1.032394410557835158e+02
2.550000000000000000e+02 1.790522202506376743e+02 1.026892702672729314e+02
2.549999900188532820e+02 1.793655217921703411e+02 1.024909604081179992e+02
2.550000000000000000e+02 1.796341177775313156e+02 1.025136076300321548e+02
2.550000000000000000e+02 1.790611555949872411e+02 1.020204147720971548e+02
2.550000000000000000e+02 1.788777032272374470e+02 1.018500221803260501e+02
2.550000000000000000e+02 1.784691272041698937e+02 1.014491959631806566e+02
2.550000000000000000e+02 1.784286348009315759e+02 1.013277187534656747e+02
2.549999955639347888e+02 1.775248231118997353e+02 1.011434235333259437e+02
2.550000000000000000e+02 1.751721925252301162e+02 1.005035089275812368e+02
2.550000000000000000e+02 1.739705400909393234e+02 1.003511944105578380e+02
2.550000000000000000e+02 1.740765154707774229e+02 1.003996783852722672e+02
2.550000000000000000e+02 1.746667051125651540e+02 1.005932749251414009e+02
2.550000000000000000e+02 1.755856204946212813e+02 1.010263258289896839e+02
2.550000000000000000e+02 1.763171708994122184e+02 1.013688377509149348e+02
2.550000000000000000e+02 1.792286847066651774e+02 1.025534756570921644e+02
2.550000000000000000e+02 1.793119441055783625e+02 1.024213818343129674e+02
2.550000000000000000e+02 1.772321104580237261e+02 1.016910214040146343e+02
2.550000000000000000e+02 1.764904569147166455e+02 1.011702439835865590e+02
2.550000000000000000e+02 1.762379405567261870e+02 1.009329610735277782e+02
2.550000000000000000e+02 1.762417023400244034e+02 1.008606532106021945e+02
2.550000000000000000e+02 1.763462204724409332e+02 1.008880680936009782e+02
2.550000000000000000e+02 1.764413541089054149e+02 1.008297848508373136e+02
2.550000000000000000e+02 1.768198436287013351e+02 1.008612409892425461e+02
2.550000000000000000e+02 1.770362193634246353e+02 1.007647011201064657e+02
2.550000000000000000e+02 1.771575546190528883e+02 1.008632350005545106e+02
2.550000000000000000e+02 1.774359121659088316e+02 1.008569923477875108e+02
2.550000000000000000e+02 1.778172984362870181e+02 1.009291893090828438e+02
2.550000000000000000e+02 1.782664334035710283e+02 1.009598658090273915e+02
2.550000000000000000e+02 1.772453266053011021e+02 1.006750837307308473e+02
2.550000000000000000e+02 1.755509903515581698e+02 1.001795275590551171e+02
2.550000000000000000e+02 1.749676167239658469e+02 1.000942885660419250e+02
2.550000000000000000e+02 1.751195519574137620e+02 9.986390595541755033e+01
2.550000000000000000e+02 1.760106720638793263e+02 1.003544094488188989e+02
2.550000000000000000e+02 1.769890861705667078e+02 1.006308739048463963e+02
2.550000000000000000e+02 1.777297770877231926e+02 1.009644759897970516e+02
2.550000000000000000e+02 1.786201330819563111e+02 1.014321237662193624e+02
2.550000000000000000e+02 1.787256016413441273e+02 1.012650138627037819e+02
2.550000000000000000e+02 1.786636841521570318e+02 1.012781900853942574e+02
2.549999955639347888e+02 1.782376200510147441e+02 1.008624309637351644e+02
2.550000000000000000e+02 1.782032893423533437e+02 1.007736165021625823e+02
2.550000000000000000e+02 1.782002029499833782e+02 1.005430575579460992e+02
2.550000000000000000e+02 1.784868903182876920e+02 1.005320627703227245e+02
2.550000000000000000e+02 1.789770211822113879e+02 1.006440368193412382e+02
2.550000000000000000e+02 1.794190961517134326e+02 1.008805578352001788e+02
2.549999855827880708e+02 1.796681867583453425e+02 1.007861949650659881e+02
2.550000000000000000e+02 1.798440212931130020e+02 1.008823888211156685e+02
2.550000000000000000e+02 1.800770855051569299e+02 1.008646556504380669e+02
2.550000000000000000e+02 1.771049395586115054e+02 9.950923366973493955e+01
2.550000000000000000e+02 1.772596617500277318e+02 9.940636686259287558e+01
2.550000000000000000e+02 1.769702251303094158e+02 9.938764112232449577e+01
2.550000000000000000e+02 1.751612598425196836e+02 9.890909171564821634e+01
2.550000000000000000e+02 1.738221725629366858e+02 9.848620272818010335e+01
2.550000000000000000e+02 1.738982189198181345e+02 9.842156814905179374e+01
2.550000000000000000e+02 1.743755872241322038e+02 9.848213707441499309e+01
2.550000000000000000e+02 1.753614894088943004e+02 9.918204613507818124e+01
2.550000000000000000e+02 1.787844959520905093e+02 1.005020649883553290e+02
2.550000000000000000e+02 1.788299911278695902e+02 1.003631484972829071e+02
2.550000000000000000e+02 1.790022313408007051e+02 1.005207674392813573e+02
2.550000000000000000e+02 1.790165886658533907e+02 1.005558367528002606e+02
2.550000000000000000e+02 1.786892447598979743e+02 1.002268115781301958e+02
2.550000000000000000e+02 1.787417311744482618e+02 1.002374836420095363e+02
2.550000000000000000e+02 1.789179782632804745e+02 1.001990163025396470e+02
2.550000000000000000e+02 1.794665576133969296e+02 1.002908317622269010e+02
2.550000000000000000e+02 1.799585915492957611e+02 1.004017056670733012e+02
2.550000000000000000e+02 1.803872019518686898e+02 1.005281712321171170e+02
2.550000000000000000e+02 1.780454241987357307e+02 9.946039148275480102e+01
2.550000000000000000e+02 1.779828945325496363e+02 9.914872795830098084e+01
2.550000000000000000e+02 1.779883142952201354e+02 9.897227791948542119e+01
2.550000000000000000e+02 1.777454430520128597e+02 9.869333259398912617e+01
2.550000000000000000e+02 1.775329411112343223e+02 9.854205278917599742e+01
2.550000000000000000e+02 1.775873228346456756e+02 9.850633359210380036e+01
2.550000000000000000e+02 1.773927437063324817e+02 9.850060219585228083e+01
2.550000000000000000e+02 1.762989464345126009e+02 9.812869025174670412e+01
2.550000000000000000e+02 1.760585505156925876e+02 9.805532993235000561e+01
2.550000000000000000e+02 1.765852523012088398e+02 9.814985693689696689e+01
2.550000000000000000e+02 1.769549395586114997e+02 9.828546190529000626e+01
2.550000000000000000e+02 1.776992491959631764e+02 9.845929355661527893e+01
2.550000000000000000e+02 1.783985627148719004e+02 9.882256182765887331e+01
2.550000000000000000e+02 1.788026084063435803e+02 9.881543750693134598e+01
2.549999955639347888e+02 1.788081745591660194e+02 9.864555284462682039e+01
2.550000000000000000e+02 1.788275657092159179e+02 9.855634024620161426e+01
2.550000000000000000e+02 1.787876477764223182e+02 9.860514361761117641e+01
2.550000000000000000e+02 1.784494510369302418e+02 9.825879782632804904e+01
2.550000000000000000e+02 1.786299545303315881e+02 9.817045358766773688e+01
2.550000000000000000e+02 1.788477775313297116e+02 9.822068648109127764e+01
2.550000000000000000e+02 1.790676522124875305e+02 9.821267605633802589e+01
2.550000000000000000e+02 1.791756715093711989e+02 9.822501386270377566e+01
2.550000000000000000e+02 1.789416136187201971e+02 9.816583897083286558e+01
2.550000000000000000e+02 1.792229721636907982e+02 9.827782411001442142e+01
2.550000000000000000e+02 1.796878130198514043e+02 9.834836530997006321e+01
2.550000000000000000e+02 1.782179616280359369e+02 9.793218587113230456e+01
2.550000000000000000e+02 1.794803604302983331e+02 9.844973827215260087e+01
2.549999977819674086e+02 1.762505578352001692e+02 9.713100144172119599e+01
2.550000000000000000e+02 1.742765287789730451e+02 9.663958522790285599e+01
2.550000000000000000e+02 1.734524963956970112e+02 9.643231673505600554e+01
2.550000000000000000e+02 1.732029777087723232e+02 9.635839525341022238e+01
2.550000000000000000e+02 1.732812221359654075e+02 9.632009093933680788e+01
2.550000000000000000e+02 1.762363047576799318e+02 9.768613951425085418e+01
2.550000000000000000e+02 1.766486292558500679e+02 9.789682266829322543e+01
2.550000000000000000e+02 1.765812997671065716e+02 9.784999667295109305e+01
2.550000000000000000e+02 1.762562393257180986e+02 9.775752800266164400e+01
2.550000000000000000e+02 1.760768991904180893e+02 9.783656648552734225e+01
2.550000000000000000e+02 1.756315448597094360e+02 9.770249085061550431e+01
2.550000000000000000e+02 1.753291660197404838e+02 9.759568481756681990e+01
2.550000000000000000e+02 1.754912287900632180e+02 9.763954419429965981e+01
2.550000000000000000e+02 1.762155362093822646e+02 9.804276921370744446e+01
2.550000000000000000e+02 1.798076965731396228e+02 9.956035932128202148e+01
2.550000000000000000e+02 1.800743218365309986e+02 9.953615614949539747e+01
2.550000000000000000e+02 1.806209437728734599e+02 9.974398691360762825e+01
2.550000000000000000e+02 1.811845891094599210e+02 9.987474769879116820e+01
2.550000000000000000e+02 1.789027259620716563e+02 9.891299545303316165e+01
2.550000000000000000e+02 1.789696029721636990e+02 9.870735610513474967e+01
2.550000000000000000e+02 1.790000787401574769e+02 9.837537429300211045e+01
2.550000000000000000e+02 1.792776422313407920e+02 9.842515914383940867e+01
2.550000000000000000e+02 1.781894222025063641e+02 9.802094931795497246e+01
2.550000000000000000e+02 1.769873849395586092e+02 9.766981146722856977e+01
2.550000000000000000e+02 1.767297593434623479e+02 9.756613951425086384e+01
2.550000000000000000e+02 1.768568858822224570e+02 9.754760785183542282e+01
2.550000000000000000e+02 1.768908927581235560e+02 9.749530664300765181e+01
2.550000000000000000e+02 1.767139614062326700e+02 9.753704668958633306e+01
2.550000000000000000e+02 1.771583320394809675e+02 9.784401020294998830e+01
2.550000000000000000e+02 1.772631695685926445e+02 9.789451480536763484e+01
2.549999922368858734e+02 1.772590606631917467e+02 9.794915271154485481e+01
2.550000000000000000e+02 1.769493246090717662e+02 9.794901852057225256e+01
2.550000000000000000e+02 1.765693756238216565e+02 9.774982588444049725e+01
2.550000000000000000e+02 1.763532449817012377e+02 9.772919707219696761e+01
2.550000000000000000e+02 1.761445946545414358e+02 9.758168015969835096e+01
2.550000000000000000e+02 1.762084218698014979e+02 9.761516025285571629e+01
2.550000000000000000e+02 1.767409515359875911e+02 9.799887323943661954e+01
2.550000000000000000e+02 1.768400332704890729e+02 9.794934678939780781e+01
2.550000000000000000e+02 1.770655461905290053e+02 9.807999001885328028e+01
2.550000000000000000e+02 1.774841732283464637e+02 9.819076743928135897e+01
2.550000000000000000e+02 1.777974947321725665e+02 9.833620605522901315e+01
2.550000000000000000e+02 1.782047998225573906e+02 9.842829765997559832e+01
2.550000000000000000e+02 1.781623988022624019e+02 9.829781412886769942e+01
2.549999988909837043e+02 1.778888932017300704e+02 9.805605744704446636e+01
2.550000000000000000e+02 1.768851181102362204e+02 9.784786847066651205e+01
2.550000000000000000e+02 1.751945447488078003e+02 9.738496284795385805e+01
2.550000000000000000e+02 1.745727015637129966e+02 9.729143284906288613e+01
2.550000000000000000e+02 1.746995142508594938e+02 9.728626816014195811e+01
2.550000000000000000e+02 1.747447920594432844e+02 9.727126427858489421e+01
2.550000000000000000e+02 1.748203615393146322e+02 9.744894754352888810e+01
2.550000000000000000e+02 1.779624808694687772e+02 9.902374293002107208e+01
2.550000000000000000e+02 1.778068559387822916e+02 9.888143506709548092e+01
2.550000000000000000e+02 1.772111389597426978e+02 9.865051347454807740e+01
2.550000000000000000e+02 1.770392636131751090e+02 9.876587335033825354e+01
2.550000000000000000e+02 1.762423555506265984e+02 9.834337806365753920e+01
2.550000000000000000e+02 1.757541710103138541e+02 9.820224464899634143e+01
2.550000000000000000e+02 1.756914716646334682e+02 9.821990906066319837e+01
2.550000000000000000e+02 1.759641421758899753e+02 9.836857824110013837e+01
2.550000000000000000e+02 1.760300743040922669e+02 9.835937673283797267e+01
2.549999844737717751e+02 1.765570100920483583e+02 9.875669069535322819e+01
2.550000000000000000e+02 1.766612908949761618e+02 9.874173006543196607e+01
2.550000000000000000e+02 1.766616513252744767e+02 9.873413663080847869e+01
2.549999933459021975e+02 1.766769191527115481e+02 9.880175002772540438e+01
2.550000000000000000e+02 1.765812698236664176e+02 9.877350670954862721e+01
2.550000000000000000e+02 1.763457369413330298e+02 9.869281024731063212e+01
2.550000000000000000e+02 1.762891294222025067e+02 9.866707330597759551e+01
2.550000000000000000e+02 1.759075801264278596e+02 9.861535433070865508e+01
2.549999988909837043e+02 1.747399900188532911e+02 9.840202395475213848e+01
2.550000000000000000e+02 1.742464744371742142e+02 9.844186980148607802e+01
2.550000000000000000e+02 1.745629555284462811e+02 9.876064433847177781e+01
2.550000000000000000e+02 1.772481767771986370e+02 9.973292336697349469e+01
2.550000000000000000e+02 1.776069568592658356e+02 9.969178773427969986e+01
2.550000000000000000e+02 1.783510546745037288e+02 1.000613130753022091e+02
2.550000000000000000e+02 1.789794321836531026e+02 1.003708040368193366e+02
2.550000000000000000e+02 1.795523522235776852e+02 1.005147787512476469e+02
2.550000000000000000e+02 1.794020649883553347e+02 1.003163779527559001e+02
2.550000000000000000e+02 1.794313984695575073e+02 1.002099900188532757e+02
2.550000000000000000e+02 1.795936852611733343e+02 1.002926095153598709e+02
2.550000000000000000e+02 1.800083985804591293e+02 1.002954474880780680e+02
2.550000000000000000e+02 1.788087856271487226e+02 9.978281246534324112e+01
2.550000000000000000e+02 1.788686381279804891e+02 9.954943661971830693e+01
2.550000000000000000e+02 1.792650515692580768e+02 9.957565598314295130e+01
2.550000000000000000e+02 1.794221747809692715e+02 9.971294554729954029e+01
2.550000000000000000e+02 1.791375734723300468e+02 9.941146057447043916e+01
2.550000000000000000e+02 1.790059809249195837e+02 9.928356770544526455e+01
2.550000000000000000e+02 1.787059520904957424e+02 9.892597205278917727e+01
2.550000000000000000e+02 1.788314428302095962e+02 9.888097149828102772e+01
2.550000000000000000e+02 1.789430642120439074e+02 9.888314184318510058e+01
2.550000000000000000e+02 1.790950316069646249e+02 9.896933126316956475e+01
2.550000000000000000e+02 1.784547310635466317e+02 9.885924254186537041e+01
2.550000000000000000e+02 1.774298613729621934e+02 9.865566152822447066e+01
2.550000000000000000e+02 1.772191238771210067e+02 9.849041588111344936e+01
2.550000000000000000e+02 1.775642952201397406e+02 9.864430852833537244e+01
2.550000000000000000e+02 1.777996628590440196e+02 9.867676167239658014e+01
2.550000000000000000e+02 1.780784362870134316e+02 9.872161694576909952e+01
2.550000000000000000e+02 1.784743661971830875e+02 9.883777309526449528e+01
2.550000000000000000e+02 1.787333459021847659e+02 9.885971609182655584e+01
2.550000000000000000e+02 1.786764023511145751e+02 9.883256515470777970e+01
2.550000000000000000e+02 1.780650848397471577e+02 9.857509925695907782e+01
2.550000000000000000e+02 1.775674836420095346e+02 9.834734390595541242e+01
2.550000000000000000e+02 1.777760208495064944e+02 9.834367306199401071e+01
2.550000000000000000e+02 1.783407885105910964e+02 9.848220139736054080e+01
2.550000000000000000e+02 1.788866385715870138e+02 9.865068426305866467e+01
2.550000000000000000e+02 1.796164655650437965e+02 9.886426860374847081e+01
2.550000000000000000e+02 1.801140645447487998e+02 9.900624597981590114e+01
2.550000000000000000e+02 1.803064677830764140e+02 9.902142841299766474e+01
2.550000000000000000e+02 1.804351170012199077e+02 9.911474437174226182e+01
2.550000000000000000e+02 1.771938815570588872e+02 9.747741710103139212e+01
2.550000000000000000e+02 1.774795941000332675e+02 9.743758012642786071e+01
2.550000000000000000e+02 1.779483941443939159e+02 9.748610291671288053e+01
2.550000000000000000e+02 1.777447576799378908e+02 9.728431185538427428e+01
2.549999966729510845e+02 1.769858300987024506e+02 9.726466784961739620e+01
2.550000000000000000e+02 1.760450338249972333e+02 9.712807696573139538e+01
2.550000000000000000e+02 1.757027658866585398e+02 9.719032937784184867e+01
2.549999889098369863e+02 1.761136176111788814e+02 9.716061328601530533e+01
2.550000000000000000e+02 1.766150205168015930e+02 9.729919041809914404e+01
2.549999988909837043e+02 1.770307319507596731e+02 9.757342242430964063e+01
2.550000000000000000e+02 1.772844271930797504e+02 9.761926583120771284e+01
2.550000000000000000e+02 1.771197127647776313e+02 9.758287346123988470e+01
2.550000000000000000e+02 1.766803460130863925e+02 9.740292780303870757e+01
2.550000000000000000e+02 1.763655417544637771e+02 9.739414106687368644e+01
2.550000000000000000e+02 1.764439525341022375e+02 9.726065431961849583e+01
2.550000000000000000e+02 1.768052267938338673e+02 9.739383941443939818e+01
2.550000000000000000e+02 1.771158788954197689e+02 9.743364755461905702e+01
2.550000000000000000e+02 1.775259088388599196e+02 9.763699678385272307e+01
2.550000000000000000e+02 1.779900831762226971e+02 9.782575357657758275e+01
2.550000000000000000e+02 1.781685316624154325e+02 9.776252523012088602e+01
2.550000000000000000e+02 1.784627248530553345e+02 9.782764444937340897e+01
2.550000000000000000e+02 1.784676499944549164e+02 9.768655206831540738e+01
2.550000000000000000e+02 1.784329078407452585e+02 9.771059665077076772e+01
2.550000000000000000e+02 1.781929022956637425e+02 9.757266940224020857e+01
2.550000000000000000e+02 1.780035599423311510e+02 9.748709105023843335e+01
2.550000000000000000e+02 1.772311988466230446e+02 9.718898968614838907e+01
2.550000000000000000e+02 1.758059764888543839e+02 9.689386824886325655e+01
2.550000000000000000e+02 1.742853044249750383e+02 9.669776533215038228e+01
2.550000000000000000e+02 1.738309692802484108e+02 9.665038593767327768e+01
2.550000000000000000e+02 1.744401652434290781e+02 9.689535433070865622e+01
2.550000000000000000e+02 1.750928390817344962e+02 9.736275146944660719e+01
2.550000000000000000e+02 1.759654197626705070e+02 9.786281357435954931e+01
2.550000000000000000e+02 1.795725196850393672e+02 9.936363868248862730e+01
2.550000000000000000e+02 1.796135177997116443e+02 9.921211600310525114e+01
2.550000000000000000e+02 1.795076799378950909e+02 9.914799933459022441e+01
2.550000000000000000e+02 1.793949262504158924e+02 9.921932904513695917e+01
2.550000000000000000e+02 1.791935765775756977e+02 9.922088055894421643e+01
2.550000000000000000e+02 1.759011145613840483e+02 9.761052567372740896e+01
2.550000000000000000e+02 1.762600842852390031e+02 9.766536320283908879e+01
2.550000000000000000e+02 1.768142708217810934e+02 9.779489852500832114e+01
2.550000000000000000e+02 1.772672052789176007e+02 9.804599645114782902e+01
2.550000000000000000e+02 1.811795918820006648e+02 9.975677276255960635e+01
2.550000000000000000e+02 1.783446844848619151e+02 9.865459687257403232e+01
2.550000000000000000e+02 1.781536852611733366e+02 9.837006321392924235e+01
2.550000000000000000e+02 1.784635388710213988e+02 9.836179327936120842e+01
2.550000000000000000e+02 1.784040257291782154e+02 9.813308417433736963e+01
2.550000000000000000e+02 1.784069856936897054e+02 9.806330597759786372e+01
2.550000000000000000e+02 1.786203360319396722e+02 9.810552179217035018e+01
2.550000000000000000e+02 1.778497892869025065e+02 9.808918154596872796e+01
2.550000000000000000e+02 1.751637551292004105e+02 9.741500942663857643e+01
2.550000000000000000e+02 1.746321171121215343e+02 9.737940334922923569e+01
2.550000000000000000e+02 1.751409448818897658e+02 9.752496617500277409e+01
2.550000000000000000e+02 1.758506864810912589e+02 9.766717977154263508e+01
2.550000000000000000e+02 1.772318908727958160e+02 9.849264722191416865e+01
2.550000000000000000e+02 1.778213485638238751e+02 9.860839968947543355e+01
2.550000000000000000e+02 1.787921537096595443e+02 9.903704225352112189e+01
2.550000000000000000e+02 1.788929211489408999e+02 9.892240767439281512e+01
2.550000000000000000e+02 1.790108428523899420e+02 9.887913607630032686e+01
2.549999933459021975e+02 1.787100632139292316e+02 9.854692247976045394e+01
2.550000000000000000e+02 1.790475601641344099e+02 9.856083508927581249e+01
2.550000000000000000e+02 1.793246401242098216e+02 9.845275368747920197e+01
2.550000000000000000e+02 1.796686813796162880e+02 9.853160252855717260e+01
2.550000000000000000e+02 1.798574747698791043e+02 9.841411223244982409e+01
2.550000000000000000e+02 1.798769546412332261e+02 9.836936231562603439e+01
2.550000000000000000e+02 1.797626117333924753e+02 9.834692580680936658e+01
2.550000000000000000e+02 1.771606521015858959e+02 9.732217367195298152e+01
2.550000000000000000e+02 1.772260019962293427e+02 9.719304646778307699e+01
2.550000000000000000e+02 1.771986104025729105e+02 9.719587335033824615e+01
2.550000000000000000e+02 1.771281102362204649e+02 9.716284906288122158e+01
2.550000000000000000e+02 1.768886070755240212e+02 9.712365199068426591e+01
2.550000000000000000e+02 1.756715648220028925e+02 9.688643007652213157e+01
2.550000000000000000e+02 1.734919441055783409e+02 9.661931240989243008e+01
2.550000000000000000e+02 1.725499966729510959e+02 9.639882000665409123e+01
2.550000000000000000e+02 1.728908716868137958e+02 9.647978152378840377e+01
2.550000000000000000e+02 1.763103349229233743e+02 9.782042031717865882e+01
2.550000000000000000e+02 1.765881923034268652e+02 9.777805145835644396e+01
2.550000000000000000e+02 1.776056149495397563e+02 9.838191748918708868e+01
2.550000000000000000e+02 1.775750404790950370e+02 9.832661639126095565e+01
2.550000000000000000e+02 1.775557923921481631e+02 9.830691582566264231e+01
2.550000000000000000e+02 1.771700754131085773e+02 9.803142175889985310e+01
2.550000000000000000e+02 1.769471254297438065e+02 9.797674503715204253e+01
2.550000000000000000e+02 1.773200421426194850e+02 9.806556282577354011e+01
2.550000000000000000e+02 1.782698225573915920e+02 9.842941887545747193e+01
2.550000000000000000e+02 1.789704890761894092e+02 9.844843517799711208e+01
2.550000000000000000e+02 1.793330886104025694e+02 9.846609515359875786e+01
2.550000000000000000e+02 1.796158057003437989e+02 9.854322280137517964e+01
2.550000000000000000e+02 1.797636153931462673e+02 9.847357657757568461e+01
2.550000000000000000e+02 1.799494188754574679e+02 9.860718975268936504e+01
2.550000000000000000e+02 1.798984263058667068e+02 9.859377065542862795e+01
2.550000000000000000e+02 1.796830553399134942e+02 9.851843739602972505e+01
2.550000000000000000e+02 1.771215149162692626e+02 9.743706110679826793e+01
2.550000000000000000e+02 1.767124642342242566e+02 9.724288011533769804e+01
2.550000000000000000e+02 1.750778751247643470e+02 9.686741044693357594e+01
2.550000000000000000e+02 1.735306720638793365e+02 9.662236109570810072e+01
2.550000000000000000e+02 1.731107330597759812e+02 9.652323389153821154e+01
2.550000000000000000e+02 1.735492458689142836e+02 9.655622379948985667e+01
2.550000000000000000e+02 1.769781279804813039e+02 9.799400022180326175e+01
2.550000000000000000e+02 1.772293556615282171e+02 9.804230897194189254e+01
2.550000000000000000e+02 1.775272285682599431e+02 9.820425640456915062e+01
2.550000000000000000e+02 1.777923866030830595e+02 9.829076522124874771e+01
2.550000000000000000e+02 1.776551491626926804e+02 9.836382832427636913e+01
2.550000000000000000e+02 1.774035155816790450e+02 9.830986137296218885e+01
2.550000000000000000e+02 1.770104447155373180e+02 9.824463347011200653e+01
2.550000000000000000e+02 1.772645026061883016e+02 9.831449706110679188e+01
2.550000000000000000e+02 1.775031130087612325e+02 9.821452035044914908e+01
2.550000000000000000e+02 1.784706033048685754e+02 9.861096484418321495e+01
2.550000000000000000e+02 1.791342930021071425e+02 9.877313518908728440e+01
2.550000000000000000e+02 1.794602584007984944e+02 9.889230009981146452e+01
2.550000000000000000e+02 1.797202328934235425e+02 9.899107685482977104e+01
2.550000000000000000e+02 1.794117056670733064e+02 9.874645114783187694e+01
2.550000000000000000e+02 1.792802761450593323e+02 9.872930353776200718e+01
2.550000000000000000e+02 1.791467261838749039e+02 9.863234667849617665e+01
2.550000000000000000e+02 1.761064544748807918e+02 9.748203837196406596e+01
2.550000000000000000e+02 1.749184240878340972e+02 9.720774426084064146e+01
2.550000000000000000e+02 1.728245436397915000e+02 9.687861483863812850e+01
2.550000000000000000e+02 1.723260707552400959e+02 9.673988466230453298e+01
2.549999933459021975e+02 1.752104192081623637e+02 9.793030830653211183e+01
2.550000000000000000e+02 1.762154807585671392e+02 9.816823222801374982e+01
2.550000000000000000e+02 1.768417777531329591e+02 9.845175889985583240e+01
2.550000000000000000e+02 1.774837806365753465e+02 9.882218587113230512e+01
2.550000000000000000e+02 1.780690784074525936e+02 9.893266496617499683e+01
2.550000000000000000e+02 1.778909703892647087e+02 9.889836087390484920e+01
2.550000000000000000e+02 1.771775978706886860e+02 9.845140955972053121e+01
2.550000000000000000e+02 1.768491626926915785e+02 9.826086503271598360e+01
2.550000000000000000e+02 1.767020927137628803e+02 9.826342796939114521e+01
2.550000000000000000e+02 1.768056027503604355e+02 9.827340800709770008e+01
2.550000000000000000e+02 1.769603948098037165e+02 9.822673172895640903e+01
2.550000000000000000e+02 1.772365054896307015e+02 9.831621270932683387e+01
2.550000000000000000e+02 1.775944782078296669e+02 9.841613507818564699e+01
2.550000000000000000e+02 1.780952866807141959e+02 9.854064101142286347e+01
2.550000000000000000e+02 1.782115038261062523e+02 9.858695464123321983e+01
2.550000000000000000e+02 1.783321193301541427e+02 9.855449484307419539e+01
2.550000000000000000e+02 1.784366540978152500e+02 9.853894976156149710e+01
2.550000000000000000e+02 1.784782721526006526e+02 9.855400909393368636e+01
2.550000000000000000e+02 1.774480159698347563e+02 9.821924365088166553e+01
2.550000000000000000e+02 1.751534989464345244e+02 9.769046689586336640e+01
2.550000000000000000e+02 1.742742697127647773e+02 9.756720084285238670e+01
2.550000000000000000e+02 1.744452312298990933e+02 9.751996562049461659e+01
2.550000000000000000e+02 1.751291693467894106e+02 9.759032050571143202e+01
2.550000000000000000e+02 1.765452423200621013e+02 9.841579350116447245e+01
2.550000000000000000e+02 1.772273383608739152e+02 9.892506931351890387e+01
2.550000000000000000e+02 1.808476200510147578e+02 1.002521137850726376e+02
2.550000000000000000e+02 1.810129588554951852e+02 1.001588166796051951e+02
2.550000000000000000e+02 1.780562027281800965e+02 9.875276255960962146e+01
2.550000000000000000e+02 1.781121803260508045e+02 9.873184983919263402e+01
2.550000000000000000e+02 1.780032538538316373e+02 9.850272818010424203e+01
2.550000000000000000e+02 1.785783309304646878e+02 9.865952866807141675e+01
2.550000000000000000e+02 1.787656936896972297e+02 9.845460130863924064e+01
2.550000000000000000e+02 1.790548452922257923e+02 9.847229233669735038e+01
2.550000000000000000e+02 1.791883852722635027e+02 9.847149051791060970e+01
2.550000000000000000e+02 1.795270999223688477e+02 9.846593989131639546e+01
2.550000000000000000e+02 1.800125152489741538e+02 9.865671176666296560e+01
2.550000000000000000e+02 1.804806421204391711e+02 9.880402240212930565e+01
2.550000000000000000e+02 1.787450748586004181e+02 9.825737828546080266e+01
2.550000000000000000e+02 1.787946035266718354e+02 9.804597759787068867e+01
2.550000000000000000e+02 1.788995164688921022e+02 9.803094820893866768e+01
2.549999988909837043e+02 1.768909825884440465e+02 9.739613064212043980e+01
2.550000000000000000e+02 1.745304158811134414e+02 9.697325939891315727e+01
2.550000000000000000e+02 1.737408395253410163e+02 9.685261062437618307e+01
2.550000000000000000e+02 1.734831085726960112e+02 9.645846179438838419e+01
2.550000000000000000e+02 1.739693734057890708e+02 9.676983475657091560e+01
2.550000000000000000e+02 1.745277087723189595e+02 9.706810136409005452e+01
2.550000000000000000e+02 1.775864101142286700e+02 9.840696684041255082e+01
2.550000000000000000e+02 1.777011777753132833e+02 9.830348896528778369e+01
2.550000000000000000e+02 1.777684285238993027e+02 9.849570367084396594e+01
2.550000000000000000e+02 1.774754042364422730e+02 9.848548297659975503e+01
2.550000000000000000e+02 1.773876999001885224e+02 9.843374625706998415e+01
2.550000000000000000e+02 1.773269579682821302e+02 9.830033270489076358e+01
2.549999988909837043e+02 1.776346966840412449e+02 9.825219252523011448e+01
2.550000000000000000e+02 1.782916568703560074e+02 9.855624597981589829e+01
2.550000000000000000e+02 1.790358666962404470e+02 9.887487301763336234e+01
2.550000000000000000e+02 1.788504180991460544e+02 9.861005434179882911e+01
2.550000000000000000e+02 1.789971420649883669e+02 9.862773317067761525e+01
2.550000000000000000e+02 1.791255373183985853e+02 9.863667849617390004e+01
2.550000000000000000e+02 1.793313141843185008e+02 9.870483087501386876e+01
2.550000000000000000e+02 1.792513529998890931e+02 9.860053787290672744e+01
2.550000000000000000e+02 1.792527947210824095e+02 9.861775867805256723e+01
2.550000000000000000e+02 1.766142697127647807e+02 9.768097482532992615e+01
2.549999966729510845e+02 1.737016369080625395e+02 9.688349783741820431e+01
2.550000000000000000e+02 1.715253288233336946e+02 9.635804036819341434e+01
2.550000000000000000e+02 1.714463535543972625e+02 9.639377730952645607e+01
2.550000000000000000e+02 1.728962914494842948e+02 9.702217810801818132e+01
2.550000000000000000e+02 1.755226194965065929e+02 9.793943661971830750e+01
2.550000000000000000e+02 1.765163136298103552e+02 9.848433403571031874e+01
2.550000000000000000e+02 1.809331462792503089e+02 1.004395630475767973e+02
2.550000000000000000e+02 1.779180791837640072e+02 9.899937451480536765e+01
2.550000000000000000e+02 1.780363446822668152e+02 9.898507707663303279e+01
2.550000000000000000e+02 1.781639525341022647e+02 9.902634135521792302e+01
2.550000000000000000e+02 1.779701275368747986e+02 9.885346789397803491e+01
2.550000000000000000e+02 1.782333026505489499e+02 9.887790285017189262e+01
2.550000000000000000e+02 1.787820106465565004e+02 9.899837529111677270e+01
2.550000000000000000e+02 1.794207984917378269e+02 9.913991127869579145e+01
2.550000000000000000e+02 1.798299323500055493e+02 9.909309748253299688e+01
2.550000000000000000e+02 1.806620250637684251e+02 9.923659310191860072e+01
2.550000000000000000e+02 1.813901608073638556e+02 9.953191083508927761e+01
2.550000000000000000e+02 1.819038704668958530e+02 9.956645447488078560e+01
2.550000000000000000e+02 1.807516025285571573e+02 9.898374182100477015e+01
2.550000000000000000e+02 1.810562138183431387e+02 9.896855273372518980e+01
2.550000000000000000e+02 1.816044970611067981e+02 9.911458245536209688e+01
2.549999889098369863e+02 1.804350826217145425e+02 9.865449927913940087e+01
2.550000000000000000e+02 1.760924742153709701e+02 9.723679272485306058e+01
2.550000000000000000e+02 1.759750449151602538e+02 9.725660641011423024e+01
2.550000000000000000e+02 1.760229533104136692e+02 9.702321060219584581e+01
2.550000000000000000e+02 1.765236453365864406e+02 9.718168681379616203e+01
2.550000000000000000e+02 1.774188455140290444e+02 9.760661971830985806e+01
2.550000000000000000e+02 1.777528313186203945e+02 9.764275923256072076e+01
2.550000000000000000e+02 1.781058722413219471e+02 9.769653432405456783e+01
2.550000000000000000e+02 1.784651181102362330e+02 9.780224132194743447e+01
2.550000000000000000e+02 1.784300975934346241e+02 9.779153931462792571e+01
2.550000000000000000e+02 1.781780736386824913e+02 9.756444604635687767e+01
2.550000000000000000e+02 1.782909559720527852e+02 9.748001219917932758e+01
2.550000000000000000e+02 1.785044604635688188e+02 9.765343240545635695e+01
2.550000000000000000e+02 1.785452112676056231e+02 9.739208716868138538e+01
2.550000000000000000e+02 1.788055850060995908e+02 9.744681379616280026e+01
2.550000000000000000e+02 1.790927747587889485e+02 9.754124320727514430e+01
2.550000000000000000e+02 1.795007840745258818e+02 9.752733836087389818e+01
2.550000000000000000e+02 1.798756859265831167e+02 9.763848508373072832e+01
2.550000000000000000e+02 1.804234423866030852e+02 9.773830098702451608e+01
2.550000000000000000e+02 1.810219773760674400e+02 9.791509925695908123e+01
2.550000000000000000e+02 1.793114905179106131e+02 9.708131196628590942e+01
2.550000000000000000e+02 1.787507330597759676e+02 9.702986802706000447e+01
2.550000000000000000e+02 1.763872196961295344e+02 9.641935011644670794e+01
2.550000000000000000e+02 1.745509171564821997e+02 9.591442608406343595e+01
2.549999933459021975e+02 1.744886969058445061e+02 9.585785294443827809e+01
2.550000000000000000e+02 1.746015947654430533e+02 9.552609293556615455e+01
2.550000000000000000e+02 1.757252944438283180e+02 9.619288233337030647e+01
2.550000000000000000e+02 1.787207397138737974e+02 9.738168237773095370e+01
2.550000000000000000e+02 1.794432471997338325e+02 9.761274925141400161e+01
2.550000000000000000e+02 1.808545924365088240e+02 9.790714650105356043e+01
2.550000000000000000e+02 1.816678795608295331e+02 9.809967284019074896e+01
2.550000000000000000e+02 1.826852157036708491e+02 9.835305644892980581e+01
2.550000000000000000e+02 1.840706964622380042e+02 9.873124431629145192e+01
2.550000000000000000e+02 1.831405844515914509e+02 9.812740490185205999e+01
2.550000000000000000e+02 1.835924664522568435e+02 9.796038039259177310e+01
2.549999955639347888e+02 1.838290407008983038e+02 9.775480758567151440e+01
2.550000000000000000e+02 1.822147887323943678e+02 9.696076633026505931e+01
2.550000000000000000e+02 1.824460286126206086e+02 9.667688588222246437e+01
2.550000000000000000e+02 1.826344981701230950e+02 9.653574692247975975e+01
2.550000000000000000e+02 1.811680270599977689e+02 9.584777864034600725e+01
2.550000000000000000e+02 1.809561960740822997e+02 9.543962515248973943e+01
2.550000000000000000e+02 1.808710291671287678e+02 9.515354441610291758e+01
2.550000000000000000e+02 1.812071919707219649e+02 9.525676943551070508e+01
2.550000000000000000e+02 1.780207397138737804e+02 9.417766552068314923e+01
2.550000000000000000e+02 1.756005955417544726e+02 9.375867472551846049e+01
2.550000000000000000e+02 1.729768071420649846e+02 9.298531995120328020e+01
2.550000000000000000e+02 1.728090540090939271e+02 9.287888654763224849e+01
2.550000000000000000e+02 1.735025296661860921e+02 9.314221026949095972e+01
2.550000000000000000e+02 1.749652678274370601e+02 9.370309193745147525e+01
2.550000000000000000e+02 1.783842974381723536e+02 9.527600421426194544e+01
2.550000000000000000e+02 1.790324564711101232e+02 9.534567372740379199e+01
2.550000000000000000e+02 1.802597127647776460e+02 9.562466784961739563e+01
2.550000000000000000e+02 1.812845591660197329e+02 9.597988577132083776e+01
2.550000000000000000e+02 1.827107363868248910e+02 9.630528002661638709e+01
2.550000000000000000e+02 1.832129710546745116e+02 9.631303981368526479e+01
2.550000000000000000e+02 1.841158212265720238e+02 9.652426749473217171e+01
2.550000000000000000e+02 1.833121115670400343e+02 9.588425307752024196e+01
2.550000000000000000e+02 1.833952567372740248e+02 9.553323167350559686e+01
2.549999988909837043e+02 1.833301075745813478e+02 9.524501940778529274e+01
2.550000000000000000e+02 1.815127470333814017e+02 9.451256515470777231e+01
2.550000000000000000e+02 1.812659465454142094e+02 9.417347233004325346e+01
2.550000000000000000e+02 1.807461860929355737e+02 9.382348009315737158e+01
2.550000000000000000e+02 1.776965587224132150e+02 9.253147055561716172e+01
2.550000000000000000e+02 1.776479150493512122e+02 9.245030165243429110e+01
2.550000000000000000e+02 1.773180314960629858e+02 9.224374071198846536e+01
2.550000000000000000e+02 1.767986170566707358e+02 9.217509260286125539e+01
2.550000000000000000e+02 1.741800898303204974e+02 9.169153266053011464e+01
2.550000000000000000e+02 1.713094366197182978e+02 9.124971387379395082e+01
2.550000000000000000e+02 1.705942630586669679e+02 9.103523012088277255e+01
2.550000000000000000e+02 1.734396040811799935e+02 9.227700011090162491e+01
2.550000000000000000e+02 1.738727780858378651e+02 9.243267605633802475e+01
2.550000000000000000e+02 1.765415248974159965e+02 9.367895419762670883e+01
2.550000000000000000e+02 1.767243894865254390e+02 9.377209936786070443e+01
2.550000000000000000e+02 1.765554940667627761e+02 9.372858045913274339e+01
2.550000000000000000e+02 1.761399090606632001e+02 9.361354330708661564e+01
2.550000000000000000e+02 1.757301663524453943e+02 9.364987800820672703e+01
2.550000000000000000e+02 1.752195674836420096e+02 9.353373405789065487e+01
2.550000000000000000e+02 1.748588865476322383e+02 9.329364755461905645e+01
2.550000000000000000e+02 1.770551059110568985e+02 9.434412886769435147e+01
2.550000000000000000e+02 1.771693423533325813e+02 9.433274925141400047e+01
2.550000000000000000e+02 1.775985216812687213e+02 9.444001663524453249e+01
2.550000000000000000e+02 1.778865753576577617e+02 9.447656315847842734e+01
2.550000000000000000e+02 1.781293401352999979e+02 9.445910391482755131e+01
2.550000000000000000e+02 1.784102783630919475e+02 9.450448707996007158e+01
2.550000000000000000e+02 1.790202705999778061e+02 9.465484085616058962e+01
2.550000000000000000e+02 1.792674348452922288e+02 9.471450593323721989e+01
2.550000000000000000e+02 1.797384407230786394e+02 9.481616058556060977e+01
2.550000000000000000e+02 1.797976477764223091e+02 9.463662304535876046e+01
2.550000000000000000e+02 1.786115282244649052e+02 9.439854386159476007e+01
2.550000000000000000e+02 1.768928357546855921e+02 9.406510591105688945e+01
2.550000000000000000e+02 1.762317078851059193e+02 9.399029721636908619e+01
2.550000000000000000e+02 1.766313773982477642e+02 9.399416324719973659e+01
2.550000000000000000e+02 1.774779183764001402e+02 9.429513474548075180e+01
2.550000000000000000e+02 1.783139880226239313e+02 9.467353110790728010e+01
2.550000000000000000e+02 1.787512221359654063e+02 9.502040257291781700e+01
2.550000000000000000e+02 1.792658045913274805e+02 9.508631252079405272e+01
2.550000000000000000e+02 1.791354929577464929e+02 9.493992458689142211e+01
2.550000000000000000e+02 1.789036397915049292e+02 9.490525895530664968e+01
2.550000000000000000e+02 1.786777620051014708e+02 9.499111234335144616e+01
2.550000000000000000e+02 1.783539846955750363e+02 9.470451813241655259e+01
2.550000000000000000e+02 1.782997582344460454e+02 9.461002994344016770e+01
2.550000000000000000e+02 1.783288233337030135e+02 9.457859598536099099e+01
2.549999944549184931e+02 1.782490174115559398e+02 9.449592880115338289e+01
2.550000000000000000e+02 1.786705777974936211e+02 9.454941554840856099e+01
2.550000000000000000e+02 1.792762670511256431e+02 9.472597759787069549e+01
2.550000000000000000e+02 1.799885039370078630e+02 9.495437728734611937e+01
2.550000000000000000e+02 1.805961938560496947e+02 9.513935898857712914e+01
2.550000000000000000e+02 1.810862592880115471e+02 9.522874570256182380e+01
2.550000000000000000e+02 1.817332948874348517e+02 9.532065210158589252e+01
2.550000000000000000e+02 1.801661450593323650e+02 9.458865809027392402e+01
2.550000000000000000e+02 1.792111223244981772e+02 9.427206942442053617e+01
2.550000000000000000e+02 1.771102561827658803e+02 9.360249085061551000e+01
2.550000000000000000e+02 1.763860019962293393e+02 9.329705445270045061e+01
2.550000000000000000e+02 1.765822967727625610e+02 9.318650659864700003e+01
2.550000000000000000e+02 1.770731961849839138e+02 9.340164245314406344e+01
2.550000000000000000e+02 1.776305966507707694e+02 9.369523012088278335e+01
2.550000000000000000e+02 1.784528501718975235e+02 9.403120660973716838e+01
2.550000000000000000e+02 1.788533891538205580e+02 9.419868359764888055e+01
2.550000000000000000e+02 1.789513075302207028e+02 9.419770433625373585e+01
2.550000000000000000e+02 1.786264223134079998e+02 9.385572252412110572e+01
2.550000000000000000e+02 1.786842674947321825e+02 9.380540312742597564e+01
2.550000000000000000e+02 1.789553033159587585e+02 9.386768659199290710e+01
2.550000000000000000e+02 1.793039924586891516e+02 9.392467783076411081e+01
2.550000000000000000e+02 1.794737595652655955e+02 9.374225684817567128e+01
2.550000000000000000e+02 1.804216513252744676e+02 9.401099589663968459e+01
2.550000000000000000e+02 1.811456060774093260e+02 9.411832871243207421e+01
2.550000000000000000e+02 1.816951890872795730e+02 9.429143617611178740e+01
2.550000000000000000e+02 1.823236597537983812e+02 9.432588222246866394e+01
2.550000000000000000e+02 1.803088588222246926e+02 9.347893312631696006e+01
2.550000000000000000e+02 1.801462836863701966e+02 9.321078407452588976e+01
2.550000000000000000e+02 1.803783619829211489e+02 9.302476766108462414e+01
2.550000000000000000e+02 1.803837551292004093e+02 9.292008872130419661e+01
2.550000000000000000e+02 1.788617322834645620e+02 9.254259731618054730e+01
2.549999955639347888e+02 1.767504147720971446e+02 9.228341687922812753e+01
2.550000000000000000e+02 1.762589774869690586e+02 9.223803482311190294e+01
2.550000000000000000e+02 1.733602872352223585e+02 9.098832316735055770e+01
2.550000000000000000e+02 1.765775590551181153e+02 9.233989242541865394e+01
2.550000000000000000e+02 1.769444260840634229e+02 9.252050238438505403e+01
2.550000000000000000e+02 1.773224021293113140e+02 9.280696240434734534e+01
2.550000000000000000e+02 1.776792880115337709e+02 9.285342575135854304e+01
2.550000000000000000e+02 1.777239115004990708e+02 9.277965065986469995e+01
2.550000000000000000e+02 1.774470943772873568e+02 9.276650438061439274e+01
2.550000000000000000e+02 1.769946234889652885e+02 9.257653765110346455e+01
2.550000000000000000e+02 1.768921747809692704e+02 9.252871465010535701e+01
2.550000000000000000e+02 1.769290063213929329e+02 9.256653099700565690e+01
2.550000000000000000e+02 1.770848397471442865e+02 9.254127980481312932e+01
2.550000000000000000e+02 1.792752722635022735e+02 9.345707552401020735e+01
2.550000000000000000e+02 1.793713186203837324e+02 9.340407452589552406e+01
2.550000000000000000e+02 1.795552057225241072e+02 9.329623710768548506e+01
2.550000000000000000e+02 1.798130808472884610e+02 9.339602861262061140e+01
2.550000000000000000e+02 1.799949783741820966e+02 9.337259842519685549e+01
2.550000000000000000e+02 1.803735599423311555e+02 9.341263724076743813e+01
2.550000000000000000e+02 1.805106132860153139e+02 9.343257402683819635e+01
2.550000000000000000e+02 1.807237340578906526e+02 9.343486636353554786e+01
2.550000000000000000e+02 1.771374126649661775e+02 9.239051680159698776e+01
2.550000000000000000e+02 1.754865487412664891e+02 9.207471331928579161e+01
2.550000000000000000e+02 1.753445037152046098e+02 9.219079849173782293e+01
2.550000000000000000e+02 1.757427636686259405e+02 9.224292114894089423e+01
2.550000000000000000e+02 1.761915149162692558e+02 9.238395142508595370e+01
2.550000000000000000e+02 1.790223477875124729e+02 9.345393257180880653e+01
2.550000000000000000e+02 1.796078673616502215e+02 9.357747587889541308e+01
2.550000000000000000e+02 1.800385593878229997e+02 9.373144172119330619e+01
2.550000000000000000e+02 1.801434390595541686e+02 9.368775313297105356e+01
2.550000000000000000e+02 1.797130220694244258e+02 9.343520904957303230e+01
2.550000000000000000e+02 1.794565431961849811e+02 9.331976599756016810e+01
2.550000000000000000e+02 1.791935011644671079e+02 9.331052012864589074e+01
2.550000000000000000e+02 1.791323566596429089e+02 9.318627259620716075e+01
2.550000000000000000e+02 1.793210702007319526e+02 9.320027614505933400e+01
2.550000000000000000e+02 1.795610136409005122e+02 9.324516136187202164e+01
2.550000000000000000e+02 1.796667006764999428e+02 9.313018964178773729e+01
2.550000000000000000e+02 1.797127281801042500e+02 9.309563158478430012e+01
2.550000000000000000e+02 1.797537285128091469e+02 9.308572806920261655e+01
2.550000000000000000e+02 1.798045392037263071e+02 9.317510591105688889e+01
2.550000000000000000e+02 1.802487556837085378e+02 9.329682932239103366e+01
2.550000000000000000e+02 1.805585516247088833e+02 9.344945103693024180e+01
2.550000000000000000e+02 1.802786847066651887e+02 9.338721747809692886e+01
2.550000000000000000e+02 1.760282932239103957e+02 9.212288787845182014e+01
2.550000000000000000e+02 1.746228690251746798e+02 9.189170344904070475e+01
2.550000000000000000e+02 1.742088033714095729e+02 9.200461572585116699e+01
2.550000000000000000e+02 1.747797615614949507e+02 9.216407563491183907e+01
2.550000000000000000e+02 1.777902395475213382e+02 9.341618165687035003e+01
2.550000000000000000e+02 1.780732460907175323e+02 9.355895974270821114e+01
2.550000000000000000e+02 1.785584629034046884e+02 9.362611733392481028e+01
2.550000000000000000e+02 1.784592403238327734e+02 9.355418099146056932e+01
2.549999988909837043e+02 1.781443373627592450e+02 9.355702894532549863e+01
2.550000000000000000e+02 1.779621803260507988e+02 9.346945769102805457e+01
2.550000000000000000e+02 1.778809748253299290e+02 9.347454696684040698e+01
2.550000000000000000e+02 1.776771609182654856e+02 9.322642120439169844e+01
2.550000000000000000e+02 1.785250227348342094e+02 9.365208495064877070e+01
2.550000000000000000e+02 1.787709149384496072e+02 9.372080070977042965e+01
2.550000000000000000e+02 1.789862770322723691e+02 9.370888543861595110e+01
2.550000000000000000e+02 1.790909482089386699e+02 9.365955861151158501e+01
2.550000000000000000e+02 1.790241355217921750e+02 9.367043473439059653e+01
2.550000000000000000e+02 1.787629644005766920e+02 9.347074747698790986e+01
2.550000000000000000e+02 1.784230154153266028e+02 9.331461128978595809e+01
2.550000000000000000e+02 1.781601164467117542e+02 9.326064655650438340e+01
2.550000000000000000e+02 1.773783453476765999e+02 9.302587335033824445e+01
2.550000000000000000e+02 1.748893922590661987e+02 9.253114006875901509e+01
2.549999988909837043e+02 1.724578740157480183e+02 9.212270710879450064e+01
2.550000000000000000e+02 1.718037861816568750e+02 9.194998114672286249e+01
2.550000000000000000e+02 1.724183808361982813e+02 9.221100809581901103e+01
2.550000000000000000e+02 1.734080137518021445e+02 9.272722856825996018e+01
2.550000000000000000e+02 1.766840279472108364e+02 9.424104691138960277e+01
2.550000000000000000e+02 1.772356349118332162e+02 9.444717311744481947e+01
2.550000000000000000e+02 1.800754619052900125e+02 9.579047133192858610e+01
2.550000000000000000e+02 1.773729965620494511e+02 9.467725740268382140e+01
2.550000000000000000e+02 1.770642985471886561e+02 9.453156260397027211e+01
2.550000000000000000e+02 1.768480470222912402e+02 9.437285128091383513e+01
2.550000000000000000e+02 1.768217278473993588e+02 9.437151158922036132e+01
2.550000000000000000e+02 1.772185083730730923e+02 9.452496506598646420e+01
2.550000000000000000e+02 1.777728324276367005e+02 9.461851059110568940e+01
2.550000000000000000e+02 1.803229089497615689e+02 9.565666075191305140e+01
2.550000000000000000e+02 1.804441920816236120e+02 9.561111677941666187e+01
2.550000000000000000e+02 1.784103770655428605e+02 9.484758678052567404e+01
2.550000000000000000e+02 1.781771132305644869e+02 9.457231784407230180e+01
2.550000000000000000e+02 1.782006199401131141e+02 9.445918487301763378e+01
2.550000000000000000e+02 1.784603471221026894e+02 9.458932128202285128e+01
2.550000000000000000e+02 1.782257169790395892e+02 9.436720527891759502e+01
2.550000000000000000e+02 1.768299589663968163e+02 9.410483974714428257e+01
2.550000000000000000e+02 1.744294687811910762e+02 9.370333370300544118e+01
2.550000000000000000e+02 1.737315160252855719e+02 9.366929133858268131e+01
2.550000000000000000e+02 1.735252267938338662e+02 9.352529333481201945e+01
2.550000000000000000e+02 1.738521781080181938e+02 9.360257402683819805e+01
2.550000000000000000e+02 1.768619496506598523e+02 9.522179438837750354e+01
2.550000000000000000e+02 1.772137218587113239e+02 9.525520794055672980e+01
2.550000000000000000e+02 1.777166241543750687e+02 9.544815792392148524e+01
2.550000000000000000e+02 1.779560031052456566e+02 9.548724409448819017e+01
2.550000000000000000e+02 1.778830930464677920e+02 9.542034046800488056e+01
2.550000000000000000e+02 1.777025784629034035e+02 9.535581568149051179e+01
2.550000000000000000e+02 1.778527071087945046e+02 9.535305977597870708e+01
2.549999966729510845e+02 1.779420760785183404e+02 9.537767106576467313e+01
2.550000000000000000e+02 1.780974991682377606e+02 9.534236109570811379e+01
2.550000000000000000e+02 1.787180658755683567e+02 9.554244205389819911e+01
2.550000000000000000e+02 1.794760973716313686e+02 9.569620161916380141e+01
2.550000000000000000e+02 1.800898569368969788e+02 9.589334812021736809e+01
2.550000000000000000e+02 1.802663225019407776e+02 9.589029943440168324e+01
2.550000000000000000e+02 1.801121404014639040e+02 9.569741710103139098e+01
2.550000000000000000e+02 1.802464932904513830e+02 9.563520350449151408e+01
2.550000000000000000e+02 1.803068126871465040e+02 9.562471442830209867e+01
2.550000000000000000e+02 1.769361250970389392e+02 9.440562049462127447e+01
2.550000000000000000e+02 1.742276400133081893e+02 9.398209049573029006e+01
2.550000000000000000e+02 1.724257557946101826e+02 9.374944216479981662e+01
2.550000000000000000e+02 1.724557269601863254e+02 9.373633026505490307e+01
2.550000000000000000e+02 1.728963912609515319e+02 9.378670511256515852e+01
2.550000000000000000e+02 1.756234257513585533e+02 9.497273039813684647e+01
2.550000000000000000e+02 1.762974536985693703e+02 9.534430741931906539e+01
2.550000000000000000e+02 1.767877586780525689e+02 9.541428191194410147e+01
2.550000000000000000e+02 1.794637617832982244e+02 9.663359653986913145e+01
2.550000000000000000e+02 1.794307130974825384e+02 9.660091161140069005e+01
2.550000000000000000e+02 1.795872385494066634e+02 9.657686702894532971e+01
2.550000000000000000e+02 1.795547499168237664e+02 9.657312409892425364e+01
2.550000000000000000e+02 1.798608328712432183e+02 9.669753243872685289e+01
2.550000000000000000e+02 1.780798658090273818e+02 9.587825108129089813e+01
2.550000000000000000e+02 1.783103770655428661e+02 9.576364533658644973e+01
2.550000000000000000e+02 1.787740290562271355e+02 9.589330154153266506e+01
2.550000000000000000e+02 1.791572174780969249e+02 9.601520572252411512e+01
2.550000000000000000e+02 1.795384296329156086e+02 9.607657757569036505e+01
2.550000000000000000e+02 1.797506953532216869e+02 9.599590772984362275e+01
2.550000000000000000e+02 1.802299367860707662e+02 9.604881667960519565e+01
2.550000000000000000e+02 1.799981357435954408e+02 9.580585893312631640e+01
2.550000000000000000e+02 1.790795963180658816e+02 9.562823555506265905e+01
2.549999977819674086e+02 1.765330032161472786e+02 9.500575912165908221e+01
2.550000000000000000e+02 1.720344161029167083e+02 9.357836641898636287e+01
2.550000000000000000e+02 1.719470921592547370e+02 9.358214151048019858e+01
2.550000000000000000e+02 1.749106410114228538e+02 9.487832871243207933e+01
2.550000000000000000e+02 1.756907064433847268e+02 9.509819008539425056e+01
2.550000000000000000e+02 1.763260829544194337e+02 9.543010424753244081e+01
2.550000000000000000e+02 1.796968415215703772e+02 9.675564600199622589e+01
2.550000000000000000e+02 1.802474614616834856e+02 9.690142175889985765e+01
2.550000000000000000e+02 1.807145103693024168e+02 9.710301208827769415e+01
2.550000000000000000e+02 1.807597493623156311e+02 9.709275590551180812e+01
2.550000000000000000e+02 1.812160208495064921e+02 9.740701120106466249e+01
2.550000000000000000e+02 1.797342020627703221e+02 9.657960519019628975e+01
2.550000000000000000e+02 1.795396728401907467e+02 9.622008095819008133e+01
2.550000000000000000e+02 1.795283276034157609e+02 9.617616169457690489e+01
2.550000000000000000e+02 1.799131484972829185e+02 9.614270156371298981e+01
2.549999844737717751e+02 1.800806654097815169e+02 9.613608073638683038e+01
2.550000000000000000e+02 1.804212786957968149e+02 9.618320838416325103e+01
2.549999988909837043e+02 1.808978851059110582e+02 9.627364200953753937e+01
2.550000000000000000e+02 1.809852123766219449e+02 9.621783076411223590e+01
2.550000000000000000e+02 1.796877531329710678e+02 9.551860153044249557e+01
2.550000000000000000e+02 1.794220694244205276e+02 9.546262836863701295e+01
2.550000000000000000e+02 1.768129322391039011e+02 9.475359543085284031e+01
2.550000000000000000e+02 1.754037351669069551e+02 9.457710103138515478e+01
2.550000000000000000e+02 1.750707563491183407e+02 9.446376954641233681e+01
2.550000000000000000e+02 1.749688255517356197e+02 9.422593101918597824e+01
2.550000000000000000e+02 1.757492891205500598e+02 9.462740822890096126e+01
2.550000000000000000e+02 1.764509570810691059e+02 9.494435843406897391e+01
2.550000000000000000e+02 1.791899855827880685e+02 9.615514029056227230e+01
2.550000000000000000e+02 1.792945281135632740e+02 9.612868581568149295e+01
2.550000000000000000e+02 1.793325585006099629e+02 9.608904513696352012e+01
2.550000000000000000e+02 1.791510103138516001e+02 9.602685372074969905e+01
2.550000000000000000e+02 1.790889996672950986e+02 9.600899079516469214e+01
2.550000000000000000e+02 1.792447166463346946e+02 9.602213707441499935e+01
2.550000000000000000e+02 1.794527614505933286e+02 9.610312853498946595e+01
2.550000000000000000e+02 1.799974426084063452e+02 9.625641122324498156e+01
2.550000000000000000e+02 1.801881690140845080e+02 9.614437617832982141e+01
2.550000000000000000e+02 1.801916513252744778e+02 9.608903626483309779e+01
2.550000000000000000e+02 1.782140512365531890e+02 9.529292003992458149e+01
2.550000000000000000e+02 1.781733980259509735e+02 9.524932128202284787e+01
2.550000000000000000e+02 1.782559931240989215e+02 9.513813574359542713e+01
2.550000000000000000e+02 1.783109859154929495e+02 9.515688588222246835e+01
2.550000000000000000e+02 1.777452079405567247e+02 9.484951757790840077e+01
2.550000000000000000e+02 1.753922513030941559e+02 9.427721082399911268e+01
2.550000000000000000e+02 1.730402661639126052e+02 9.384835311079072540e+01
2.550000000000000000e+02 1.728747754241987309e+02 9.385908506155040243e+01
2.550000000000000000e+02 1.736647754241987229e+02 9.401892869025174093e+01
2.549999966729510845e+02 1.754421359653987054e+02 9.475677719862481752e+01
2.550000000000000000e+02 1.781911212154818713e+02 9.595599645114782561e+01
2.550000000000000000e+02 1.789841954086725195e+02 9.621341577021182445e+01
2.550000000000000000e+02 1.796371265387601284e+02 9.637776311411778352e+01
2.550000000000000000e+02 1.796753221692358977e+02 9.631716757236331716e+01
2.550000000000000000e+02 1.794850759676167229e+02 9.627492181435067664e+01
2.550000000000000000e+02 1.790877852944438189e+02 9.592129976710657502e+01
2.550000000000000000e+02 1.792255694798713535e+02 9.590714428302095484e+01
2.550000000000000000e+02 1.795715770211822075e+02 9.600581457247422179e+01
2.550000000000000000e+02 1.802278873239436621e+02 9.619237218587113603e+01
2.550000000000000000e+02 1.809531584784296285e+02 9.635486192747033840e+01
2.550000000000000000e+02 1.813708661417322787e+02 9.634715537318398049e+01
2.550000000000000000e+02 1.818588710214040134e+02 9.649871132305645460e+01
2.550000000000000000e+02 1.805246689586336970e+02 9.580698458467340117e+01
2.550000000000000000e+02 1.805270733059776092e+02 9.559116557613397447e+01
2.550000000000000000e+02 1.807537495841188786e+02 9.558924254186536018e+01
2.550000000000000000e+02 1.808390451369635059e+02 9.541831984030164904e+01
2.550000000000000000e+02 1.806404535876677357e+02 9.545106465565044118e+01
2.549999900188532820e+02 1.756755572806920327e+02 9.385093711877564715e+01
2.550000000000000000e+02 1.728260308306532238e+02 9.331807474769878752e+01
2.550000000000000000e+02 1.722565065986470074e+02 9.322278806698459164e+01
2.550000000000000000e+02 1.722108173450149593e+02 9.285142508594876176e+01
2.550000000000000000e+02 1.758571354108905496e+02 9.449724187645558970e+01
2.550000000000000000e+02 1.764007031163358192e+02 9.473673505600532962e+01
2.550000000000000000e+02 1.773137274037928250e+02 9.521836530997005354e+01
2.550000000000000000e+02 1.800525119219252588e+02 9.635134745480758056e+01
2.550000000000000000e+02 1.799070245092602818e+02 9.622789841410668998e+01
2.550000000000000000e+02 1.795975435288898723e+02 9.604854053454586449e+01
2.550000000000000000e+02 1.772494443828324222e+02 9.510674947321726336e+01
2.550000000000000000e+02 1.775610779638460599e+02 9.512075413108573230e+01
2.550000000000000000e+02 1.781630797382721596e+02 9.523396362426527162e+01
2.550000000000000000e+02 1.789549939004103294e+02 9.543764666740601399e+01
2.550000000000000000e+02 1.794344992791394020e+02 9.554897194188754384e+01
2.550000000000000000e+02 1.799760652101585947e+02 9.570013308195630941e+01
2.550000000000000000e+02 1.802352755905511685e+02 9.545288676943550854e+01
2.550000000000000000e+02 1.806027503604302922e+02 9.540001330819562497e+01
2.550000000000000000e+02 1.807249306864810876e+02 9.534877010092048977e+01
2.550000000000000000e+02 1.809436031939669647e+02 9.527243539980037212e+01
2.550000000000000000e+02 1.812886159476544208e+02 9.539492625041587814e+01
2.550000000000000000e+02 1.793300565598314336e+02 9.446942885660419620e+01
2.549999955639347888e+02 1.777875379838083632e+02 9.421462459798159728e+01
2.550000000000000000e+02 1.743347244094488246e+02 9.330650659864700458e+01
2.550000000000000000e+02 1.733719063990240556e+02 9.307941443939225223e+01
2.550000000000000000e+02 1.731073483420206287e+02 9.277955861151158956e+01
2.550000000000000000e+02 1.740019141621381777e+02 9.307585449706110126e+01
2.550000000000000000e+02 1.773308051458356545e+02 9.464950981479427128e+01
2.550000000000000000e+02 1.780796684041255276e+02 9.488614505933237808e+01
2.550000000000000000e+02 1.788879516468892064e+02 9.506249306864810933e+01
2.550000000000000000e+02 1.792563380281690115e+02 9.517797493623156413e+01
2.550000000000000000e+02 1.792955084839747144e+02 9.514569368969723939e+01
2.550000000000000000e+02 1.789673494510369380e+02 9.501683819452145485e+01
2.550000000000000000e+02 1.785987512476433494e+02 9.474043029832537854e+01
2.549999988909837043e+02 1.787279394477098720e+02 9.467137518021515064e+01
2.550000000000000000e+02 1.788868703559942333e+02 9.477040589996673248e+01
2.550000000000000000e+02 1.793389774869690712e+02 9.482843961406233291e+01
2.550000000000000000e+02 1.794759354552512036e+02 9.487495952090495166e+01
2.550000000000000000e+02 1.797168248863258384e+02 9.479084063435732332e+01
2.550000000000000000e+02 1.801138039259177219e+02 9.489840190750804538e+01
2.550000000000000000e+02 1.802864400576688411e+02 9.490607851835422082e+01
2.550000000000000000e+02 1.806586148386381296e+02 9.505131307530220397e+01
2.550000000000000000e+02 1.790778961960740787e+02 9.422825219030720234e+01
2.550000000000000000e+02 1.791429388932017162e+02 9.410990795164688905e+01
2.550000000000000000e+02 1.784362382167017813e+02 9.392196074082289670e+01
2.549999955639347888e+02 1.752349129422202623e+02 9.331588444050127862e+01
2.550000000000000000e+02 1.721833802816901482e+02 9.252221137850726507e+01
2.550000000000000000e+02 1.717506321392924349e+02 9.236518686924698329e+01
2.550000000000000000e+02 1.722640523455694677e+02 9.236322501940777840e+01
2.550000000000000000e+02 1.733867771986248272e+02 9.287513030941555314e+01
2.550000000000000000e+02 1.767300510147499040e+02 9.436844959520904297e+01
2.550000000000000000e+02 1.773220361539314638e+02 9.462786736165021750e+01
2.550000000000000000e+02 1.800550083176222813e+02 9.571641676832649637e+01
2.550000000000000000e+02 1.773489209271376410e+02 9.473840745258955565e+01
2.550000000000000000e+02 1.770664001330819701e+02 9.450588111345236086e+01
2.550000000000000000e+02 1.768370056559831482e+02 9.437756238216701377e+01
2.550000000000000000e+02 1.771493501164466977e+02 9.447812908949761379e+01
2.550000000000000000e+02 1.775801297549074036e+02 9.464769990018852752e+01
2.550000000000000000e+02 1.778173904846401285e+02 9.460469446600865240e+01
2.550000000000000000e+02 1.803191205500720855e+02 9.572871132305644437e+01
2.550000000000000000e+02 1.788201497172008487e+02 9.496902850171898081e+01
2.550000000000000000e+02 1.792714461572585094e+02 9.490693467893977697e+01
2.550000000000000000e+02 1.798142397693246153e+02 9.512213818343128935e+01
2.550000000000000000e+02 1.802669258068093541e+02 9.522383386935787541e+01
2.550000000000000000e+02 1.803303493401353137e+02 9.503223244981701612e+01
2.550000000000000000e+02 1.806974614616834742e+02 9.508118553842741960e+01
2.550000000000000000e+02 1.797858888765664744e+02 9.490509482089386495e+01
2.550000000000000000e+02 1.766756570921592413e+02 9.430338693578795528e+01
2.550000000000000000e+02 1.751510879449927813e+02 9.413734057890650320e+01
2.550000000000000000e+02 1.728483120771875292e+02 9.319086946878118738e+01
2.550000000000000000e+02 1.732135843406898061e+02 9.318688810025507507e+01
2.550000000000000000e+02 1.762983475657092072e+02 9.423993345902184160e+01
2.550000000000000000e+02 1.769589309082843442e+02 9.474637684373959701e+01
2.550000000000000000e+02 1.777873494510369312e+02 9.503804924032382928e+01
2.550000000000000000e+02 1.776664622379948923e+02 9.491104025729178773e+01
2.550000000000000000e+02 1.767730553399134976e+02 9.463399356770544557e+01
2.550000000000000000e+02 1.762207252966618682e+02 9.455996007541310178e+01
2.550000000000000000e+02 1.759018875457469164e+02 9.427981812132638595e+01
2.550000000000000000e+02 1.760288998558278877e+02 9.429661195519574335e+01
2.550000000000000000e+02 1.766016557613396856e+02 9.445396140623266490e+01
2.550000000000000000e+02 1.797307929466563223e+02 9.575817677719862786e+01
2.550000000000000000e+02 1.800533370300543368e+02 9.574843739602971482e+01
2.549999977819674086e+02 1.805405667073306120e+02 9.585109570810691082e+01
2.550000000000000000e+02 1.806368781191083599e+02 9.578883996894754205e+01
2.550000000000000000e+02 1.804486248197848397e+02 9.565226682932238589e+01
2.549999988909837043e+02 1.780171620272818132e+02 9.457202062770322470e+01
2.550000000000000000e+02 1.781794987246312587e+02 9.460379505378729448e+01
2.550000000000000000e+02 1.781431618054785417e+02 9.435299212598425811e+01
2.550000000000000000e+02 1.776624919596318080e+02 9.447761006986802101e+01
2.550000000000000000e+02 1.741894732172563067e+02 9.367114561384052251e+01
2.550000000000000000e+02 1.717921315293334885e+02 9.326064212043917223e+01
2.550000000000000000e+02 1.716230786292558435e+02 9.325599866918044256e+01
2.550000000000000000e+02 1.722849706110679904e+02 9.331089054009093786e+01
2.550000000000000000e+02 1.756639869136076300e+02 9.489904957302871935e+01
2.550000000000000000e+02 1.766266707330597683e+02 9.550413330375955923e+01
2.550000000000000000e+02 1.795988654763225156e+02 9.655313851613618681e+01
2.550000000000000000e+02 1.798531296440057758e+02 9.660116557613396537e+01
2.550000000000000000e+02 1.799007652212487471e+02 9.653568592658312753e+01
2.550000000000000000e+02 1.796370245092603000e+02 9.657743484529223110e+01
2.550000000000000000e+02 1.770188421869801516e+02 9.542247976045247526e+01
2.549999800377065640e+02 1.772143739602972232e+02 9.552708994122212971e+01
2.550000000000000000e+02 1.778867616723965739e+02 9.561977265165798201e+01
2.550000000000000000e+02 1.784268526117333806e+02 9.572885993124099002e+01
2.550000000000000000e+02 1.788694709992236938e+02 9.574970611067982418e+01
2.550000000000000000e+02 1.791859177109903385e+02 9.573415326605301345e+01
2.550000000000000000e+02 1.797877309526450063e+02 9.600919263613175758e+01
2.550000000000000000e+02 1.799893933680825171e+02 9.586316513252744187e+01
2.550000000000000000e+02 1.805461982921148945e+02 9.596550848397471611e+01
2.550000000000000000e+02 1.806524675612731414e+02 9.588315182433181860e+01
2.550000000000000000e+02 1.810875490739713882e+02 9.591785183542198467e+01
2.550000000000000000e+02 1.809471276477764263e+02 9.593769657313961829e+01
2.550000000000000000e+02 1.757273893756238294e+02 9.435322058334257633e+01
2.550000000000000000e+02 1.725396218254408325e+02 9.374051791061329197e+01
2.550000000000000000e+02 1.717271908617056795e+02 9.347088388599311770e+01
2.550000000000000000e+02 1.725968271043584252e+02 9.351001774426083557e+01
2.550000000000000000e+02 1.749045236774980481e+02 9.439102251303094704e+01
2.550000000000000000e+02 1.785239880226239393e+02 9.592540312742598019e+01
2.550000000000000000e+02 1.792656981257624409e+02 9.616635688144616267e+01
2.550000000000000000e+02 1.805811833203948140e+02 9.653730176333591828e+01
2.550000000000000000e+02 1.812069779305755901e+02 9.660504380614395359e+01
2.550000000000000000e+02 1.810492503049794948e+02 9.641841077963846374e+01
2.550000000000000000e+02 1.808129266940223943e+02 9.607294665631584962e+01
2.550000000000000000e+02 1.809713596539869229e+02 9.601342242430963836e+01
2.550000000000000000e+02 1.794265786847066693e+02 9.522846401242098580e+01
2.550000000000000000e+02 1.798862348896528829e+02 9.521049794831984059e+01
2.550000000000000000e+02 1.800217078851059114e+02 9.492790728623710095e+01
