2.550000000000000000e+02 2.247762018583355825e+02 1.428051036897387576e+02
2.550000000000000000e+02 2.263774587036538151e+02 1.441100244635963747e+02
2.550000000000000000e+02 1.781131048568094002e+02 1.097474459107639859e+02
2.550000000000000000e+02 1.790950219947930577e+02 1.098658878714426805e+02
2.550000000000000000e+02 1.801972730945327328e+02 1.097773924948379545e+02
2.550000000000000000e+02 1.803328766047221450e+02 1.092547580572762342e+02
2.550000000000000000e+02 1.791401000987521286e+02 1.082466929257563493e+02
2.550000000000000000e+02 1.787733245803034379e+02 1.076925790017057238e+02
2.550000000000000000e+02 1.788524688033037080e+02 1.073459949277313967e+02
2.550000000000000000e+02 1.794360321842176234e+02 1.073806647813986928e+02
2.549999966334500527e+02 1.803089909327587748e+02 1.076095396804021931e+02
2.550000000000000000e+02 1.812681221384325454e+02 1.077892472394290309e+02
2.550000000000000000e+02 1.822837418080617624e+02 1.080358515127031183e+02
2.550000000000000000e+02 1.815078844600053856e+02 1.075588843253433851e+02
2.550000000000000000e+02 1.823199232426609342e+02 1.076648678068049207e+02
2.550000000000000000e+02 1.830703721159888744e+02 1.076850491516294142e+02
2.550000000000000000e+02 1.827021220486578557e+02 1.072949030433611597e+02
2.550000000000000000e+02 1.777444070383337760e+02 1.055330247329203672e+02
2.550000000000000000e+02 1.739564570428225068e+02 1.043987128557321142e+02
2.550000000000000000e+02 1.721572380824131301e+02 1.037759157015890139e+02
2.550000000000000000e+02 1.724084736062483216e+02 1.036526337642517319e+02
2.550000000000000000e+02 1.731846552652841353e+02 1.038473460364485135e+02
2.550000000000000000e+02 1.745807702666307648e+02 1.046496633450040434e+02
2.550000000000000000e+02 1.780183746296794993e+02 1.060674813717568838e+02
2.550000000000000000e+02 1.779918540712810966e+02 1.059983055031869981e+02
2.550000000000000000e+02 1.777819609031331254e+02 1.057771366370410249e+02
2.550000000000000000e+02 1.774385840290869965e+02 1.056937056737588705e+02
2.550000000000000000e+02 1.768879118412783953e+02 1.055514981147320270e+02
2.550000000000000000e+02 1.769053988239518844e+02 1.054652212945506733e+02
2.550000000000000000e+02 1.773790342490349303e+02 1.055166711553999477e+02
2.550000000000000000e+02 1.779915084388185562e+02 1.056470093814525484e+02
2.550000000000000000e+02 1.783322302271299122e+02 1.057520154412424773e+02
2.550000000000000000e+02 1.786497778077026624e+02 1.057812494389083469e+02
2.550000000000000000e+02 1.790613385402639324e+02 1.058332906903671784e+02
2.550000000000000000e+02 1.794908474728431713e+02 1.058555267528503521e+02
2.549999910225334361e+02 1.801267562168955862e+02 1.060984727085016601e+02
2.550000000000000000e+02 1.801994692072896953e+02 1.058440715055211427e+02
2.549999977556333590e+02 1.793481270760391340e+02 1.055788412335039084e+02
2.550000000000000000e+02 1.758395760391417468e+02 1.046639229284495940e+02
2.550000000000000000e+02 1.706893594577610145e+02 1.030231225873058634e+02
2.550000000000000000e+02 1.709330381991202046e+02 1.030917081874494983e+02
2.550000000000000000e+02 1.728395827722416698e+02 1.036029199209982892e+02
2.550000000000000000e+02 1.769041767663165388e+02 1.052073256127120970e+02
2.550000000000000000e+02 1.806644750426429766e+02 1.068096339438010602e+02
2.550000000000000000e+02 1.816002446359637190e+02 1.069392528503456390e+02
2.550000000000000000e+02 1.815574456863273269e+02 1.068900911212855789e+02
2.550000000000000000e+02 1.783097259628332836e+02 1.056473033934823604e+02
2.550000000000000000e+02 1.777022982314391015e+02 1.054877861567465658e+02
2.550000000000000000e+02 1.767134033575725027e+02 1.049670246431457059e+02
2.550000000000000000e+02 1.765600053864799293e+02 1.045889195618996297e+02
2.550000000000000000e+02 1.770475558847293200e+02 1.046565535505880291e+02
2.550000000000000000e+02 1.777705213663704171e+02 1.050366179639105866e+02
2.550000000000000000e+02 1.777027987251997558e+02 1.049264464942993129e+02
2.550000000000000000e+02 1.784272073345901788e+02 1.053024317712541489e+02
2.550000000000000000e+02 1.787542216536493527e+02 1.052622385312864708e+02
2.550000000000000000e+02 1.792850098752132055e+02 1.053517158182960713e+02
2.550000000000000000e+02 1.797063055480743401e+02 1.054209040308824825e+02
2.550000000000000000e+02 1.796146489810575417e+02 1.054633191938235086e+02
2.550000000000000000e+02 1.761034350031421241e+02 1.042040174162851258e+02
2.550000000000000000e+02 1.722135739294371035e+02 1.032739429033126868e+02
2.550000000000000000e+02 1.708595037705359516e+02 1.028168372385312921e+02
2.550000000000000000e+02 1.713257945057904692e+02 1.030103824400754178e+02
2.550000000000000000e+02 1.727861690905826322e+02 1.036608717120028729e+02
2.550000000000000000e+02 1.768601804470778234e+02 1.052871633450040463e+02
2.550000000000000000e+02 1.782901707963012825e+02 1.060971227219678639e+02
2.550000000000000000e+02 1.788990753209444335e+02 1.061084242301822371e+02
2.550000000000000000e+02 1.789624809228835716e+02 1.060601669808779945e+02
2.550000000000000000e+02 1.786946505521141830e+02 1.059821617739473965e+02
2.550000000000000000e+02 1.782612397881318032e+02 1.055735793159170441e+02
2.550000000000000000e+02 1.786679818655175609e+02 1.055406129365293140e+02
2.550000000000000000e+02 1.787626526169314900e+02 1.054868805548074278e+02
2.550000000000000000e+02 1.793263948738666045e+02 1.055218590088876880e+02
2.550000000000000000e+02 1.798106820630218294e+02 1.056322773588293416e+02
2.550000000000000000e+02 1.801369018762905228e+02 1.057995107280725335e+02
2.550000000000000000e+02 1.803462889397611946e+02 1.058354205943082889e+02
2.550000000000000000e+02 1.807933331088966611e+02 1.059404894963641226e+02
2.550000000000000000e+02 1.794426496992548721e+02 1.051765923781308913e+02
2.550000000000000000e+02 1.800754948828440547e+02 1.053321247418978430e+02
2.550000000000000000e+02 1.802419550677798838e+02 1.053490899093275885e+02
2.550000000000000000e+02 1.771553831133853976e+02 1.042912144267887555e+02
2.550000000000000000e+02 1.728641641978633743e+02 1.030924342400574574e+02
2.550000000000000000e+02 1.708080303438369754e+02 1.023378478768291586e+02
2.550000000000000000e+02 1.710508977466558918e+02 1.024121498788042004e+02
2.550000000000000000e+02 1.724871835443038037e+02 1.030277403716671216e+02
2.550000000000000000e+02 1.761469925487027695e+02 1.046807893437471932e+02
2.550000000000000000e+02 1.773825724930424599e+02 1.052748563605350540e+02
2.550000000000000000e+02 1.805104329383248114e+02 1.065761951252356567e+02
2.550000000000000000e+02 1.786292867402818842e+02 1.056454484244546137e+02
2.550000000000000000e+02 1.783876133405153155e+02 1.054017719274620646e+02
2.550000000000000000e+02 1.782562101624921524e+02 1.054176631654547123e+02
2.550000000000000000e+02 1.786027010952509215e+02 1.054880846575096456e+02
2.550000000000000000e+02 1.789518246700781106e+02 1.053377715683634079e+02
2.550000000000000000e+02 1.796614619804291237e+02 1.054693677619175816e+02
2.550000000000000000e+02 1.804234334320854600e+02 1.056331784720351976e+02
2.550000000000000000e+02 1.812927248855372966e+02 1.059658732830595227e+02
2.550000000000000000e+02 1.815415600592512817e+02 1.057441882125864083e+02
2.550000000000000000e+02 1.820863621061136541e+02 1.058169180357303105e+02
2.550000000000000000e+02 1.802561046772600832e+02 1.049791408564503143e+02
2.550000000000000000e+02 1.802294416015800209e+02 1.046870803034383641e+02
2.550000000000000000e+02 1.801550127928898348e+02 1.046149923691534269e+02
2.550000000000000000e+02 1.764954708681210036e+02 1.035619355417901062e+02
2.550000000000000000e+02 1.710438111589909340e+02 1.021007137085914422e+02
2.550000000000000000e+02 1.652163008349043878e+02 1.002210734805637884e+02
2.549999966334500527e+02 1.652135425083041582e+02 1.001504522398779073e+02
2.549999977556333590e+02 1.694002390250471421e+02 1.018049106742077328e+02
2.549999943890834118e+02 1.735737375437651622e+02 1.034887332794685335e+02
2.550000000000000000e+02 1.780183656522129354e+02 1.054889521052159012e+02
2.550000000000000000e+02 1.798605978992728183e+02 1.061529401202980551e+02
2.550000000000000000e+02 1.813379735613609967e+02 1.067768403806445860e+02
2.550000000000000000e+02 1.813570271119490087e+02 1.067699613968937911e+02
2.550000000000000000e+02 1.805093129993715877e+02 1.063409293922255188e+02
2.550000000000000000e+02 1.797266574647634343e+02 1.058401404973516406e+02
2.549999932669000771e+02 1.778456470509022438e+02 1.049813033037076906e+02
2.550000000000000000e+02 1.784506014902594586e+02 1.050436417093096395e+02
2.550000000000000000e+02 1.793212990394110875e+02 1.052023554627884039e+02
2.550000000000000000e+02 1.801482538827542896e+02 1.054724571325971851e+02
2.550000000000000000e+02 1.804964348235927787e+02 1.053235535057006871e+02
2.550000000000000000e+02 1.809423904749079668e+02 1.054349212227309494e+02
2.550000000000000000e+02 1.812268729239608547e+02 1.051881957536583201e+02
2.550000000000000000e+02 1.820339157464763389e+02 1.054112251997486283e+02
2.550000000000000000e+02 1.809854239608582418e+02 1.047179930873507487e+02
2.550000000000000000e+02 1.807467019032229132e+02 1.047011670706526587e+02
2.550000000000000000e+02 1.771704663793877330e+02 1.034685227578777216e+02
2.549999865338001541e+02 1.734992043720262132e+02 1.024925778795224005e+02
2.550000000000000000e+02 1.728410135559745129e+02 1.021574849627435100e+02
2.550000000000000000e+02 1.713981192207559161e+02 1.014461654995960203e+02
2.549999876559834888e+02 1.748250258102163457e+02 1.027157599425442100e+02
2.550000000000000000e+02 1.764379679504443743e+02 1.034552203968040232e+02
2.550000000000000000e+02 1.800194665140497250e+02 1.048927664063201348e+02
2.550000000000000000e+02 1.807041879881497550e+02 1.051670706526618204e+02
2.550000000000000000e+02 1.810733088697369624e+02 1.052452946853398004e+02
2.550000000000000000e+02 1.806927405961037891e+02 1.049647039680402258e+02
2.550000000000000000e+02 1.803025540892360254e+02 1.048413569440703839e+02
2.550000000000000000e+02 1.782477062572941975e+02 1.039592883113385398e+02
2.550000000000000000e+02 1.782434341053954654e+02 1.036703463057725116e+02
2.550000000000000000e+02 1.786134841547715268e+02 1.037294505790465990e+02
2.550000000000000000e+02 1.789176485770715601e+02 1.038324064099111297e+02
2.550000000000000000e+02 1.791141799084298327e+02 1.038777437382170774e+02
2.550000000000000000e+02 1.792105911661729181e+02 1.038561013107101161e+02
2.550000000000000000e+02 1.792135739294371035e+02 1.036533901158093158e+02
2.549999831672502069e+02 1.793522791543226447e+02 1.036168899811473239e+02
2.549999955112667180e+02 1.793991774396265271e+02 1.035501649609480239e+02
2.550000000000000000e+02 1.788008943801059445e+02 1.035667699075320911e+02
2.550000000000000000e+02 1.748285169225244715e+02 1.024657015890115872e+02
2.550000000000000000e+02 1.715684543046952228e+02 1.016596036448514297e+02
2.550000000000000000e+02 1.709156207918125574e+02 1.015820798545650376e+02
2.550000000000000000e+02 1.714639004847831814e+02 1.016145423736421520e+02
2.550000000000000000e+02 1.733968556423377265e+02 1.024201151360086186e+02
2.550000000000000000e+02 1.774517169404794004e+02 1.042647870096058824e+02
2.550000000000000000e+02 1.784087563964449146e+02 1.046761940030523448e+02
2.550000000000000000e+02 1.812461026573301126e+02 1.056805693958165051e+02
2.550000000000000000e+02 1.790120859143549694e+02 1.048950017954933145e+02
2.549999966334500527e+02 1.784061989406589532e+02 1.045992369153424875e+02
2.550000000000000000e+02 1.776100008977466587e+02 1.041340717299578102e+02
2.550000000000000000e+02 1.777721586318340883e+02 1.040578272286560662e+02
2.550000000000000000e+02 1.778269806535595592e+02 1.039212687404614428e+02
2.550000000000000000e+02 1.782556883472483946e+02 1.039634639554717666e+02
2.550000000000000000e+02 1.789795347427955789e+02 1.043165320046682893e+02
2.550000000000000000e+02 1.792839741000089759e+02 1.042830393213035336e+02
2.550000000000000000e+02 1.790996476344375594e+02 1.040576633898913741e+02
2.549999910225334361e+02 1.794412604363048729e+02 1.041624259359008846e+02
2.550000000000000000e+02 1.800463001615943881e+02 1.043356506418888614e+02
2.550000000000000000e+02 1.806634179459556435e+02 1.045011221833198647e+02
2.550000000000000000e+02 1.807992986354250888e+02 1.044271781578238603e+02
2.550000000000000000e+02 1.786158710386928874e+02 1.040433028099470363e+02
2.550000000000000000e+02 1.718492896579585363e+02 1.018282150552114160e+02
2.550000000000000000e+02 1.697026517191848427e+02 1.013123608492683303e+02
2.550000000000000000e+02 1.693610983930334726e+02 1.010191837238531321e+02
2.550000000000000000e+02 1.708084421851153536e+02 1.015010705628871506e+02
2.550000000000000000e+02 1.749587911841278469e+02 1.031829226142382652e+02
2.550000000000000000e+02 1.785245365382888849e+02 1.047779300206481707e+02
2.550000000000000000e+02 1.793723841906814016e+02 1.050598393033485962e+02
2.550000000000000000e+02 1.795303831133853976e+02 1.049841962923063079e+02
2.550000000000000000e+02 1.793633191938235143e+02 1.049644593320764869e+02
2.550000000000000000e+02 1.785425868569889474e+02 1.045394806535595649e+02
2.550000000000000000e+02 1.786491852949097847e+02 1.044498630936349741e+02
2.550000000000000000e+02 1.790148128198222537e+02 1.045352242122273054e+02
2.550000000000000000e+02 1.794941287368704650e+02 1.046215863183409596e+02
2.550000000000000000e+02 1.802404995960140184e+02 1.047574232426609200e+02
2.550000000000000000e+02 1.808355440344734575e+02 1.048693026752850415e+02
2.550000000000000000e+02 1.813173354879253054e+02 1.050821988059969527e+02
2.550000000000000000e+02 1.794020984828081566e+02 1.040407621869108539e+02
2.550000000000000000e+02 1.798809363497620950e+02 1.040538131789209046e+02
2.550000000000000000e+02 1.804296391058443305e+02 1.040118558667743969e+02
2.550000000000000000e+02 1.816493233234581339e+02 1.043735030074512906e+02
2.550000000000000000e+02 1.821860793159170555e+02 1.043311966962923094e+02
2.550000000000000000e+02 1.805157633090941829e+02 1.038429829877008643e+02
2.550000000000000000e+02 1.736448301014453648e+02 1.017492874135918868e+02
2.550000000000000000e+02 1.701955954304695240e+02 1.006716132507406343e+02
2.550000000000000000e+02 1.696170762635784115e+02 1.002788412335039112e+02
2.550000000000000000e+02 1.706032778974773407e+02 1.005667339976658639e+02
2.550000000000000000e+02 1.746339583894425118e+02 1.024071247418978317e+02
2.550000000000000000e+02 1.756262186910853700e+02 1.030260256755543651e+02
2.550000000000000000e+02 1.789463203608941626e+02 1.043453317173893566e+02
2.550000000000000000e+02 1.796404737857976386e+02 1.046629522398779102e+02
2.550000000000000000e+02 1.795675509471227258e+02 1.045233683454529086e+02
2.550000000000000000e+02 1.788597820719992910e+02 1.043717131250561039e+02
2.550000000000000000e+02 1.780385930065535547e+02 1.039300195259897635e+02
2.550000000000000000e+02 1.778720666128018593e+02 1.039051867313044255e+02
2.550000000000000000e+02 1.779646512254241770e+02 1.038315804829877038e+02
2.550000000000000000e+02 1.785120051171559510e+02 1.039677102971541416e+02
2.550000000000000000e+02 1.791794258910135511e+02 1.042203721159888659e+02
2.550000000000000000e+02 1.797194148936170279e+02 1.043480855552563042e+02
2.550000000000000000e+02 1.798878052338629914e+02 1.042928584253523638e+02
2.550000000000000000e+02 1.799432130352814454e+02 1.042231270760391482e+02
2.550000000000000000e+02 1.801670369871622199e+02 1.042196471855642272e+02
2.550000000000000000e+02 1.783592423018224338e+02 1.034043776371308070e+02
2.550000000000000000e+02 1.781889453721159953e+02 1.034345924230182305e+02
2.550000000000000000e+02 1.748003187000628316e+02 1.025494534967232312e+02
2.550000000000000000e+02 1.704551194003052217e+02 1.014750504982493879e+02
2.550000000000000000e+02 1.685795695304784942e+02 1.008772589550228957e+02
2.549999921447167708e+02 1.686527942364664625e+02 1.007493446449412033e+02
2.550000000000000000e+02 1.696287615584882076e+02 1.011962911841278441e+02
2.550000000000000000e+02 1.738270782835083992e+02 1.031076734895412557e+02
2.550000000000000000e+02 1.768449120208277350e+02 1.041823121465122597e+02
2.550000000000000000e+02 1.773152515935003066e+02 1.043098078822156367e+02
2.550000000000000000e+02 1.775870971361881629e+02 1.045769727982763300e+02
2.550000000000000000e+02 1.772503220666127959e+02 1.046107258281712831e+02
2.550000000000000000e+02 1.761633382709399314e+02 1.039971137445013056e+02
2.550000000000000000e+02 1.762715851961576448e+02 1.040019458658766496e+02
2.550000000000000000e+02 1.766726770805278761e+02 1.040935137804111719e+02
2.550000000000000000e+02 1.770191702576532862e+02 1.041381542328754790e+02
2.550000000000000000e+02 1.777920717748451409e+02 1.045418069395816474e+02
2.550000000000000000e+02 1.785279883741808078e+02 1.048017090851961512e+02
2.550000000000000000e+02 1.787951207469252211e+02 1.049202262321572903e+02
2.550000000000000000e+02 1.791644671873597190e+02 1.050153649340156221e+02
2.550000000000000000e+02 1.793092097585061424e+02 1.048488789388634501e+02
2.550000000000000000e+02 1.794346765867672104e+02 1.049190535505880177e+02
2.550000000000000000e+02 1.797336677439626555e+02 1.049603442858425382e+02
2.550000000000000000e+02 1.785479351826914467e+02 1.045222910494658350e+02
2.550000000000000000e+02 1.746397813986892800e+02 1.034117986354250860e+02
2.550000000000000000e+02 1.717339752221922993e+02 1.027516742975132473e+02
2.550000000000000000e+02 1.711259314121554951e+02 1.025120713259718173e+02
2.550000000000000000e+02 1.718862240775653163e+02 1.025759661998384047e+02
2.550000000000000000e+02 1.740391765418798684e+02 1.035523823951880757e+02
2.550000000000000000e+02 1.777530994703294596e+02 1.052888915073166345e+02
2.550000000000000000e+02 1.796160158003411311e+02 1.062311540533261507e+02
2.550000000000000000e+02 1.809986455247329218e+02 1.066214034024598192e+02
2.550000000000000000e+02 1.812156937337283296e+02 1.063297771343926712e+02
2.550000000000000000e+02 1.819128029894963561e+02 1.065185182691444510e+02
2.550000000000000000e+02 1.822531668013286605e+02 1.064270221743423974e+02
2.550000000000000000e+02 1.813650956100188409e+02 1.058990988867941496e+02
2.550000000000000000e+02 1.819620859143549580e+02 1.057782823862106056e+02
2.550000000000000000e+02 1.827944575365831668e+02 1.059709118861657231e+02
2.549999932669000771e+02 1.830906230361791813e+02 1.057614204596462884e+02
2.550000000000000000e+02 1.807409136816590376e+02 1.047533418619265575e+02
2.550000000000000000e+02 1.804338787144267826e+02 1.043632496184576723e+02
2.550000000000000000e+02 1.802469981596193520e+02 1.040514229284495968e+02
2.550000000000000000e+02 1.803557612891642066e+02 1.039152628153335058e+02
2.550000000000000000e+02 1.791164276416195378e+02 1.032493760660741486e+02
2.550000000000000000e+02 1.795957637579674895e+02 1.033387927551844854e+02
2.550000000000000000e+02 1.790591053954574079e+02 1.032221002783014683e+02
2.550000000000000000e+02 1.749260189424544478e+02 1.022551070562887219e+02
2.550000000000000000e+02 1.706292048208995311e+02 1.009167721518987406e+02
2.550000000000000000e+02 1.699328474279558350e+02 1.007045987072448128e+02
2.550000000000000000e+02 1.698460757249304152e+02 1.003936147769099563e+02
2.550000000000000000e+02 1.716669202800969458e+02 1.014465234760750576e+02
2.550000000000000000e+02 1.754331784720351948e+02 1.030288524553371019e+02
2.550000000000000000e+02 1.791397241673399776e+02 1.046155052069306066e+02
2.550000000000000000e+02 1.800501268067151557e+02 1.050131676990753249e+02
2.550000000000000000e+02 1.803929953317174011e+02 1.050572010503635880e+02
2.550000000000000000e+02 1.803079630128377744e+02 1.049814065445731188e+02
2.549999988778166937e+02 1.800145816500583464e+02 1.046304526887512338e+02
2.550000000000000000e+02 1.801071673848639989e+02 1.045962642517281580e+02
2.550000000000000000e+02 1.786911224077565237e+02 1.038782801418439732e+02
2.550000000000000000e+02 1.794302933387198209e+02 1.040093085106382915e+02
2.550000000000000000e+02 1.802632855283239053e+02 1.041990136008618322e+02
2.550000000000000000e+02 1.811375403985995263e+02 1.043629354071281057e+02
2.550000000000000000e+02 1.815777504713169890e+02 1.042783755274261637e+02
2.550000000000000000e+02 1.823815389622048713e+02 1.044343893078373213e+02
2.550000000000000000e+02 1.823784226591255901e+02 1.041274115719543971e+02
2.550000000000000000e+02 1.810855440344734575e+02 1.034816803573031621e+02
2.550000000000000000e+02 1.810313728790735297e+02 1.031614429033126896e+02
2.550000000000000000e+02 1.788376986264476045e+02 1.025170818744950196e+02
2.550000000000000000e+02 1.742364384145793963e+02 1.011574726187269988e+02
2.550000000000000000e+02 1.683267102073794774e+02 9.942994546189065375e+01
2.550000000000000000e+02 1.679954203698716242e+02 9.922699636412603752e+01
2.550000000000000000e+02 1.690673612981416625e+02 9.942104542598079320e+01
2.550000000000000000e+02 1.737998125953855890e+02 1.013047962115091138e+02
2.550000000000000000e+02 1.781546009516114566e+02 1.032960802136637000e+02
2.549999943890834118e+02 1.795492122273094537e+02 1.038219633719364339e+02
2.550000000000000000e+02 1.802615270670616781e+02 1.039122261872699511e+02
2.550000000000000000e+02 1.803417014543495895e+02 1.039622295538199097e+02
2.550000000000000000e+02 1.798408340066433198e+02 1.036038838764700643e+02
2.550000000000000000e+02 1.793563818565400823e+02 1.032347843163659178e+02
2.550000000000000000e+02 1.797417598078822039e+02 1.032865966424275115e+02
2.550000000000000000e+02 1.804500583535326257e+02 1.033828373283059534e+02
2.550000000000000000e+02 1.808302933387198266e+02 1.034870825478050165e+02
2.550000000000000000e+02 1.812083849537660569e+02 1.034952318430738814e+02
2.550000000000000000e+02 1.793461890654457420e+02 1.026430772510997400e+02
2.550000000000000000e+02 1.794676384774216729e+02 1.025410068228745786e+02
2.550000000000000000e+02 1.792546346171110372e+02 1.022953283508393980e+02
2.550000000000000000e+02 1.790570877098482754e+02 1.022072650148128190e+02
2.550000000000000000e+02 1.790890721788311453e+02 1.022777504713169918e+02
2.550000000000000000e+02 1.773644705539096833e+02 1.016052091749708239e+02
2.550000000000000000e+02 1.727680626627165736e+02 1.004386558488194652e+02
2.550000000000000000e+02 1.688549140407577056e+02 9.941052495735704042e+01
2.550000000000000000e+02 1.679519694317263543e+02 9.915428225154860797e+01
2.550000000000000000e+02 1.684766417541969759e+02 9.925655803932130539e+01
2.550000000000000000e+02 1.708794820001795358e+02 1.003953878265553499e+02
2.550000000000000000e+02 1.755566511805368464e+02 1.024169012029805259e+02
2.550000000000000000e+02 1.793509897656881265e+02 1.041316298590537741e+02
2.550000000000000000e+02 1.796505397701768629e+02 1.040190726277044604e+02
2.550000000000000000e+02 1.795611848011491247e+02 1.039585847023969905e+02
2.550000000000000000e+02 1.790272634437561692e+02 1.038957895681838579e+02
2.550000000000000000e+02 1.783410169225244601e+02 1.034601389262950022e+02
2.550000000000000000e+02 1.783784316365921541e+02 1.033567387108357991e+02
2.550000000000000000e+02 1.789030972259628243e+02 1.034535561989406602e+02
2.550000000000000000e+02 1.792778806445820976e+02 1.035347955381991198e+02
2.550000000000000000e+02 1.794497172098033957e+02 1.035886996139689415e+02
2.550000000000000000e+02 1.799839696112757110e+02 1.036850760840290917e+02
2.550000000000000000e+02 1.802016619534967106e+02 1.038219701050363568e+02
2.550000000000000000e+02 1.802274968578867060e+02 1.038201454349582491e+02
2.550000000000000000e+02 1.785131239339258400e+02 1.032202004219409304e+02
2.550000000000000000e+02 1.781805447077834685e+02 1.029521130711913059e+02
2.550000000000000000e+02 1.752722697279827742e+02 1.022576903222910545e+02
2.550000000000000000e+02 1.695444912020827815e+02 1.007403862554986915e+02
2.550000000000000000e+02 1.644404625639644451e+02 9.920624719454170304e+01
2.550000000000000000e+02 1.633922277583266123e+02 9.883538917317532935e+01
2.550000000000000000e+02 1.643822392045964591e+02 9.919008326600233261e+01
2.550000000000000000e+02 1.703125650866325600e+02 1.014403784002154651e+02
2.550000000000000000e+02 1.768340717299577989e+02 1.040143504802944676e+02
2.550000000000000000e+02 1.835735243289343828e+02 1.067523722955381942e+02
2.550000000000000000e+02 1.851552720172367401e+02 1.073830079001705684e+02
2.550000000000000000e+02 1.857857190950713573e+02 1.074251167070652713e+02
2.550000000000000000e+02 1.855039747733189586e+02 1.072584029086991677e+02
2.550000000000000000e+02 1.811966199838405487e+02 1.050309520603285733e+02
2.550000000000000000e+02 1.790588731035101944e+02 1.041020322739922790e+02
2.550000000000000000e+02 1.782966076398240318e+02 1.032774340156207984e+02
2.550000000000000000e+02 1.787848146153155540e+02 1.032533519615764419e+02
2.550000000000000000e+02 1.794257799174073114e+02 1.034649362599874252e+02
2.550000000000000000e+02 1.797313964449232344e+02 1.032403952329652554e+02
2.550000000000000000e+02 1.801849358111141157e+02 1.033333108896669330e+02
2.550000000000000000e+02 1.799819249932668868e+02 1.032062427058084211e+02
2.550000000000000000e+02 1.796837900619445065e+02 1.031322392045964591e+02
2.549999966334500527e+02 1.793769806535595706e+02 1.030603195978094959e+02
2.549999876559834888e+02 1.747583310889666848e+02 1.013855732112397874e+02
2.550000000000000000e+02 1.697848056378489900e+02 1.001637108358021351e+02
2.550000000000000000e+02 1.654958400664332601e+02 9.907250314211329112e+01
2.550000000000000000e+02 1.646810070473112546e+02 9.888422659125595260e+01
2.550000000000000000e+02 1.690432657778974885e+02 1.003801755094712291e+02
2.550000000000000000e+02 1.712607426609210961e+02 1.013398318969386906e+02
2.550000000000000000e+02 1.757048231439087829e+02 1.033275103240865462e+02
2.550000000000000000e+02 1.804158396175599250e+02 1.054383427596732190e+02
2.550000000000000000e+02 1.808374057366011414e+02 1.053907868749438848e+02
2.550000000000000000e+02 1.811433387198132721e+02 1.053342243468893145e+02
2.550000000000000000e+02 1.812248182063021886e+02 1.053323503007451336e+02
2.550000000000000000e+02 1.809174028189245007e+02 1.050353094981596200e+02
2.550000000000000000e+02 1.780827711194900758e+02 1.035764756710656229e+02
2.550000000000000000e+02 1.782017954933117778e+02 1.034359390430020653e+02
2.550000000000000000e+02 1.785446584073974350e+02 1.034356697190052898e+02
2.550000000000000000e+02 1.789964505341592655e+02 1.035276853846844460e+02
2.550000000000000000e+02 1.790668899811473125e+02 1.035848853128647136e+02
2.550000000000000000e+02 1.790342378130891348e+02 1.034317948200017980e+02
2.550000000000000000e+02 1.788425105485231938e+02 1.032080123889038532e+02
2.550000000000000000e+02 1.790217950444384485e+02 1.032315389622048656e+02
2.550000000000000000e+02 1.794448222461621469e+02 1.033801227668551945e+02
2.550000000000000000e+02 1.786600177304964632e+02 1.031788131789209046e+02
2.550000000000000000e+02 1.745159855013914978e+02 1.020824961845767120e+02
2.550000000000000000e+02 1.709961935541790012e+02 1.012196325971810751e+02
2.550000000000000000e+02 1.703622542418529520e+02 1.010362296884819102e+02
2.550000000000000000e+02 1.714127188257473620e+02 1.014519537211598816e+02
2.550000000000000000e+02 1.739799836161235191e+02 1.026049768830236104e+02
2.550000000000000000e+02 1.786318251189514399e+02 1.047884718107549986e+02
2.549999988778166937e+02 1.794106035101894179e+02 1.050123428943352195e+02
2.550000000000000000e+02 1.805383349043899841e+02 1.053195158901158095e+02
2.550000000000000000e+02 1.807124281802675227e+02 1.052777089505341621e+02
2.550000000000000000e+02 1.800862599874315606e+02 1.049141978633629577e+02
2.550000000000000000e+02 1.797358851782027216e+02 1.045610276954843414e+02
2.550000000000000000e+02 1.799998518718017806e+02 1.046319115270670608e+02
2.550000000000000000e+02 1.772921716491605935e+02 1.032787480922883532e+02
2.550000000000000000e+02 1.779288973426698988e+02 1.033629881497441403e+02
2.550000000000000000e+02 1.784807208905646689e+02 1.035323940658946071e+02
2.550000000000000000e+02 1.789419494568632842e+02 1.037049499506239272e+02
2.550000000000000000e+02 1.792654726636143323e+02 1.038206246072358425e+02
2.549999955112667180e+02 1.798222764610826800e+02 1.037856091211060203e+02
2.550000000000000000e+02 1.804929347338181174e+02 1.038223853128647107e+02
2.550000000000000000e+02 1.803961396893796518e+02 1.036044932220127492e+02
2.550000000000000000e+02 1.781854969027740481e+02 1.030486814345991604e+02
2.550000000000000000e+02 1.736394144447436929e+02 1.018260514857707193e+02
2.550000000000000000e+02 1.679170313762456317e+02 9.991047894784091454e+01
2.550000000000000000e+02 1.678765744231977806e+02 9.986337642517281665e+01
2.549999955112667180e+02 1.693945091570159036e+02 1.006701443127749371e+02
2.550000000000000000e+02 1.730272926205225019e+02 1.021398509740551219e+02
2.550000000000000000e+02 1.772186383427596752e+02 1.041708748541161640e+02
2.550000000000000000e+02 1.781057107909147987e+02 1.044634594667384846e+02
2.550000000000000000e+02 1.785439828530388695e+02 1.045167901068318486e+02
2.550000000000000000e+02 1.782239653469790710e+02 1.044270951162581866e+02
2.550000000000000000e+02 1.778429526887512395e+02 1.042678045605530173e+02
2.550000000000000000e+02 1.771890531017147055e+02 1.038529861298141697e+02
2.550000000000000000e+02 1.773977915432265036e+02 1.038442622766855123e+02
2.550000000000000000e+02 1.777964718556423236e+02 1.039679582996678278e+02
2.550000000000000000e+02 1.782029086991651070e+02 1.039951544124248102e+02
2.550000000000000000e+02 1.787936596642427389e+02 1.041328564054223875e+02
2.550000000000000000e+02 1.793703261064727599e+02 1.042337923063111589e+02
2.550000000000000000e+02 1.801202913187898389e+02 1.044660382440075352e+02
2.550000000000000000e+02 1.801600412963461793e+02 1.043079910674207724e+02
2.550000000000000000e+02 1.806985108627345369e+02 1.043033654277762849e+02
2.550000000000000000e+02 1.809745971361881800e+02 1.043116168417272576e+02
2.550000000000000000e+02 1.759036605619893976e+02 1.023720868121016281e+02
2.550000000000000000e+02 1.713831122632193171e+02 1.012417396085824635e+02
2.550000000000000000e+02 1.675485579944339634e+02 1.000004960050273866e+02
2.549999786785169249e+02 1.673626088517820278e+02 9.996481955292216526e+01
2.550000000000000000e+02 1.687289399856360603e+02 1.004249943890833947e+02
2.550000000000000000e+02 1.743796334949277309e+02 1.028482303169045764e+02
2.550000000000000000e+02 1.780749135918843820e+02 1.045131878983750795e+02
2.550000000000000000e+02 1.798203541610557465e+02 1.054599571325971823e+02
2.550000000000000000e+02 1.809525249124696984e+02 1.056142685609121088e+02
2.550000000000000000e+02 1.808773240416554415e+02 1.053976187269952476e+02
2.550000000000000000e+02 1.807561428314929515e+02 1.052620365382888963e+02
2.550000000000000000e+02 1.804924510728072562e+02 1.050859087440524320e+02
2.550000000000000000e+02 1.781341446718735995e+02 1.040509123350390581e+02
2.550000000000000000e+02 1.786963001615943938e+02 1.041399665589370613e+02
2.549999921447167708e+02 1.795413580662537072e+02 1.043040533261513616e+02
2.550000000000000000e+02 1.796922131699434431e+02 1.041703362061226272e+02
2.550000000000000000e+02 1.802461509112128510e+02 1.041972708501660776e+02
2.550000000000000000e+02 1.806760402639375229e+02 1.043848785797647878e+02
2.550000000000000000e+02 1.805954596462878214e+02 1.041366628512433721e+02
2.550000000000000000e+02 1.806792216536493356e+02 1.040792508304156598e+02
2.550000000000000000e+02 1.775508203160068206e+02 1.026659720351916718e+02
2.550000000000000000e+02 1.773398992279378774e+02 1.024702116437741211e+02
2.550000000000000000e+02 1.749211621330460673e+02 1.017235523835173723e+02
2.550000000000000000e+02 1.706604071281084600e+02 1.005930368525002194e+02
2.550000000000000000e+02 1.680889408833827190e+02 9.995756463775921929e+01
2.550000000000000000e+02 1.678127064817308565e+02 9.979692521770355995e+01
2.550000000000000000e+02 1.685305895951162540e+02 1.001264711823323523e+02
2.550000000000000000e+02 1.733204214920549475e+02 1.025640014812819771e+02
2.550000000000000000e+02 1.764904782745309149e+02 1.039052787503366488e+02
2.550000000000000000e+02 1.773812124068587934e+02 1.041976916689110340e+02
2.550000000000000000e+02 1.781782397432444611e+02 1.046605597450399472e+02
2.550000000000000000e+02 1.783314188885896385e+02 1.046247452643863909e+02
2.550000000000000000e+02 1.779276842625011170e+02 1.043482269503546149e+02
2.550000000000000000e+02 1.778335487925307348e+02 1.042147724212227331e+02
2.550000000000000000e+02 1.782444855911661818e+02 1.043410472214740992e+02
2.550000000000000000e+02 1.788962743513780538e+02 1.045101378041116789e+02
2.550000000000000000e+02 1.791825478050094205e+02 1.044226580034114420e+02
2.550000000000000000e+02 1.797454899452374661e+02 1.045227028907442275e+02
2.550000000000000000e+02 1.800820697549151532e+02 1.045592445461890634e+02
2.549999966334500527e+02 1.803333849537660569e+02 1.046188347248406529e+02
2.550000000000000000e+02 1.806437505610916503e+02 1.047152875033665538e+02
2.550000000000000000e+02 1.787372744411527208e+02 1.038581549061854759e+02
2.550000000000000000e+02 1.788530231618637174e+02 1.039336329562797374e+02
2.550000000000000000e+02 1.790189581650058415e+02 1.039422008259269177e+02
2.550000000000000000e+02 1.774475592512793014e+02 1.033468792081874454e+02
2.550000000000000000e+02 1.734568554179010675e+02 1.023142259179459614e+02
2.550000000000000000e+02 1.696913838764700699e+02 1.012520008528593252e+02
2.550000000000000000e+02 1.686353353083759714e+02 1.008764027291498309e+02
2.550000000000000000e+02 1.691047805009426384e+02 1.010871341682377249e+02
2.550000000000000000e+02 1.703837182422120406e+02 1.017828766047221478e+02
2.550000000000000000e+02 1.744912110602388111e+02 1.036939087889397655e+02
2.550000000000000000e+02 1.780957300924679032e+02 1.051825276057096659e+02
2.550000000000000000e+02 1.793621790555705218e+02 1.057135537301373489e+02
2.550000000000000000e+02 1.809193239967680995e+02 1.061582300924679032e+02
2.550000000000000000e+02 1.832142124517461070e+02 1.069202138881407649e+02
2.550000000000000000e+02 1.852743805548074363e+02 1.075279187988149801e+02
2.550000000000000000e+02 1.869079753568543083e+02 1.078087283418619222e+02
2.550000000000000000e+02 1.864836385671963512e+02 1.072957256037346241e+02
2.550000000000000000e+02 1.869112902863811883e+02 1.071642180626627123e+02
2.550000000000000000e+02 1.848407240326779686e+02 1.058542912290151747e+02
2.550000000000000000e+02 1.843937673938414719e+02 1.053044662896130745e+02
2.550000000000000000e+02 1.806796368614776895e+02 1.033924095520244180e+02
2.550000000000000000e+02 1.804318700062842140e+02 1.031397746655893712e+02
2.550000000000000000e+02 1.776545425980788195e+02 1.019100592512792929e+02
2.550000000000000000e+02 1.775630902684262367e+02 1.018226748361612408e+02
2.550000000000000000e+02 1.779689458209893189e+02 1.019965818296076918e+02
2.550000000000000000e+02 1.781957794685339707e+02 1.020832761019840262e+02
2.550000000000000000e+02 1.761788827542867466e+02 1.016543585600143587e+02
2.550000000000000000e+02 1.715001963820809863e+02 1.004511479935362246e+02
2.550000000000000000e+02 1.680252076039141684e+02 9.934973965346979696e+01
2.550000000000000000e+02 1.673437539276416146e+02 9.908069171379837314e+01
2.550000000000000000e+02 1.679448570338450395e+02 9.928619490079898924e+01
2.550000000000000000e+02 1.717466929257563493e+02 1.008906690456953044e+02
2.550000000000000000e+02 1.762013174432175333e+02 1.030190658946045374e+02
2.550000000000000000e+02 1.774040252715683721e+02 1.035525451117694615e+02
2.550000000000000000e+02 1.783826140138253038e+02 1.039599526438639003e+02
2.550000000000000000e+02 1.809013690636502361e+02 1.050868300565580427e+02
2.550000000000000000e+02 1.781400877547356174e+02 1.039468376874046101e+02
2.550000000000000000e+02 1.783332693688840891e+02 1.040274441152706686e+02
2.550000000000000000e+02 1.785629791722775792e+02 1.037886075949367068e+02
2.550000000000000000e+02 1.794398621958883098e+02 1.039492604811922121e+02
2.550000000000000000e+02 1.802750224436663871e+02 1.043180200197504206e+02
2.550000000000000000e+02 1.805153009695663968e+02 1.043423074333423131e+02
2.550000000000000000e+02 1.804966424275069699e+02 1.040766035999640877e+02
2.550000000000000000e+02 1.804740326779782720e+02 1.039731528862555052e+02
2.550000000000000000e+02 1.776260739294371263e+02 1.027955258551036906e+02
2.550000000000000000e+02 1.776404401202980523e+02 1.025977679773767903e+02
2.550000000000000000e+02 1.779071830954304687e+02 1.026193127749349117e+02
2.550000000000000000e+02 1.779121038692880745e+02 1.025605474010234275e+02
2.550000000000000000e+02 1.756793664152976078e+02 1.021838832031600646e+02
2.550000000000000000e+02 1.709229879253074671e+02 1.007150810216356973e+02
2.550000000000000000e+02 1.686542497082323280e+02 1.001475985276954788e+02
2.550000000000000000e+02 1.684781050812460705e+02 1.001054403447347170e+02
2.550000000000000000e+02 1.690732101176048161e+02 1.003973740910315087e+02
2.550000000000000000e+02 1.732045089325792162e+02 1.024243222012748049e+02
2.550000000000000000e+02 1.758248092288356190e+02 1.037594734715863183e+02
2.550000000000000000e+02 1.758467703564054148e+02 1.038297277583265981e+02
2.550000000000000000e+02 1.752153974773318907e+02 1.036664972169853627e+02
2.550000000000000000e+02 1.744318980608672121e+02 1.034307332345811972e+02
2.550000000000000000e+02 1.742514666935990704e+02 1.036370107280725392e+02
2.550000000000000000e+02 1.740886872699524304e+02 1.035802955830864533e+02
2.550000000000000000e+02 1.771117717030253971e+02 1.048599919202800947e+02
2.550000000000000000e+02 1.771299836161235248e+02 1.047936338540263961e+02
2.550000000000000000e+02 1.777955572762366501e+02 1.051822706257294158e+02
2.550000000000000000e+02 1.781881396444923382e+02 1.052691029266540994e+02
2.550000000000000000e+02 1.788910685429571856e+02 1.054528750336655065e+02
2.550000000000000000e+02 1.793632619624741835e+02 1.055237409103151123e+02
2.550000000000000000e+02 1.794092613789388508e+02 1.054249640901337699e+02
2.550000000000000000e+02 1.799804223898015891e+02 1.055367223269593353e+02
2.550000000000000000e+02 1.806304695215010270e+02 1.057127614687135235e+02
2.550000000000000000e+02 1.803733503905197892e+02 1.055601333153783941e+02
2.550000000000000000e+02 1.769971137445012914e+02 1.046607819373372905e+02
2.550000000000000000e+02 1.702753837866953859e+02 1.025284451027919914e+02
2.550000000000000000e+02 1.680123978813178951e+02 1.017077598976568851e+02
2.550000000000000000e+02 1.683023487296884753e+02 1.016878546099290759e+02
2.550000000000000000e+02 1.699148835173714076e+02 1.023437292396085780e+02
2.550000000000000000e+02 1.745526853846844517e+02 1.045317925756351514e+02
2.550000000000000000e+02 1.778258842804560516e+02 1.058927226411706641e+02
2.550000000000000000e+02 1.784988766944968006e+02 1.062054033126851635e+02
2.550000000000000000e+02 1.791433398419965783e+02 1.064162896130711857e+02
2.550000000000000000e+02 1.791251211957985561e+02 1.063310833557769968e+02
2.550000000000000000e+02 1.786685676452105156e+02 1.062378276775293955e+02
2.550000000000000000e+02 1.781931041834994289e+02 1.057835712361971474e+02
2.550000000000000000e+02 1.785187853487745713e+02 1.058545066882125809e+02
2.550000000000000000e+02 1.788243558667743969e+02 1.059649542149205530e+02
2.550000000000000000e+02 1.792697762366460097e+02 1.060807321123978824e+02
2.550000000000000000e+02 1.797507630846575069e+02 1.061715807074243685e+02
2.550000000000000000e+02 1.799744512523565731e+02 1.062319339707334649e+02
2.549999865338001541e+02 1.802411414848729692e+02 1.061873799263847786e+02
2.550000000000000000e+02 1.782851737139779118e+02 1.055753366549959651e+02
2.550000000000000000e+02 1.781155916150462417e+02 1.052040454708681239e+02
2.550000000000000000e+02 1.785381834096417890e+02 1.053341076398240403e+02
2.550000000000000000e+02 1.781897421222730884e+02 1.052549275069575430e+02
2.550000000000000000e+02 1.740971777089505395e+02 1.037752042373642212e+02
2.550000000000000000e+02 1.701150709219858186e+02 1.028818161414848760e+02
2.550000000000000000e+02 1.687523543406050806e+02 1.025015620791812552e+02
2.550000000000000000e+02 1.690490596103779524e+02 1.024954540353712247e+02
2.550000000000000000e+02 1.706385671963371919e+02 1.033039343747194607e+02
2.550000000000000000e+02 1.746532801418439647e+02 1.048934711374450188e+02
2.550000000000000000e+02 1.781548074333423131e+02 1.064686607864260708e+02
2.550000000000000000e+02 1.787202318430738899e+02 1.066401090762186925e+02
2.550000000000000000e+02 1.786950197504264395e+02 1.066388757967501562e+02
2.550000000000000000e+02 1.783838125056109050e+02 1.066247699524194275e+02
2.550000000000000000e+02 1.779038726546368707e+02 1.063154086991650900e+02
2.550000000000000000e+02 1.777567185115360360e+02 1.061792654187988205e+02
2.550000000000000000e+02 1.779695506777987362e+02 1.061982157285214043e+02
2.550000000000000000e+02 1.782667474638656984e+02 1.062384403896220419e+02
2.550000000000000000e+02 1.784497127210701137e+02 1.063019065894604580e+02
2.550000000000000000e+02 1.787425105485231995e+02 1.063612476434150267e+02
2.550000000000000000e+02 1.794524272825208868e+02 1.067427888499865389e+02
2.550000000000000000e+02 1.800534563246251878e+02 1.068623709489182119e+02
2.550000000000000000e+02 1.805647600772062162e+02 1.069692622766855123e+02
2.550000000000000000e+02 1.809908800161594513e+02 1.071342501571056687e+02
2.550000000000000000e+02 1.792540926025675674e+02 1.065747721967860713e+02
2.550000000000000000e+02 1.787521130711913031e+02 1.062283396175599250e+02
2.549999899003501298e+02 1.752989754466289583e+02 1.050566545470868078e+02
2.550000000000000000e+02 1.713892517281623213e+02 1.039561428314929543e+02
2.550000000000000000e+02 1.698910438549241348e+02 1.036168709040308755e+02
2.550000000000000000e+02 1.696876851602477814e+02 1.033148621958883240e+02
2.550000000000000000e+02 1.717296694047939809e+02 1.042941556692701255e+02
2.550000000000000000e+02 1.758225491516294028e+02 1.059224268336475490e+02
2.550000000000000000e+02 1.775675240147230340e+02 1.068055895951162597e+02
2.550000000000000000e+02 1.814989732022623343e+02 1.083790219050184049e+02
2.550000000000000000e+02 1.817565176407217962e+02 1.084039781398689257e+02
2.550000000000000000e+02 1.789626245623485090e+02 1.073622553640362725e+02
2.550000000000000000e+02 1.783785180447077892e+02 1.070172816231259532e+02
2.550000000000000000e+02 1.779509291677888427e+02 1.065557309902145562e+02
2.550000000000000000e+02 1.778166588113834337e+02 1.063896141933746264e+02
2.549999932669000771e+02 1.783894357662267680e+02 1.065330471765867628e+02
2.550000000000000000e+02 1.788103599964090051e+02 1.066888870185833582e+02
2.550000000000000000e+02 1.791682444564144134e+02 1.067263858964000320e+02
2.550000000000000000e+02 1.798758191938235029e+02 1.069429908429841163e+02
2.550000000000000000e+02 1.808028907442319735e+02 1.073026259089684942e+02
2.550000000000000000e+02 1.814806715144985958e+02 1.073782868749438961e+02
2.550000000000000000e+02 1.799302697728701048e+02 1.068820024239159778e+02
2.550000000000000000e+02 1.794893617021276668e+02 1.064797490798096788e+02
2.550000000000000000e+02 1.777265026034652919e+02 1.057556412155489767e+02
2.550000000000000000e+02 1.745241347966603769e+02 1.048986343028997226e+02
2.550000000000000000e+02 1.710508337822066665e+02 1.036416475895502316e+02
2.550000000000000000e+02 1.709230877996229481e+02 1.035827576532902441e+02
2.550000000000000000e+02 1.719343915522039765e+02 1.039890486129814207e+02
2.550000000000000000e+02 1.738792777628153203e+02 1.049355720890564641e+02
2.550000000000000000e+02 1.779928561809857399e+02 1.068226927910943544e+02
2.550000000000000000e+02 1.790317802316186260e+02 1.072068666397342724e+02
2.550000000000000000e+02 1.798912402370051211e+02 1.074202497980070063e+02
2.550000000000000000e+02 1.797535898644402437e+02 1.071438627794236425e+02
2.550000000000000000e+02 1.796793619265643258e+02 1.070968208546548226e+02
2.550000000000000000e+02 1.796365517550947004e+02 1.069332042822515518e+02
2.550000000000000000e+02 1.795901000987521456e+02 1.068668293832480458e+02
2.550000000000000000e+02 1.779000549869826671e+02 1.062883315378400226e+02
2.550000000000000000e+02 1.788199288535775224e+02 1.065911639285393733e+02
2.550000000000000000e+02 1.789522892539725376e+02 1.063358694676362290e+02
2.549999988778166937e+02 1.795505083490438949e+02 1.064179414669180375e+02
2.550000000000000000e+02 1.800566096597540309e+02 1.066061057994433980e+02
2.550000000000000000e+02 1.799045302540623084e+02 1.063280276505970079e+02
2.550000000000000000e+02 1.799220149923691565e+02 1.062654266540982064e+02
2.550000000000000000e+02 1.800674364844240927e+02 1.060863261962474127e+02
2.550000000000000000e+02 1.800486803124158257e+02 1.060788502109704581e+02
2.550000000000000000e+02 1.754932590447975542e+02 1.046561450758595981e+02
2.550000000000000000e+02 1.713869995062393343e+02 1.033239518807792479e+02
2.550000000000000000e+02 1.695911897387557303e+02 1.029586980429122889e+02
2.549999786785169249e+02 1.700179874764341434e+02 1.029462586408115641e+02
2.550000000000000000e+02 1.740891294101804476e+02 1.045299925935900944e+02
2.550000000000000000e+02 1.752034922344914207e+02 1.050274912469701007e+02
2.550000000000000000e+02 1.794587148756620820e+02 1.069225334410629387e+02
2.550000000000000000e+02 1.799404457312146519e+02 1.069931659035820104e+02
2.550000000000000000e+02 1.808042508304156684e+02 1.072737094891821528e+02
2.550000000000000000e+02 1.816858919113026332e+02 1.075203126402729197e+02
2.550000000000000000e+02 1.821940210072717434e+02 1.076423545650417424e+02
2.550000000000000000e+02 1.814500673309991896e+02 1.070609053775024648e+02
2.550000000000000000e+02 1.824397701768560864e+02 1.071303898464853148e+02
2.550000000000000000e+02 1.834892898823951839e+02 1.072887310351018897e+02
2.550000000000000000e+02 1.841431221384325454e+02 1.073071045425980827e+02
2.550000000000000000e+02 1.827374899003501127e+02 1.066494254421402275e+02
2.550000000000000000e+02 1.826265744231977806e+02 1.062245455157554517e+02
2.550000000000000000e+02 1.827850379297962036e+02 1.060463237274441184e+02
2.550000000000000000e+02 1.805592625011221912e+02 1.050234839303348622e+02
2.550000000000000000e+02 1.806435317353442827e+02 1.048893673130442608e+02
2.550000000000000000e+02 1.803480552563066794e+02 1.045468354430379776e+02
2.550000000000000000e+02 1.785188841009067175e+02 1.041199782296435927e+02
2.550000000000000000e+02 1.732255465032767745e+02 1.026605855552563042e+02
2.550000000000000000e+02 1.711953384504892597e+02 1.018998249394020945e+02
2.550000000000000000e+02 1.710199782296435842e+02 1.017309509381452557e+02
2.550000000000000000e+02 1.722139319059161551e+02 1.020401685519346415e+02
2.549999640901337727e+02 1.762234356764521124e+02 1.038463585151270365e+02
2.550000000000000000e+02 1.773139622048657884e+02 1.042908239069934524e+02
2.550000000000000000e+02 1.810363789388634643e+02 1.058190030523386298e+02
2.550000000000000000e+02 1.808119344196067857e+02 1.057395816500583550e+02
2.550000000000000000e+02 1.802847326959332008e+02 1.055083277224167375e+02
2.550000000000000000e+02 1.771925778795223891e+02 1.043534574468085054e+02
2.550000000000000000e+02 1.771750931412155410e+02 1.041379634617111094e+02
2.550000000000000000e+02 1.777093982853038767e+02 1.043148992279378717e+02
2.549999943890834118e+02 1.783610063740012492e+02 1.044807265014812856e+02
2.550000000000000000e+02 1.785601321931950736e+02 1.045050689020558394e+02
2.550000000000000000e+02 1.781640497351647241e+02 1.042916262680671480e+02
2.550000000000000000e+02 1.772045223987790621e+02 1.040641585869467605e+02
2.550000000000000000e+02 1.760970060149026040e+02 1.038160943531735398e+02
2.550000000000000000e+02 1.741252659574467998e+02 1.030910853757069816e+02
2.550000000000000000e+02 1.736485119849178602e+02 1.028180503187000596e+02
2.550000000000000000e+02 1.717716671155399979e+02 1.024950175060597957e+02
2.550000000000000000e+02 1.675598763353981440e+02 1.015227971541431060e+02
2.550000000000000000e+02 1.679334051530657916e+02 1.018453766047221478e+02
2.550000000000000000e+02 1.688332480474010140e+02 1.020752693239967641e+02
2.550000000000000000e+02 1.719406106921626645e+02 1.033738520064637783e+02
2.550000000000000000e+02 1.763265138252984912e+02 1.051761726815692555e+02
2.550000000000000000e+02 1.786483077475536447e+02 1.061644133225603781e+02
2.550000000000000000e+02 1.825649777807702776e+02 1.076264251728162264e+02
2.550000000000000000e+02 1.824343556423377208e+02 1.074092524014723011e+02
2.550000000000000000e+02 1.803221878086004040e+02 1.066112655983481403e+02
2.550000000000000000e+02 1.802841547715234753e+02 1.064599144896310321e+02
2.550000000000000000e+02 1.805825444384594789e+02 1.063330224885537234e+02
2.550000000000000000e+02 1.813524979800700123e+02 1.064109962743513762e+02
2.550000000000000000e+02 1.819625830415656651e+02 1.065268785348774543e+02
2.550000000000000000e+02 1.803984996409013490e+02 1.059826667564413327e+02
2.550000000000000000e+02 1.806144402549600443e+02 1.057059150282790227e+02
2.550000000000000000e+02 1.804431053056827352e+02 1.054353757069754920e+02
2.550000000000000000e+02 1.807716962923063022e+02 1.052230294460903082e+02
2.550000000000000000e+02 1.816677080527875034e+02 1.054141406320136412e+02
2.550000000000000000e+02 1.802238116078642634e+02 1.048818902055839857e+02
2.550000000000000000e+02 1.797767786605620017e+02 1.044709949277313967e+02
2.550000000000000000e+02 1.773790510817847235e+02 1.037845610018852653e+02
2.550000000000000000e+02 1.744610422838674992e+02 1.028256452554089293e+02
2.550000000000000000e+02 1.737750662088158720e+02 1.026409855013915120e+02
2.550000000000000000e+02 1.742187382170751277e+02 1.026185743783104414e+02
2.550000000000000000e+02 1.760490955202441796e+02 1.034439716312056703e+02
2.550000000000000000e+02 1.775078373283059534e+02 1.040074288535775224e+02
2.550000000000000000e+02 1.809098269593320651e+02 1.054140957446808500e+02
2.550000000000000000e+02 1.812533407397432370e+02 1.053720250920190296e+02
2.550000000000000000e+02 1.814602612442768645e+02 1.053705617649699207e+02
2.550000000000000000e+02 1.789573648891282858e+02 1.043436338540263932e+02
2.550000000000000000e+02 1.787431883472484060e+02 1.041430851063829834e+02
2.550000000000000000e+02 1.788697885806625436e+02 1.040734042553191472e+02
2.550000000000000000e+02 1.788034709130083399e+02 1.038735411616841731e+02
2.550000000000000000e+02 1.786127367806804784e+02 1.036549634168237759e+02
2.550000000000000000e+02 1.781744624741897951e+02 1.036229363048747700e+02
2.550000000000000000e+02 1.779286123081066648e+02 1.034460342041475940e+02
2.550000000000000000e+02 1.775832951791004461e+02 1.034122834186192676e+02
2.550000000000000000e+02 1.772238329293473384e+02 1.032615786874943922e+02
2.550000000000000000e+02 1.769043911033306529e+02 1.031254230631115831e+02
2.550000000000000000e+02 1.763884370230721004e+02 1.029814087889397598e+02
2.550000000000000000e+02 1.755414770176856223e+02 1.027303808690187594e+02
2.550000000000000000e+02 1.727936966962923009e+02 1.020456762276685510e+02
2.550000000000000000e+02 1.695902583266002353e+02 1.014717288356225851e+02
2.550000000000000000e+02 1.681814233773229148e+02 1.011799611724571264e+02
2.550000000000000000e+02 1.682526853846844404e+02 1.013982067510548575e+02
2.550000000000000000e+02 1.711392045964628892e+02 1.024855676003231935e+02
2.550000000000000000e+02 1.718681389711823329e+02 1.031300475805727643e+02
2.550000000000000000e+02 1.751084399407487240e+02 1.044683678965795792e+02
2.550000000000000000e+02 1.757757989945237398e+02 1.047911156746566093e+02
2.550000000000000000e+02 1.768039007092198460e+02 1.053721563874674558e+02
2.550000000000000000e+02 1.767891630756800510e+02 1.054208591435496913e+02
2.550000000000000000e+02 1.772327958075231038e+02 1.057839348235927872e+02
2.550000000000000000e+02 1.773004713169943329e+02 1.055643426250112213e+02
2.550000000000000000e+02 1.777004365293114176e+02 1.056296615495107289e+02
2.549999831672502069e+02 1.786191781129365381e+02 1.059052181524373850e+02
2.549999955112667180e+02 1.796630274261603404e+02 1.062405164287637973e+02
2.550000000000000000e+02 1.807543271388813935e+02 1.065752480025136890e+02
2.550000000000000000e+02 1.812526416195349555e+02 1.064864406589460515e+02
2.550000000000000000e+02 1.819969757159529706e+02 1.067244074872071167e+02
2.550000000000000000e+02 1.823844005296705291e+02 1.066438077924409669e+02
2.550000000000000000e+02 1.805036313852230876e+02 1.057086509112128567e+02
2.550000000000000000e+02 1.802676496992548607e+02 1.055038962204865811e+02
2.550000000000000000e+02 1.781069025496005054e+02 1.048827655085734847e+02
2.550000000000000000e+02 1.743514857707154988e+02 1.036789747733189699e+02
2.550000000000000000e+02 1.701442218780860003e+02 1.024956459287189148e+02
2.550000000000000000e+02 1.699746442678876122e+02 1.021426553101714632e+02
2.550000000000000000e+02 1.734528256575994192e+02 1.034059823592782124e+02
2.550000000000000000e+02 1.739079248586049005e+02 1.036454304695215001e+02
2.550000000000000000e+02 1.776956706167519542e+02 1.054374607235838113e+02
2.550000000000000000e+02 1.787057141574647687e+02 1.059343432983212097e+02
2.550000000000000000e+02 1.792077385761737958e+02 1.059989170930963240e+02
2.549999966334500527e+02 1.792095217254690738e+02 1.060160135559745100e+02
2.550000000000000000e+02 1.787303404704192360e+02 1.056921076847113738e+02
2.550000000000000000e+02 1.783723247149654298e+02 1.055798713977915497e+02
2.550000000000000000e+02 1.786651000987521343e+02 1.057067936978184690e+02
2.549999921447167708e+02 1.793485175958344655e+02 1.058663277673040710e+02
2.550000000000000000e+02 1.801568991830505411e+02 1.061002480025136947e+02
2.550000000000000000e+02 1.807654345093814641e+02 1.060916565670167842e+02
2.550000000000000000e+02 1.812031286470957809e+02 1.061878635873956398e+02
2.550000000000000000e+02 1.794865338001615953e+02 1.056519795313762415e+02
2.550000000000000000e+02 1.796551945865876689e+02 1.055345183589191151e+02
2.550000000000000000e+02 1.798701600233414126e+02 1.053642943711284659e+02
2.550000000000000000e+02 1.802602219678606730e+02 1.054706145075859638e+02
2.550000000000000000e+02 1.793950983032588340e+02 1.050554381003680788e+02
2.550000000000000000e+02 1.760260795403537202e+02 1.040551306221384351e+02
2.550000000000000000e+02 1.731218253433880818e+02 1.033412323817218805e+02
2.550000000000000000e+02 1.699792328754825519e+02 1.022470161145524798e+02
2.550000000000000000e+02 1.705888555974503902e+02 1.023127457581470452e+02
2.550000000000000000e+02 1.743021568363407710e+02 1.036654176766316482e+02
2.550000000000000000e+02 1.750927439626537421e+02 1.041157790196606499e+02
2.550000000000000000e+02 1.786263095879342870e+02 1.056519021007271704e+02
2.550000000000000000e+02 1.788967019032229189e+02 1.057119961396893757e+02
2.550000000000000000e+02 1.790088708591435420e+02 1.056014386390160666e+02
2.550000000000000000e+02 1.788925453362061262e+02 1.056470385582188669e+02
2.550000000000000000e+02 1.789291801328664917e+02 1.056755925127928890e+02
2.550000000000000000e+02 1.789639644492324351e+02 1.056533328844599993e+02
2.550000000000000000e+02 1.791661998384055892e+02 1.056994972618726933e+02
2.550000000000000000e+02 1.798532812640272880e+02 1.058975884280456086e+02
2.550000000000000000e+02 1.786122452643863880e+02 1.054593893078373270e+02
2.550000000000000000e+02 1.787511042283867368e+02 1.054818599066343410e+02
2.550000000000000000e+02 1.792373664601849441e+02 1.056077329652571990e+02
2.550000000000000000e+02 1.791453519166891226e+02 1.054449557859772000e+02
2.550000000000000000e+02 1.787643549690277496e+02 1.050293114283149265e+02
2.550000000000000000e+02 1.788325197504264281e+02 1.050764274171828703e+02
2.550000000000000000e+02 1.771152841368165980e+02 1.044864384145794105e+02
2.550000000000000000e+02 1.739647701768560921e+02 1.036736949007989921e+02
2.550000000000000000e+02 1.723979767034742849e+02 1.032424084298410918e+02
2.550000000000000000e+02 1.721803090492862793e+02 1.031015014812819857e+02
2.550000000000000000e+02 1.726376683274979769e+02 1.032198873327946842e+02
2.550000000000000000e+02 1.745832446808510667e+02 1.042720082592692279e+02
2.550000000000000000e+02 1.779288075680043164e+02 1.056507137085914394e+02
2.550000000000000000e+02 1.786667676631654444e+02 1.060304470778346371e+02
2.550000000000000000e+02 1.791206638836520426e+02 1.061035281443576679e+02
2.550000000000000000e+02 1.789813257473740862e+02 1.060844319508034772e+02
2.550000000000000000e+02 1.784568318520513515e+02 1.056647611993895310e+02
2.550000000000000000e+02 1.784869938953227404e+02 1.056729441601579964e+02
2.550000000000000000e+02 1.789770648173085590e+02 1.058724032677978215e+02
2.550000000000000000e+02 1.799333198671334912e+02 1.061048276326420705e+02
2.550000000000000000e+02 1.806493468893078500e+02 1.062726871801777548e+02
2.549999955112667180e+02 1.814257181973247270e+02 1.064732056288715256e+02
2.550000000000000000e+02 1.821354722147409859e+02 1.066672502019929993e+02
2.550000000000000000e+02 1.806005285483436467e+02 1.058906050812460791e+02
2.550000000000000000e+02 1.811922782565760031e+02 1.058297333692432005e+02
2.550000000000000000e+02 1.824557388454977911e+02 1.062314783643055875e+02
2.550000000000000000e+02 1.826539063201364570e+02 1.060447459376963764e+02
2.550000000000000000e+02 1.816002210701140029e+02 1.057597910494658464e+02
2.550000000000000000e+02 1.761490360445282306e+02 1.038779984738306865e+02
2.550000000000000000e+02 1.754237274441152579e+02 1.034852253344106288e+02
2.550000000000000000e+02 1.759587519077116440e+02 1.034211340784630551e+02
2.549999932669000771e+02 1.773946022982314332e+02 1.038660808869736911e+02
2.550000000000000000e+02 1.789075781039590538e+02 1.044612857976479035e+02
2.550000000000000000e+02 1.803310485680940758e+02 1.050352410449771128e+02
2.550000000000000000e+02 1.812301530658048421e+02 1.052593432983212125e+02
2.550000000000000000e+02 1.814199153873776709e+02 1.051154154322650101e+02
2.550000000000000000e+02 1.813088315827273505e+02 1.049749573570338441e+02
2.550000000000000000e+02 1.807417149205494127e+02 1.045878647095789518e+02
2.550000000000000000e+02 1.784712103869288171e+02 1.035041992099829429e+02
2.550000000000000000e+02 1.783951600233414183e+02 1.032866347966603797e+02
2.550000000000000000e+02 1.790329057814884663e+02 1.033747980070024255e+02
2.550000000000000000e+02 1.798596429212676071e+02 1.036101860579944400e+02
2.550000000000000000e+02 1.801978005206930504e+02 1.036887332794685364e+02
2.550000000000000000e+02 1.806054470778346399e+02 1.035770726725917967e+02
2.550000000000000000e+02 1.811421346171110542e+02 1.036735523835173751e+02
2.550000000000000000e+02 1.814063560463237366e+02 1.037309172726456552e+02
2.550000000000000000e+02 1.783682646557141709e+02 1.022366000089774616e+02
2.550000000000000000e+02 1.784859233324355898e+02 1.022704731124876503e+02
2.550000000000000000e+02 1.773311473202262221e+02 1.017540847472843097e+02
2.550000000000000000e+02 1.729812730047580658e+02 1.004207761019840177e+02
2.550000000000000000e+02 1.686709814615315679e+02 9.932623776820180694e+01
2.550000000000000000e+02 1.674643538468444319e+02 9.892952127659575012e+01
2.550000000000000000e+02 1.677330707424364959e+02 9.916029042104318592e+01
2.550000000000000000e+02 1.686425823682556882e+02 9.962286224077564611e+01
2.550000000000000000e+02 1.741811843522757783e+02 1.022150518448693788e+02
2.550000000000000000e+02 1.775778604452823402e+02 1.038234715863183339e+02
2.550000000000000000e+02 1.779945798545650462e+02 1.039841996588562694e+02
2.549999977556333590e+02 1.780431434599155978e+02 1.039776876290510756e+02
2.549999932669000771e+02 1.775581605171020669e+02 1.038459679953317192e+02
2.550000000000000000e+02 1.769299039411078240e+02 1.035057410898644434e+02
2.550000000000000000e+02 1.770188077924409811e+02 1.034291071909507167e+02
2.550000000000000000e+02 1.776303460813358583e+02 1.036136143280366326e+02
2.550000000000000000e+02 1.782918697818475664e+02 1.039143538468444206e+02
2.550000000000000000e+02 1.787236006374001249e+02 1.038962361971451713e+02
2.550000000000000000e+02 1.793080292216536407e+02 1.040617223269593268e+02
2.550000000000000000e+02 1.801427933387198266e+02 1.043153054582996617e+02
2.550000000000000000e+02 1.806850985276954873e+02 1.044981944070383406e+02
2.550000000000000000e+02 1.807645917497082451e+02 1.043828160068228783e+02
2.550000000000000000e+02 1.806659978454080147e+02 1.043172827453092708e+02
2.550000000000000000e+02 1.781945181344824505e+02 1.035535988419068190e+02
2.550000000000000000e+02 1.758330785977197195e+02 1.026040454708681153e+02
2.550000000000000000e+02 1.708796121734446558e+02 1.010608986444025561e+02
2.550000000000000000e+02 1.680102432893437481e+02 1.004312505610916588e+02
2.550000000000000000e+02 1.678429145345183713e+02 1.002833030343836924e+02
2.549999943890834118e+02 1.694634561001885231e+02 1.009011300386030996e+02
2.550000000000000000e+02 1.738127637130801588e+02 1.027074804740102394e+02
2.550000000000000000e+02 1.775173500763084746e+02 1.044122396534697970e+02
2.550000000000000000e+02 1.788648105754556070e+02 1.049972158631834134e+02
2.550000000000000000e+02 1.794486230810665290e+02 1.051015463686147768e+02
2.550000000000000000e+02 1.790670470868120958e+02 1.049179145345183599e+02
2.550000000000000000e+02 1.786600323188796153e+02 1.047668798814974451e+02
2.550000000000000000e+02 1.776844083849537697e+02 1.044244680851063833e+02
2.550000000000000000e+02 1.777165005835353213e+02 1.043830931861028830e+02
2.550000000000000000e+02 1.786688661459735954e+02 1.046995937696382128e+02
2.550000000000000000e+02 1.791419887332794758e+02 1.047810014363946465e+02
2.550000000000000000e+02 1.791042620522488562e+02 1.047461138791633033e+02
2.550000000000000000e+02 1.789096698536672818e+02 1.045893246700780992e+02
2.550000000000000000e+02 1.787325029176766407e+02 1.045878916419786293e+02
2.550000000000000000e+02 1.789308521860131123e+02 1.045607673489541298e+02
2.550000000000000000e+02 1.796847080079001842e+02 1.049314009336565192e+02
2.550000000000000000e+02 1.801194609031331311e+02 1.049260122093545249e+02
2.550000000000000000e+02 1.800276696741179592e+02 1.048911897387557275e+02
2.550000000000000000e+02 1.772526337642517262e+02 1.043061753748092286e+02
2.550000000000000000e+02 1.714788109345542750e+02 1.022835016608313197e+02
2.550000000000000000e+02 1.713307152796480750e+02 1.022043978364305588e+02
2.549999943890834118e+02 1.725382372744411441e+02 1.025440905826375797e+02
2.550000000000000000e+02 1.739701824670078167e+02 1.032470856899183076e+02
2.550000000000000000e+02 1.776281611904120723e+02 1.046256093455426850e+02
2.550000000000000000e+02 1.784364709578956933e+02 1.051140183140317816e+02
2.550000000000000000e+02 1.789450444384594618e+02 1.051990057455786030e+02
2.550000000000000000e+02 1.790475311966962977e+02 1.052373226950354592e+02
2.549999943890834118e+02 1.785773835173714019e+02 1.050096361881677041e+02
2.550000000000000000e+02 1.786752401472304541e+02 1.050161325074064109e+02
2.550000000000000000e+02 1.784595408025855079e+02 1.047825141395098285e+02
2.550000000000000000e+02 1.786359940299847437e+02 1.047265822784810183e+02
2.550000000000000000e+02 1.791132103420414694e+02 1.048106102432893465e+02
2.550000000000000000e+02 1.794719330729868148e+02 1.049163120567375955e+02
2.550000000000000000e+02 1.795372935182691378e+02 1.048708176227668503e+02
2.550000000000000000e+02 1.798889420055660366e+02 1.050403716671155365e+02
2.550000000000000000e+02 1.783702363318071775e+02 1.045039893617021249e+02
2.550000000000000000e+02 1.783330179998204414e+02 1.043034754017416219e+02
2.550000000000000000e+02 1.784414029535865041e+02 1.042144436215100143e+02
2.550000000000000000e+02 1.774211610108627326e+02 1.040483301912200318e+02
2.549999966334500527e+02 1.737468253433880818e+02 1.029925464583894410e+02
2.550000000000000000e+02 1.712098056378490014e+02 1.023057029356315581e+02
2.550000000000000000e+02 1.709646276595744609e+02 1.022291857437831055e+02
2.550000000000000000e+02 1.715605171020737885e+02 1.022674005745578540e+02
2.550000000000000000e+02 1.730071920728970269e+02 1.028885245533710417e+02
2.550000000000000000e+02 1.769480025136906249e+02 1.047314200107729647e+02
2.550000000000000000e+02 1.784115259448783490e+02 1.052207413143011081e+02
2.550000000000000000e+02 1.794795055660292746e+02 1.055928303707693630e+02
2.550000000000000000e+02 1.795461845767124487e+02 1.055724032677978244e+02
2.550000000000000000e+02 1.785927170302540503e+02 1.051499730676003281e+02
2.550000000000000000e+02 1.780565816051710328e+02 1.048585757249304180e+02
2.550000000000000000e+02 1.775271052159080796e+02 1.045140834006643331e+02
2.550000000000000000e+02 1.774487745758146957e+02 1.044644346440434504e+02
2.550000000000000000e+02 1.777116168417272775e+02 1.046083064009336567e+02
2.550000000000000000e+02 1.778947683813627805e+02 1.046037974683544292e+02
2.550000000000000000e+02 1.780784327587754774e+02 1.046180536852500182e+02
2.550000000000000000e+02 1.786153727892988741e+02 1.047123563605350540e+02
2.550000000000000000e+02 1.792741695843432979e+02 1.049205011670706540e+02
2.550000000000000000e+02 1.798906207918125517e+02 1.050607527605709635e+02
2.549999887781667951e+02 1.805278368794326127e+02 1.052875953855821933e+02
2.550000000000000000e+02 1.797619725738396710e+02 1.051750987521321434e+02
2.549999943890834118e+02 1.761411437292396158e+02 1.042050217703564101e+02
2.550000000000000000e+02 1.713558432085465597e+02 1.026346866864170977e+02
2.549999955112667180e+02 1.712531275249124576e+02 1.024927686506867701e+02
2.549999955112667180e+02 1.716470744680850942e+02 1.024495208277224236e+02
2.550000000000000000e+02 1.749385772959870735e+02 1.037832413143011081e+02
2.550000000000000000e+02 1.755147982314391015e+02 1.043934520603285705e+02
2.550000000000000000e+02 1.764646343926743839e+02 1.048043024508483683e+02
2.550000000000000000e+02 1.796547816231259560e+02 1.059407498428943342e+02
2.550000000000000000e+02 1.798412256486219576e+02 1.059798938414579368e+02
2.550000000000000000e+02 1.800108515127031126e+02 1.059934329832121307e+02
2.550000000000000000e+02 1.805860523835173694e+02 1.062446572852141173e+02
2.550000000000000000e+02 1.789143897567106478e+02 1.054021444923242683e+02
2.550000000000000000e+02 1.792196729957805985e+02 1.052899744142203105e+02
2.550000000000000000e+02 1.799924286291408464e+02 1.055712115091121319e+02
2.550000000000000000e+02 1.799425273812730097e+02 1.051973931681479542e+02
2.550000000000000000e+02 1.802240472663614241e+02 1.050749506239339297e+02
2.550000000000000000e+02 1.804076589011581007e+02 1.050097910494658464e+02
2.550000000000000000e+02 1.803865214561450898e+02 1.050438762456234798e+02
2.550000000000000000e+02 1.789580864530029487e+02 1.045155186731304440e+02
2.550000000000000000e+02 1.786704865786875018e+02 1.042610894155669286e+02
2.550000000000000000e+02 1.753058993177125444e+02 1.033897219229733366e+02
2.550000000000000000e+02 1.703175588024059550e+02 1.018478532633090907e+02
