2.550000000000000000e+02 2.271994975247991704e+02 1.402926163444263352e+02
2.550000000000000000e+02 2.273565620842067574e+02 1.403880611093294135e+02
2.550000000000000000e+02 1.779255031687675341e+02 1.052541150699281758e+02
2.550000000000000000e+02 1.771406753009247268e+02 1.043946594254604463e+02
2.550000000000000000e+02 1.770779824200262169e+02 1.039032013929038669e+02
2.550000000000000000e+02 1.770733915633437334e+02 1.032554167559055855e+02
2.550000000000000000e+02 1.773284043860048200e+02 1.028065104273591572e+02
2.550000000000000000e+02 1.775555391565563070e+02 1.027390790987849840e+02
2.550000000000000000e+02 1.775088426979633596e+02 1.025867685229470680e+02
2.550000000000000000e+02 1.745850862075662064e+02 1.018792383860869393e+02
2.550000000000000000e+02 1.703448480201167570e+02 1.005650415751620983e+02
2.550000000000000000e+02 1.693031874105992642e+02 1.003026192407608619e+02
2.550000000000000000e+02 1.699993108721295982e+02 1.004080169651962677e+02
2.550000000000000000e+02 1.719208590461626898e+02 1.014683317446032191e+02
2.550000000000000000e+02 1.762369956244264131e+02 1.033217394874708503e+02
2.549999811349858305e+02 1.771237655899922174e+02 1.037732236647176478e+02
2.550000000000000000e+02 1.803342214686080638e+02 1.050180160885279577e+02
2.550000000000000000e+02 1.777047381147636429e+02 1.040808965098614038e+02
2.550000000000000000e+02 1.769705117634460407e+02 1.037386662878867725e+02
2.550000000000000000e+02 1.762191670763334059e+02 1.031285606327103750e+02
2.550000000000000000e+02 1.762141334466713829e+02 1.031004262383494705e+02
2.550000000000000000e+02 1.768327205902751871e+02 1.032863664762040088e+02
2.550000000000000000e+02 1.774053004031564456e+02 1.034014475014398471e+02
2.550000000000000000e+02 1.777913274200761578e+02 1.034953175925134730e+02
2.550000000000000000e+02 1.783739522981471168e+02 1.036898181079722434e+02
2.550000000000000000e+02 1.785361104113793829e+02 1.036626735720016512e+02
2.550000000000000000e+02 1.784530111336874825e+02 1.035680089309196461e+02
2.550000000000000000e+02 1.784086827892256224e+02 1.032724673995909654e+02
2.550000000000000000e+02 1.790812149956887822e+02 1.035978334086084374e+02
2.550000000000000000e+02 1.791545455251631438e+02 1.035739403133145942e+02
2.550000000000000000e+02 1.788687050499423492e+02 1.033950001054221417e+02
2.550000000000000000e+02 1.763057486136988814e+02 1.029063451920291925e+02
2.550000000000000000e+02 1.689506069540881015e+02 1.003933621783098999e+02
2.550000000000000000e+02 1.678221817055970178e+02 1.000882361100784692e+02
2.550000000000000000e+02 1.686005976880370270e+02 1.002393748356246874e+02
2.550000000000000000e+02 1.739615297972898702e+02 1.022071911214585072e+02
2.550000000000000000e+02 1.751834578239317182e+02 1.029838315731535374e+02
2.550000000000000000e+02 1.786021157668239994e+02 1.043934442966068445e+02
2.550000000000000000e+02 1.791559115741300729e+02 1.046725532908907468e+02
2.550000000000000000e+02 1.791698139798632496e+02 1.046708354648949779e+02
2.550000000000000000e+02 1.785149116839910448e+02 1.043152077537427687e+02
2.550000000000000000e+02 1.780719411766664280e+02 1.041060235990230183e+02
2.549999977805865683e+02 1.754753717240070614e+02 1.030597321833812572e+02
2.550000000000000000e+02 1.761149600672038389e+02 1.031255622051647975e+02
2.550000000000000000e+02 1.766353181917550899e+02 1.032405655509305404e+02
2.550000000000000000e+02 1.770870942218681137e+02 1.034208362971750148e+02
2.550000000000000000e+02 1.795407290107297626e+02 1.043527369251580552e+02
2.550000000000000000e+02 1.773058662426107333e+02 1.034065366164376485e+02
2.550000000000000000e+02 1.776196990697328602e+02 1.033663263935974328e+02
2.550000000000000000e+02 1.780046885108734500e+02 1.034828245143091152e+02
2.550000000000000000e+02 1.778340378121466188e+02 1.032491824235772668e+02
2.550000000000000000e+02 1.780844653266588296e+02 1.032632568338513863e+02
2.550000000000000000e+02 1.782117908557947317e+02 1.033700139490134120e+02
2.550000000000000000e+02 1.755952355851871971e+02 1.024642646694905039e+02
2.550000000000000000e+02 1.719480335442146099e+02 1.015218717645113600e+02
2.550000000000000000e+02 1.704119242425419429e+02 1.012044701205918358e+02
2.550000000000000000e+02 1.704833749288400497e+02 1.011217270587556385e+02
2.550000000000000000e+02 1.722906088849777859e+02 1.018779921854453079e+02
2.550000000000000000e+02 1.733184114770307360e+02 1.024017915105216900e+02
2.550000000000000000e+02 1.771406353514829561e+02 1.040600262556608868e+02
2.550000000000000000e+02 1.782837753110230494e+02 1.045315084576297266e+02
2.550000000000000000e+02 1.782643576629132554e+02 1.045395571604380649e+02
2.550000000000000000e+02 1.777196758768625102e+02 1.040253190684233999e+02
2.550000000000000000e+02 1.776528837393565254e+02 1.040442484455783188e+02
2.550000000000000000e+02 1.774043471650877279e+02 1.037259612556997297e+02
2.550000000000000000e+02 1.779681436493149249e+02 1.037861417605940915e+02
2.550000000000000000e+02 1.788838969348790897e+02 1.041848571641000945e+02
2.550000000000000000e+02 1.795263061525469368e+02 1.043057153224974201e+02
2.550000000000000000e+02 1.800546242033692863e+02 1.044258699268370378e+02
2.550000000000000000e+02 1.804839908160672337e+02 1.044882321151342950e+02
2.550000000000000000e+02 1.793515506486790514e+02 1.040267783327544322e+02
2.550000000000000000e+02 1.792517014578217243e+02 1.037688037028693628e+02
2.550000000000000000e+02 1.791832791611504945e+02 1.034088059666710677e+02
2.550000000000000000e+02 1.794334814051994158e+02 1.034439115386194601e+02
2.550000000000000000e+02 1.793338419489113278e+02 1.032072188641264034e+02
2.550000000000000000e+02 1.787279509598408254e+02 1.030053110563409149e+02
2.550000000000000000e+02 1.755224532508303241e+02 1.022160077413140442e+02
2.550000000000000000e+02 1.687506877407369927e+02 9.984777154245904285e+01
2.549999977805865683e+02 1.683343579625340851e+02 9.974467978857867934e+01
2.550000000000000000e+02 1.690470338094345095e+02 9.993030154060583925e+01
2.550000000000000000e+02 1.738882813861124532e+02 1.018529061554321800e+02
2.550000000000000000e+02 1.750839925915979620e+02 1.026792437126791810e+02
2.550000000000000000e+02 1.785230991001388361e+02 1.040265364166904334e+02
2.550000000000000000e+02 1.792524693748689231e+02 1.042229256529791712e+02
2.550000000000000000e+02 1.794422170164647241e+02 1.041855296463697584e+02
2.549999889029328415e+02 1.788485982739621818e+02 1.038490022072066523e+02
2.550000000000000000e+02 1.785490307266692582e+02 1.036462920814657878e+02
2.550000000000000000e+02 1.763910351233272422e+02 1.029642496884498399e+02
2.550000000000000000e+02 1.764843991881385534e+02 1.026925557544396526e+02
2.550000000000000000e+02 1.768171170041469793e+02 1.027041621769782438e+02
2.550000000000000000e+02 1.772706707844183995e+02 1.026896327869507388e+02
2.550000000000000000e+02 1.778556504601398842e+02 1.029310905420806392e+02
2.550000000000000000e+02 1.783535425722335788e+02 1.030270923797549614e+02
2.550000000000000000e+02 1.783503765789739361e+02 1.027967716412229464e+02
2.550000000000000000e+02 1.784452431866781978e+02 1.027938852940556274e+02
2.550000000000000000e+02 1.788136758036218623e+02 1.028473087947586322e+02
2.550000000000000000e+02 1.789713107522812834e+02 1.027756306185838184e+02
2.550000000000000000e+02 1.790084248933849267e+02 1.027289086367363922e+02
2.550000000000000000e+02 1.777387406382367203e+02 1.024024528957241955e+02
2.550000000000000000e+02 1.740410369543433262e+02 1.014380167765461209e+02
2.549999988902932841e+02 1.674794332505861973e+02 9.910164580602992146e+01
2.550000000000000000e+02 1.674765491228323242e+02 9.902496285256769681e+01
2.550000000000000000e+02 1.724808814178500711e+02 1.009591738899326288e+02
2.550000000000000000e+02 1.732415898102290441e+02 1.012322638349910449e+02
2.550000000000000000e+02 1.774708541079677957e+02 1.031291987140718618e+02
2.550000000000000000e+02 1.783307414283478920e+02 1.035525207542898443e+02
2.550000000000000000e+02 1.791626874433356136e+02 1.037560176620920913e+02
2.550000000000000000e+02 1.795876130097576606e+02 1.038333575619299580e+02
2.550000000000000000e+02 1.793746614007384039e+02 1.037173576995335935e+02
2.550000000000000000e+02 1.791448189458008073e+02 1.034194735773282474e+02
2.550000000000000000e+02 1.797027994571314764e+02 1.035772694334614243e+02
2.550000000000000000e+02 1.780034090190303573e+02 1.027413162675236578e+02
2.550000000000000000e+02 1.786335016018616386e+02 1.028211285939239161e+02
2.550000000000000000e+02 1.793230089919535146e+02 1.030161406841785805e+02
2.550000000000000000e+02 1.798101868857079637e+02 1.031655904361036420e+02
2.550000000000000000e+02 1.800447833242152456e+02 1.029810340025234723e+02
2.549999944514664207e+02 1.800221397586831813e+02 1.027007287444001378e+02
2.550000000000000000e+02 1.801745546469523447e+02 1.027203827600403514e+02
2.550000000000000000e+02 1.780262456735309513e+02 1.018056381978806826e+02
2.550000000000000000e+02 1.781004484324837733e+02 1.015376717687282451e+02
2.550000000000000000e+02 1.763284465548600224e+02 1.009212774055944806e+02
2.550000000000000000e+02 1.729209888818484160e+02 1.000633320719666983e+02
2.550000000000000000e+02 1.702283665450058265e+02 9.944469388185396497e+01
2.550000000000000000e+02 1.699181791044444765e+02 9.932676091035899901e+01
2.550000000000000000e+02 1.712497272895746505e+02 9.966067942903370636e+01
2.550000000000000000e+02 1.729099284350139101e+02 1.004628597807885342e+02
2.550000000000000000e+02 1.774810900427126228e+02 1.026548190678685586e+02
2.550000000000000000e+02 1.808314455372589578e+02 1.038983408774894883e+02
2.550000000000000000e+02 1.793163474225397067e+02 1.033635643335822749e+02
2.550000000000000000e+02 1.784763227426623473e+02 1.028434803065897682e+02
2.550000000000000000e+02 1.777588196715490199e+02 1.025075720837739794e+02
2.550000000000000000e+02 1.775357797187781159e+02 1.022960031693223755e+02
2.550000000000000000e+02 1.777707490187418387e+02 1.021883316558266870e+02
2.550000000000000000e+02 1.787204016250545067e+02 1.024127387672711933e+02
2.550000000000000000e+02 1.794956915636766439e+02 1.025534462496906656e+02
2.550000000000000000e+02 1.801563665538834869e+02 1.027151305181553624e+02
2.550000000000000000e+02 1.808782540762302062e+02 1.029212086037781120e+02
2.550000000000000000e+02 1.814928717989122617e+02 1.030481679296978541e+02
2.550000000000000000e+02 1.785506031810852789e+02 1.016760965844336937e+02
2.550000000000000000e+02 1.784926065790072300e+02 1.014575254206065864e+02
2.550000000000000000e+02 1.788909912899119945e+02 1.014219049447421526e+02
2.550000000000000000e+02 1.789596610511807739e+02 1.013608322356484450e+02
2.549999922320529890e+02 1.777660982378966992e+02 1.011144573700616718e+02
2.550000000000000000e+02 1.735705734631394250e+02 1.000686986136434058e+02
2.550000000000000000e+02 1.710805991084616267e+02 9.942365162311253357e+01
2.550000000000000000e+02 1.683780959430232258e+02 9.850325088582339106e+01
2.550000000000000000e+02 1.722335921539296351e+02 9.989506058443814140e+01
2.550000000000000000e+02 1.734294354145143018e+02 1.004202869923507961e+02
2.550000000000000000e+02 1.775815961799455920e+02 1.021927593856219687e+02
2.550000000000000000e+02 1.783974736416912492e+02 1.025878305122739107e+02
2.550000000000000000e+02 1.791389330613812092e+02 1.026709353384993904e+02
2.550000000000000000e+02 1.792234682995631090e+02 1.027850253956381863e+02
2.549999977805865683e+02 1.788710798223137601e+02 1.026368995238248516e+02
2.550000000000000000e+02 1.784281603614980725e+02 1.023965215133292475e+02
2.550000000000000000e+02 1.786703738269012831e+02 1.023751374649193906e+02
2.550000000000000000e+02 1.762187775692762273e+02 1.012679952815270497e+02
2.550000000000000000e+02 1.766841774687367774e+02 1.013039486694061679e+02
2.550000000000000000e+02 1.771711889064839056e+02 1.013971296326093920e+02
2.550000000000000000e+02 1.773481383005285466e+02 1.012222232086281934e+02
2.550000000000000000e+02 1.776151770148667310e+02 1.012532339627959743e+02
2.550000000000000000e+02 1.780304769852375841e+02 1.012856007785702275e+02
2.550000000000000000e+02 1.782831028287533854e+02 1.013448236065690224e+02
2.550000000000000000e+02 1.782306758446810022e+02 1.010711033480961305e+02
2.550000000000000000e+02 1.786112553113337640e+02 1.011485764127398710e+02
2.550000000000000000e+02 1.783669278546373107e+02 1.011905477401377595e+02
2.550000000000000000e+02 1.747933770483798810e+02 1.000629536619766782e+02
2.550000000000000000e+02 1.710987472520887422e+02 9.899912998993495705e+01
2.550000000000000000e+02 1.701634764448104136e+02 9.879884235395427083e+01
2.550000000000000000e+02 1.703545268820903402e+02 9.881421068225878912e+01
2.550000000000000000e+02 1.715655753440923093e+02 9.933808102856495736e+01
2.550000000000000000e+02 1.765107147731926034e+02 1.015776622696387506e+02
2.550000000000000000e+02 1.778295190864006656e+02 1.022893926464174825e+02
2.550000000000000000e+02 1.790908150684855400e+02 1.028733036745718437e+02
2.550000000000000000e+02 1.790119859422353272e+02 1.026413228147932841e+02
2.550000000000000000e+02 1.787596053439036723e+02 1.024767677350553043e+02
2.550000000000000000e+02 1.779287512803241214e+02 1.020751282543536576e+02
2.550000000000000000e+02 1.777810981435716258e+02 1.018261200547307368e+02
2.550000000000000000e+02 1.781748165377372288e+02 1.018291684190785276e+02
2.550000000000000000e+02 1.786631296614617668e+02 1.020433007560431804e+02
2.550000000000000000e+02 1.792592408052475719e+02 1.022150855750333704e+02
2.549999877932261256e+02 1.799501342190272624e+02 1.023279716003857374e+02
2.550000000000000000e+02 1.802350891482890063e+02 1.023434686546692518e+02
2.550000000000000000e+02 1.778132929548049788e+02 1.013812697042298652e+02
2.550000000000000000e+02 1.775804498529083730e+02 1.010648201886723427e+02
2.550000000000000000e+02 1.776505744396813498e+02 1.008740849080996327e+02
2.550000000000000000e+02 1.778116516985725752e+02 1.007237817917102660e+02
2.550000000000000000e+02 1.780256164698231771e+02 1.007397127413195932e+02
2.550000000000000000e+02 1.766396060985042311e+02 1.003764757712184235e+02
2.550000000000000000e+02 1.727014822352600447e+02 9.948682389731217768e+01
2.550000000000000000e+02 1.699081395877883551e+02 9.861597600370198791e+01
2.550000000000000000e+02 1.698400080342766216e+02 9.854733731422122389e+01
2.549999944514664207e+02 1.709783340860844021e+02 9.900968995904072756e+01
2.550000000000000000e+02 1.722994665639818095e+02 9.960536276867387073e+01
2.550000000000000000e+02 1.769300485274746677e+02 1.016949061132633290e+02
2.550000000000000000e+02 1.786165519414873870e+02 1.025327946077131287e+02
2.550000000000000000e+02 1.812700005215621673e+02 1.035284279117871904e+02
2.550000000000000000e+02 1.784966592279326392e+02 1.022531440765520045e+02
2.550000000000000000e+02 1.783297327049434102e+02 1.021889686274814437e+02
2.550000000000000000e+02 1.779276227085943560e+02 1.018190445647119873e+02
2.550000000000000000e+02 1.777742357172422771e+02 1.015928818972433731e+02
2.550000000000000000e+02 1.783885216376164067e+02 1.016434623293409771e+02
2.550000000000000000e+02 1.788565249090318048e+02 1.017371670741139837e+02
2.550000000000000000e+02 1.787739971302984259e+02 1.016374000015535870e+02
2.550000000000000000e+02 1.781552024715387859e+02 1.014809957176417896e+02
2.550000000000000000e+02 1.774711836908623468e+02 1.012534192838174789e+02
2.550000000000000000e+02 1.744328011549827409e+02 1.000887587819415216e+02
2.550000000000000000e+02 1.744164951245035411e+02 9.993608311259417576e+01
2.550000000000000000e+02 1.786212238067600993e+02 1.016775070216692427e+02
2.550000000000000000e+02 1.791466788142561768e+02 1.017165875630729488e+02
2.550000000000000000e+02 1.789233658736332586e+02 1.016871414953741919e+02
2.550000000000000000e+02 1.762873341404600183e+02 1.010260326098415504e+02
2.550000000000000000e+02 1.739599784273014507e+02 1.005359062253437088e+02
2.550000000000000000e+02 1.700012362132812029e+02 9.889066836525775273e+01
2.550000000000000000e+02 1.710002097345692391e+02 9.907639775883632183e+01
2.550000000000000000e+02 1.756026417678071994e+02 1.009435248058290711e+02
2.550000000000000000e+02 1.763060493442188204e+02 1.014686158295224203e+02
2.550000000000000000e+02 1.795785056467426273e+02 1.029060666556435848e+02
2.550000000000000000e+02 1.794613294952277158e+02 1.028710099107906757e+02
2.550000000000000000e+02 1.764737204804142436e+02 1.016051596923449125e+02
2.550000000000000000e+02 1.754229802505495854e+02 1.012841559404265013e+02
2.550000000000000000e+02 1.742274177457639723e+02 1.008270522083718532e+02
2.550000000000000000e+02 1.736865367052141664e+02 1.007399357923694367e+02
2.550000000000000000e+02 1.738864881000600349e+02 1.007311313792877741e+02
2.550000000000000000e+02 1.747007797909090527e+02 1.009135593953873951e+02
2.550000000000000000e+02 1.778766050520507918e+02 1.022688985827935539e+02
2.550000000000000000e+02 1.779956299749539141e+02 1.022333835290670976e+02
2.550000000000000000e+02 1.784098313356763015e+02 1.025381678076301171e+02
2.550000000000000000e+02 1.783825591834334148e+02 1.023599988459050110e+02
2.550000000000000000e+02 1.787005500816189283e+02 1.024047044906501611e+02
2.550000000000000000e+02 1.790000665824029227e+02 1.024310211854109127e+02
2.550000000000000000e+02 1.792886624593986085e+02 1.026214668325308281e+02
2.550000000000000000e+02 1.785527637800605589e+02 1.024550618716979358e+02
2.550000000000000000e+02 1.734116035373011186e+02 1.009939387819193257e+02
2.550000000000000000e+02 1.714050884491737747e+02 1.003862556165031208e+02
2.550000000000000000e+02 1.715267056469645581e+02 1.004005963563889736e+02
2.550000000000000000e+02 1.724749644616424291e+02 1.005932880499012896e+02
2.550000000000000000e+02 1.763760230108784413e+02 1.021709902689818108e+02
2.550000000000000000e+02 1.771282232818688271e+02 1.023995354767688468e+02
2.550000000000000000e+02 1.785151924397900984e+02 1.031013051260682261e+02
2.550000000000000000e+02 1.790992754724853739e+02 1.032650123898754799e+02
2.549999944514664207e+02 1.790947822699938570e+02 1.030809187039957209e+02
2.550000000000000000e+02 1.788688726156564144e+02 1.029599917437820409e+02
2.550000000000000000e+02 1.784862601663006387e+02 1.026245795598681241e+02
2.549999966708798524e+02 1.786906459491820840e+02 1.027033432134221300e+02
2.550000000000000000e+02 1.790515591934207578e+02 1.027344050140988259e+02
2.550000000000000000e+02 1.780816266968802779e+02 1.022833414156972509e+02
2.550000000000000000e+02 1.784817347823143905e+02 1.024110875236783613e+02
2.550000000000000000e+02 1.783645175716509925e+02 1.022156537448717728e+02
2.550000000000000000e+02 1.785727939862773610e+02 1.021799145303887570e+02
2.549999911223462732e+02 1.784980286060197159e+02 1.019445557233678699e+02
2.549999977805865683e+02 1.787425824428861745e+02 1.019819006834683677e+02
2.550000000000000000e+02 1.788725202216306229e+02 1.020049282075240313e+02
2.550000000000000000e+02 1.786346801103936173e+02 1.017467516110167196e+02
2.550000000000000000e+02 1.774451211189394826e+02 1.013247934003522204e+02
2.550000000000000000e+02 1.740185831486596442e+02 1.005712681395434061e+02
2.550000000000000000e+02 1.716857310581386571e+02 9.997539558270145221e+01
2.550000000000000000e+02 1.679867922706707759e+02 9.869903644165883350e+01
2.550000000000000000e+02 1.722591953072722504e+02 1.002313461075372345e+02
2.550000000000000000e+02 1.731537764984092291e+02 1.004885872212832822e+02
2.550000000000000000e+02 1.769503028944480150e+02 1.022032128228830459e+02
2.550000000000000000e+02 1.786050442828464782e+02 1.028367543741864409e+02
2.550000000000000000e+02 1.802122547132018440e+02 1.032745680744036179e+02
2.550000000000000000e+02 1.804016261642210566e+02 1.031764067474607174e+02
2.550000000000000000e+02 1.803451542991702752e+02 1.032722787494493133e+02
2.550000000000000000e+02 1.799061121536189205e+02 1.030132476787709805e+02
2.550000000000000000e+02 1.777354381510510564e+02 1.019584392640868913e+02
2.550000000000000000e+02 1.780502563977366322e+02 1.018714027469680019e+02
2.550000000000000000e+02 1.785972419349290305e+02 1.018782041394279929e+02
2.550000000000000000e+02 1.791071599386997946e+02 1.019493507660860274e+02
2.550000000000000000e+02 1.794862901283819667e+02 1.021042857983063641e+02
2.550000000000000000e+02 1.792381319641032178e+02 1.017908813179764707e+02
2.550000000000000000e+02 1.793130948721562277e+02 1.017471056074590052e+02
2.550000000000000000e+02 1.795067253775499694e+02 1.017288198601991525e+02
2.550000000000000000e+02 1.762913568273040994e+02 1.002501600751937332e+02
2.550000000000000000e+02 1.764962941344232092e+02 1.002028621555609078e+02
2.550000000000000000e+02 1.754537690633742386e+02 1.000772699883147823e+02
2.550000000000000000e+02 1.722999659320038290e+02 9.931347550155969373e+01
2.550000000000000000e+02 1.698042588324331632e+02 9.867459626095418912e+01
2.549999844641059781e+02 1.695040265708175866e+02 9.853729446844494078e+01
2.550000000000000000e+02 1.705530833755946674e+02 9.902716783981161086e+01
2.550000000000000000e+02 1.755518993185291095e+02 1.011499491199470953e+02
2.550000000000000000e+02 1.763050694731889223e+02 1.015850129669229744e+02
2.550000000000000000e+02 1.795583933222288806e+02 1.028328260124131788e+02
2.550000000000000000e+02 1.807094721236124428e+02 1.033327178160084117e+02
2.549999988902932841e+02 1.807713604671421308e+02 1.031902447902044031e+02
2.550000000000000000e+02 1.786884165483904212e+02 1.023935874487731610e+02
2.550000000000000000e+02 1.782755590425006460e+02 1.020232095159570207e+02
2.550000000000000000e+02 1.777787733080024282e+02 1.015278297798674743e+02
2.550000000000000000e+02 1.777502349803970390e+02 1.012993744583244080e+02
2.550000000000000000e+02 1.781761115654743719e+02 1.013385471053855156e+02
2.550000000000000000e+02 1.786639353085373045e+02 1.015196112919316533e+02
2.550000000000000000e+02 1.790682447435967219e+02 1.016112786151747969e+02
2.550000000000000000e+02 1.792427339178528598e+02 1.015916312577748783e+02
2.550000000000000000e+02 1.793337343073599186e+02 1.016677693452397477e+02
2.550000000000000000e+02 1.797580206827137772e+02 1.017898725945719747e+02
2.550000000000000000e+02 1.768197647643704329e+02 1.004036147586554364e+02
2.550000000000000000e+02 1.765167504680188131e+02 1.002217149629524471e+02
2.550000000000000000e+02 1.742708893966413655e+02 9.975930683279716504e+01
2.550000000000000000e+02 1.716993138683377254e+02 9.926240235968036529e+01
2.550000000000000000e+02 1.713226982740731330e+02 9.923463194912216068e+01
2.550000000000000000e+02 1.725021744703092281e+02 9.961224738913752219e+01
2.550000000000000000e+02 1.769907339489246283e+02 1.014066819880173824e+02
2.550000000000000000e+02 1.775471331281855498e+02 1.016158250835886605e+02
2.550000000000000000e+02 1.785767179092237598e+02 1.020853641890984562e+02
2.550000000000000000e+02 1.790092283210470328e+02 1.022270837240425720e+02
2.549999966708798524e+02 1.786773905024641067e+02 1.019069832733906793e+02
2.550000000000000000e+02 1.785953299102580161e+02 1.019236055702838257e+02
2.550000000000000000e+02 1.780854352103282565e+02 1.015849286292125839e+02
2.550000000000000000e+02 1.783488895719750360e+02 1.015855356387860269e+02
2.550000000000000000e+02 1.788030314968057155e+02 1.016446419475796716e+02
2.550000000000000000e+02 1.792519811039140336e+02 1.018522902682050102e+02
2.550000000000000000e+02 1.796623029299586278e+02 1.018895508905951317e+02
2.550000000000000000e+02 1.797574480740485114e+02 1.018992497272895719e+02
2.550000000000000000e+02 1.762698529305689874e+02 1.003132524505098502e+02
2.550000000000000000e+02 1.765245350606288355e+02 1.004204612163051422e+02
2.550000000000000000e+02 1.770948865824251186e+02 1.004907755629264727e+02
2.550000000000000000e+02 1.780047395573823792e+02 1.008636736396937721e+02
2.550000000000000000e+02 1.784395259776793523e+02 1.009554907733435130e+02
2.550000000000000000e+02 1.770790832490880859e+02 1.006036815629997108e+02
2.550000000000000000e+02 1.740098442082741883e+02 9.955229992265344663e+01
2.550000000000000000e+02 1.732216073214010237e+02 9.937884610476297098e+01
2.550000000000000000e+02 1.731088622288015415e+02 9.913652721722175443e+01
2.549999966708798524e+02 1.745826870216470468e+02 9.983102939724059866e+01
2.550000000000000000e+02 1.756460645915890950e+02 1.002674748290774289e+02
2.550000000000000000e+02 1.796499552233340182e+02 1.020591873173838877e+02
2.550000000000000000e+02 1.797718920166589101e+02 1.019426414792834379e+02
2.550000000000000000e+02 1.795835004366695955e+02 1.018508054806195275e+02
2.550000000000000000e+02 1.792105169124851898e+02 1.017527384787474460e+02
2.550000000000000000e+02 1.757420553321962586e+02 1.001747932338962102e+02
2.550000000000000000e+02 1.760038062940345469e+02 1.002319065094286259e+02
2.550000000000000000e+02 1.764286330965589116e+02 1.003508093645930330e+02
2.550000000000000000e+02 1.767392622003930569e+02 1.003426508008198539e+02
2.550000000000000000e+02 1.770291519954191415e+02 1.003814960843998563e+02
2.550000000000000000e+02 1.771219035021234163e+02 1.003458290008533709e+02
2.550000000000000000e+02 1.774568873392450996e+02 1.004099833654963305e+02
2.550000000000000000e+02 1.776636623206852619e+02 1.004655008827716927e+02
2.550000000000000000e+02 1.777303701204808704e+02 1.001851556752066017e+02
2.550000000000000000e+02 1.780688106940216642e+02 1.002797037970834708e+02
2.550000000000000000e+02 1.783564622106023592e+02 1.003059095211726515e+02
2.550000000000000000e+02 1.784542395790216744e+02 1.002968631920269758e+02
2.550000000000000000e+02 1.767714803154674144e+02 1.000016534630062637e+02
2.550000000000000000e+02 1.738269367988734189e+02 9.915424146552307150e+01
2.550000000000000000e+02 1.733988086188701061e+02 9.908942127685074297e+01
2.549999922320529890e+02 1.737991253291667419e+02 9.904883930226080224e+01
2.550000000000000000e+02 1.746461256254584384e+02 9.951496605962010733e+01
2.550000000000000000e+02 1.751808644393373413e+02 9.983290813071013758e+01
2.550000000000000000e+02 1.792075273625933391e+02 1.016183241431122184e+02
2.550000000000000000e+02 1.797445366364123629e+02 1.016988489012238972e+02
2.550000000000000000e+02 1.799772155017150510e+02 1.016515099224425995e+02
2.550000000000000000e+02 1.798174587938153763e+02 1.016668394110120630e+02
2.550000000000000000e+02 1.797046493382264032e+02 1.015781749541413745e+02
2.550000000000000000e+02 1.765914315105660819e+02 1.001498758793038633e+02
2.550000000000000000e+02 1.767900357214591622e+02 1.000496138775482962e+02
2.550000000000000000e+02 1.773234184737315786e+02 1.001146548978570507e+02
2.550000000000000000e+02 1.779283329208923305e+02 1.002501645140205966e+02
2.550000000000000000e+02 1.786836725521811786e+02 1.007324241876114570e+02
2.550000000000000000e+02 1.786926589571642126e+02 1.004089080596889119e+02
2.550000000000000000e+02 1.792286983473137809e+02 1.005604928873348030e+02
2.550000000000000000e+02 1.794861159044276064e+02 1.004427740892359537e+02
2.550000000000000000e+02 1.798855503978853392e+02 1.005112685168436855e+02
2.550000000000000000e+02 1.804238025432258610e+02 1.007853028223170924e+02
2.550000000000000000e+02 1.805870969961349033e+02 1.006430040204674299e+02
2.550000000000000000e+02 1.775765558920433023e+02 9.958929310572509053e+01
2.550000000000000000e+02 1.752692170686209465e+02 9.911306468813357640e+01
2.550000000000000000e+02 1.725670900937591341e+02 9.823838164811421336e+01
2.550000000000000000e+02 1.720481646005777066e+02 9.804320754067907728e+01
2.550000000000000000e+02 1.720947467593789497e+02 9.792053057297486873e+01
2.550000000000000000e+02 1.725493836134048138e+02 9.822761749297278300e+01
2.550000000000000000e+02 1.753676602610696023e+02 9.945114349728510206e+01
2.550000000000000000e+02 1.760878998689436230e+02 9.980910825078039750e+01
2.550000000000000000e+02 1.772210313836156104e+02 1.003950522616377725e+02
2.550000000000000000e+02 1.773479463212667611e+02 1.004559341011763962e+02
2.550000000000000000e+02 1.769974099445257707e+02 1.002155105927054564e+02
2.549999922320529890e+02 1.764117444700540034e+02 1.001136206511980902e+02
2.549999955611731366e+02 1.760700568946633098e+02 9.975539400691791059e+01
2.550000000000000000e+02 1.762419027475228575e+02 9.975473817024898437e+01
2.550000000000000000e+02 1.766290083993701217e+02 9.981358591737789254e+01
2.549999889029328415e+02 1.773985489474986537e+02 1.002383838675276451e+02
2.550000000000000000e+02 1.779639189958485872e+02 1.003633989872816556e+02
2.550000000000000000e+02 1.788589596055658433e+02 1.006142648359465142e+02
2.550000000000000000e+02 1.793600410147602133e+02 1.006845991572887158e+02
2.550000000000000000e+02 1.796049022403868776e+02 1.005693272624977936e+02
2.550000000000000000e+02 1.802388244210937387e+02 1.007076022677966449e+02
2.550000000000000000e+02 1.802810354451422086e+02 1.004915013111184834e+02
2.550000000000000000e+02 1.803016948550667564e+02 1.004820443904880420e+02
2.550000000000000000e+02 1.766068331300720615e+02 9.940035665973839230e+01
2.550000000000000000e+02 1.731962993500447681e+02 9.835384663187366527e+01
2.550000000000000000e+02 1.717161148280121097e+02 9.788692199538583338e+01
2.550000000000000000e+02 1.716279808109514704e+02 9.779030316077763985e+01
2.550000000000000000e+02 1.725232888599871899e+02 9.815372212278016661e+01
2.550000000000000000e+02 1.760981480104623245e+02 9.957844905170013305e+01
2.550000000000000000e+02 1.766656498054129258e+02 9.978878175287053409e+01
2.550000000000000000e+02 1.780303715630995782e+02 1.004300956900100914e+02
2.550000000000000000e+02 1.782177377740836732e+02 1.005286054648616982e+02
2.550000000000000000e+02 1.778312524482904280e+02 1.003417652548607890e+02
2.550000000000000000e+02 1.775059596799162023e+02 1.000285017072837803e+02
2.550000000000000000e+02 1.778024533396068705e+02 1.001091540816677536e+02
2.550000000000000000e+02 1.782429503106623940e+02 1.002737446720206265e+02
2.550000000000000000e+02 1.787573692848717144e+02 1.004316903385604149e+02
2.550000000000000000e+02 1.789911301142221021e+02 1.003015594708474509e+02
2.550000000000000000e+02 1.789485484481306514e+02 1.002616133582055653e+02
2.550000000000000000e+02 1.788627237307451878e+02 1.001865128465197898e+02
2.550000000000000000e+02 1.790606709952626545e+02 1.002070845896138138e+02
2.550000000000000000e+02 1.793036124282713217e+02 1.003165371823880605e+02
2.550000000000000000e+02 1.781256321166878820e+02 9.994445252064332408e+01
2.550000000000000000e+02 1.780335120331047847e+02 9.971005250022471955e+01
2.550000000000000000e+02 1.779683700294849018e+02 9.967060464589813762e+01
2.550000000000000000e+02 1.759539160995140605e+02 9.920950818908070801e+01
2.550000000000000000e+02 1.720922144086539447e+02 9.791675091190148805e+01
2.550000000000000000e+02 1.711694155951523442e+02 9.783168079508266146e+01
2.550000000000000000e+02 1.713895325804343202e+02 9.790144472717305746e+01
2.550000000000000000e+02 1.726521002864153047e+02 9.838531569491499340e+01
2.550000000000000000e+02 1.760813193081200438e+02 9.982823515573069528e+01
2.550000000000000000e+02 1.778601780635395926e+02 1.008991254401374249e+02
2.550000000000000000e+02 1.785891410759050473e+02 1.010047584223965487e+02
2.550000000000000000e+02 1.786293113493034923e+02 1.009525689155613009e+02
2.550000000000000000e+02 1.781995929595767052e+02 1.007773595416467316e+02
2.550000000000000000e+02 1.768670615742965424e+02 1.001729577789885894e+02
2.550000000000000000e+02 1.764595983527513567e+02 1.000507957152004366e+02
2.550000000000000000e+02 1.764778863194246412e+02 9.981782388732482048e+01
2.549999789155723988e+02 1.769353629129357444e+02 9.995160014159857553e+01
2.550000000000000000e+02 1.773917608715192671e+02 1.002027212228080231e+02
2.550000000000000000e+02 1.778183243650535701e+02 1.003871211877412861e+02
2.550000000000000000e+02 1.782364196866410282e+02 1.004942445061194718e+02
2.550000000000000000e+02 1.782587003780770658e+02 1.004613638961358930e+02
2.550000000000000000e+02 1.782909040669641456e+02 1.004859361319396953e+02
2.550000000000000000e+02 1.780451018100426097e+02 1.002587636313598694e+02
2.550000000000000000e+02 1.782471339049802452e+02 1.003021054465515363e+02
2.550000000000000000e+02 1.783373674871468211e+02 1.003238490399372296e+02
2.550000000000000000e+02 1.767547326217154193e+02 9.996228550756320885e+01
2.550000000000000000e+02 1.735486600846262206e+02 9.934568473898033858e+01
2.550000000000000000e+02 1.719956022322860179e+02 9.895717419843109042e+01
2.550000000000000000e+02 1.720132987252798955e+02 9.896994137419422088e+01
2.550000000000000000e+02 1.727241524337532894e+02 9.905425356132627712e+01
2.550000000000000000e+02 1.742797504047655366e+02 9.993428205859473223e+01
2.550000000000000000e+02 1.782112970363062630e+02 1.017618769135505232e+02
2.550000000000000000e+02 1.787404862069003855e+02 1.019733836844260395e+02
2.550000000000000000e+02 1.789528851819752617e+02 1.018668196582325294e+02
2.550000000000000000e+02 1.787311535734220911e+02 1.018561076593067156e+02
2.550000000000000000e+02 1.782063444152344971e+02 1.016165463929538078e+02
2.550000000000000000e+02 1.780733416265415201e+02 1.014036236363091632e+02
2.550000000000000000e+02 1.782165803499792958e+02 1.013742907586953805e+02
2.550000000000000000e+02 1.786245140871718888e+02 1.014494467557169344e+02
2.550000000000000000e+02 1.795011280168764074e+02 1.016112009357047015e+02
2.550000000000000000e+02 1.803913081111792849e+02 1.019282341569946482e+02
2.550000000000000000e+02 1.763839840468562556e+02 1.004249411023160690e+02
2.550000000000000000e+02 1.767281218546750381e+02 1.003485899511618129e+02
2.550000000000000000e+02 1.771236745940415460e+02 1.004515407722892917e+02
2.550000000000000000e+02 1.776026040377788604e+02 1.005659404376017392e+02
2.550000000000000000e+02 1.781625154387946850e+02 1.007808872992956708e+02
2.550000000000000000e+02 1.785192317722349173e+02 1.008064072246345972e+02
2.550000000000000000e+02 1.791052334878415024e+02 1.010282864241809477e+02
2.550000000000000000e+02 1.796659161350246734e+02 1.011323735849852312e+02
2.550000000000000000e+02 1.795640039993830044e+02 1.009040847194495001e+02
2.550000000000000000e+02 1.797632895701995039e+02 1.008973332637917082e+02
2.549999977805865683e+02 1.790245245184150349e+02 1.007831044933134592e+02
2.550000000000000000e+02 1.731554621429102383e+02 9.891209236310935182e+01
2.549999988902932841e+02 1.702689196672211551e+02 9.814935764626767423e+01
2.550000000000000000e+02 1.698763165283047272e+02 9.802439468272929446e+01
2.550000000000000000e+02 1.705455995135045839e+02 9.818718865790960137e+01
2.550000000000000000e+02 1.738492197097229166e+02 9.949916272628307468e+01
2.550000000000000000e+02 1.749081551236823486e+02 1.001946481064519503e+02
2.550000000000000000e+02 1.794445751432353973e+02 1.022076793924133824e+02
2.550000000000000000e+02 1.797873779738752944e+02 1.022596447384920708e+02
2.550000000000000000e+02 1.797814621273743683e+02 1.022637273494988079e+02
2.550000000000000000e+02 1.791428370096067226e+02 1.019790254333682213e+02
2.550000000000000000e+02 1.783429959196083985e+02 1.015945320311294893e+02
2.550000000000000000e+02 1.749125395749157406e+02 1.000305424579337910e+02
2.550000000000000000e+02 1.757379616241223630e+02 1.003375716731824951e+02
2.550000000000000000e+02 1.762755279707126306e+02 1.003422968043775683e+02
2.550000000000000000e+02 1.766708110513472434e+02 1.004287851263789548e+02
2.550000000000000000e+02 1.803498317129765667e+02 1.021350213452086706e+02
2.550000000000000000e+02 1.802496440615709616e+02 1.019758150518399447e+02
2.550000000000000000e+02 1.774975148118103903e+02 1.008166387205525467e+02
2.550000000000000000e+02 1.774704057864547053e+02 1.005539955545148985e+02
2.550000000000000000e+02 1.770943439358412093e+02 1.001902980561267498e+02
2.550000000000000000e+02 1.770471913877881320e+02 1.001147203705532718e+02
2.550000000000000000e+02 1.752100042279825800e+02 9.967360196373699921e+01
2.550000000000000000e+02 1.718905374198652964e+02 9.889693487908080272e+01
2.550000000000000000e+02 1.709673335634125237e+02 9.876145189587843731e+01
2.550000000000000000e+02 1.712224873188264951e+02 9.886658329070209561e+01
2.550000000000000000e+02 1.722683048897006870e+02 9.927431395156574467e+01
2.550000000000000000e+02 1.764844025172587010e+02 1.011084549664369234e+02
2.550000000000000000e+02 1.773752362288170730e+02 1.015836125170478681e+02
2.550000000000000000e+02 1.782024870746910210e+02 1.019451849270756298e+02
2.550000000000000000e+02 1.786348532246412617e+02 1.020335941514017293e+02
2.550000000000000000e+02 1.783122193135576197e+02 1.019193098955877019e+02
2.550000000000000000e+02 1.774862879089685350e+02 1.014095228372093516e+02
2.550000000000000000e+02 1.774257500785117543e+02 1.013279649421454423e+02
2.550000000000000000e+02 1.772347307130198431e+02 1.009958341609895882e+02
2.550000000000000000e+02 1.774502524027924721e+02 1.011379332156304400e+02
2.550000000000000000e+02 1.777552708294724653e+02 1.011791233095005254e+02
2.550000000000000000e+02 1.779051744514442248e+02 1.011957644714078555e+02
2.550000000000000000e+02 1.780568247517863369e+02 1.012219535498962983e+02
2.550000000000000000e+02 1.782133056054615281e+02 1.011640790155569789e+02
2.550000000000000000e+02 1.781237822355929552e+02 1.010987661171029117e+02
2.550000000000000000e+02 1.781153884139960724e+02 1.010351555087505915e+02
2.550000000000000000e+02 1.781989293549607680e+02 1.011481391882939249e+02
2.550000000000000000e+02 1.778029571464557534e+02 1.010407839412121831e+02
2.550000000000000000e+02 1.753064821298379172e+02 1.003864287307507510e+02
2.550000000000000000e+02 1.728775938007344166e+02 9.990609661772489858e+01
2.550000000000000000e+02 1.723159079786803147e+02 9.985448748750192749e+01
2.550000000000000000e+02 1.728117748760180064e+02 9.982071245390555703e+01
2.550000000000000000e+02 1.738179725880247020e+02 1.002843612361688912e+02
2.550000000000000000e+02 1.755188234001635692e+02 1.013686767524211092e+02
2.550000000000000000e+02 1.783910595368749910e+02 1.023462451408717158e+02
2.550000000000000000e+02 1.789023114081179529e+02 1.025525962143465080e+02
2.550000000000000000e+02 1.794898278733913344e+02 1.027335560884613841e+02
2.550000000000000000e+02 1.795055490884314224e+02 1.026950792275109592e+02
2.550000000000000000e+02 1.798136835715688733e+02 1.027696171178919116e+02
2.550000000000000000e+02 1.805129086633693589e+02 1.029887109535820713e+02
2.550000000000000000e+02 1.789176919431963313e+02 1.022258475107613833e+02
2.549999977805865683e+02 1.790628904086938746e+02 1.021941409704829056e+02
2.550000000000000000e+02 1.794950257396472750e+02 1.022404556899656995e+02
2.550000000000000000e+02 1.794865597871138618e+02 1.018764696678314863e+02
2.550000000000000000e+02 1.795052483579114835e+02 1.017957629178184504e+02
2.550000000000000000e+02 1.800057971078823584e+02 1.019487271109118609e+02
2.550000000000000000e+02 1.805693816381268562e+02 1.020698970968962556e+02
2.550000000000000000e+02 1.780761758174932083e+02 1.009788423317601342e+02
2.550000000000000000e+02 1.779849401701624174e+02 1.007870495006874592e+02
2.550000000000000000e+02 1.759280654815738671e+02 1.001289434815272728e+02
2.550000000000000000e+02 1.723255801824136029e+02 9.899321303372731506e+01
2.550000000000000000e+02 1.712257642827577229e+02 9.885987955243308534e+01
2.550000000000000000e+02 1.711456301414099244e+02 9.867503459510686525e+01
2.550000000000000000e+02 1.728390436991407455e+02 9.951626996501094879e+01
2.550000000000000000e+02 1.776804721580133446e+02 1.013317557002859672e+02
2.550000000000000000e+02 1.799727245186369657e+02 1.025693405789783839e+02
2.550000000000000000e+02 1.814329443071490573e+02 1.028429287823521179e+02
2.550000000000000000e+02 1.820585592233828436e+02 1.029779523469742202e+02
2.550000000000000000e+02 1.818262609874836073e+02 1.026395938917303567e+02
2.550000000000000000e+02 1.809122332958622508e+02 1.021245634691207442e+02
2.550000000000000000e+02 1.767186738116982951e+02 1.001310230719123240e+02
2.550000000000000000e+02 1.765209118682023473e+02 9.984006906814597926e+01
2.550000000000000000e+02 1.760053421281289445e+02 9.933409718145591683e+01
2.550000000000000000e+02 1.758487614008493836e+02 9.916556824196932496e+01
2.550000000000000000e+02 1.765107857944223895e+02 9.952948657199388549e+01
2.550000000000000000e+02 1.769899937745453258e+02 9.970058115340697213e+01
2.550000000000000000e+02 1.779855571670963172e+02 1.001862442974946106e+02
2.550000000000000000e+02 1.785014054435553135e+02 1.003185413127164622e+02
2.550000000000000000e+02 1.786074712114335341e+02 1.002204609943638047e+02
2.549999955611731366e+02 1.781634731156902660e+02 9.978363826224367017e+01
2.550000000000000000e+02 1.772521919481900170e+02 9.978208689225525063e+01
2.550000000000000000e+02 1.759473133445561643e+02 9.966366010127183017e+01
2.550000000000000000e+02 1.752927994460343939e+02 9.936210395954452679e+01
2.550000000000000000e+02 1.756773572112626312e+02 9.942055221225582784e+01
2.550000000000000000e+02 1.772967788543165852e+02 1.001920691480448653e+02
2.550000000000000000e+02 1.776163200127838309e+02 1.000377389059845399e+02
2.550000000000000000e+02 1.791520841956679249e+02 1.005240101693523371e+02
2.550000000000000000e+02 1.801810320050513781e+02 1.008398537850431467e+02
2.550000000000000000e+02 1.803567019072529263e+02 1.006380802517702620e+02
2.550000000000000000e+02 1.802821240674302317e+02 1.005171910215849067e+02
2.550000000000000000e+02 1.798033344467390577e+02 1.000217302769051173e+02
2.550000000000000000e+02 1.802461495951235122e+02 1.001174358228863639e+02
2.550000000000000000e+02 1.794244295275201750e+02 9.959976318858689126e+01
2.550000000000000000e+02 1.810075948327616402e+02 1.003120595157905655e+02
2.550000000000000000e+02 1.829030316077763700e+02 1.010358379783806981e+02
2.550000000000000000e+02 1.840807012014794566e+02 1.010856815652191329e+02
2.550000000000000000e+02 1.859383757666686279e+02 1.016506332541372615e+02
2.550000000000000000e+02 1.846124471363463329e+02 1.006059043055510926e+02
2.550000000000000000e+02 1.853226583246313908e+02 1.004882698451626197e+02
2.550000000000000000e+02 1.846966772051814303e+02 9.985002535679845437e+01
2.550000000000000000e+02 1.843327189257151133e+02 9.956940161284774149e+01
2.550000000000000000e+02 1.806577953012798332e+02 9.857082758597729821e+01
2.550000000000000000e+02 1.724664996188157318e+02 9.570218689902445419e+01
2.550000000000000000e+02 1.680024014053325914e+02 9.433019434293710503e+01
2.550000000000000000e+02 1.636415070261080587e+02 9.263221101295138737e+01
2.550000000000000000e+02 1.652067405805319709e+02 9.307351030196230113e+01
2.550000000000000000e+02 1.659592859703109013e+02 9.351379975786198884e+01
2.550000000000000000e+02 1.696144989840634878e+02 9.520941941254345409e+01
2.550000000000000000e+02 1.733390298278067974e+02 9.679499389106453577e+01
2.550000000000000000e+02 1.776871414953741919e+02 9.864567619423861800e+01
2.550000000000000000e+02 1.797294679289210535e+02 9.936959004104805615e+01
2.550000000000000000e+02 1.821385058242956916e+02 1.002352644819500682e+02
2.550000000000000000e+02 1.833092852490015332e+02 1.002710602914755640e+02
2.550000000000000000e+02 1.850056850275040858e+02 1.007168483441511313e+02
2.550000000000000000e+02 1.856888360175289279e+02 1.005793468044330581e+02
2.550000000000000000e+02 1.837832465357730598e+02 9.933633767931473812e+01
2.550000000000000000e+02 1.836874566520814085e+02 9.905291525502724426e+01
2.550000000000000000e+02 1.823257666131418091e+02 9.846614340296002865e+01
2.550000000000000000e+02 1.816828413818512047e+02 9.796545261052956732e+01
2.550000000000000000e+02 1.786865023043060035e+02 9.680293939114831403e+01
2.550000000000000000e+02 1.775423724863755695e+02 9.641969551867137511e+01
2.550000000000000000e+02 1.730214905802545502e+02 9.476286011370055462e+01
2.550000000000000000e+02 1.684204734230790166e+02 9.340511619184165681e+01
2.550000000000000000e+02 1.660004449923929712e+02 9.312025558765074607e+01
2.549999988902932841e+02 1.656119322324302914e+02 9.346015875464273392e+01
2.550000000000000000e+02 1.688440518055483039e+02 9.499730230297434730e+01
2.550000000000000000e+02 1.704589480646160098e+02 9.587629655358385605e+01
2.549999977805865683e+02 1.761369311504662392e+02 9.836155132560016057e+01
2.550000000000000000e+02 1.810796214568451603e+02 1.002890719411766725e+02
2.550000000000000000e+02 1.810770502663851005e+02 9.997468648011016512e+01
2.550000000000000000e+02 1.780435493303474743e+02 9.863154629862873435e+01
2.549999900126395573e+02 1.735095440326076357e+02 9.733498938565526259e+01
2.550000000000000000e+02 1.677384399077167814e+02 9.528528673156971252e+01
2.550000000000000000e+02 1.672790179983332166e+02 9.478548259480501770e+01
2.550000000000000000e+02 1.687745985913383038e+02 9.550743115102109471e+01
2.550000000000000000e+02 1.760457532078847009e+02 9.855081069624108636e+01
2.550000000000000000e+02 1.824452775875863892e+02 1.010684289549115107e+02
2.550000000000000000e+02 1.843112327842874265e+02 1.016756038746519692e+02
2.550000000000000000e+02 1.859174378203584581e+02 1.019934205488831367e+02
2.550000000000000000e+02 1.871202522585305985e+02 1.021011619739019238e+02
2.550000000000000000e+02 1.845307616250101148e+02 1.006550465577452513e+02
2.550000000000000000e+02 1.810784806783415206e+02 9.921735159614665633e+01
2.550000000000000000e+02 1.741628649964100930e+02 9.678883390908616491e+01
2.550000000000000000e+02 1.721172038941828077e+02 9.631772234916033426e+01
2.550000000000000000e+02 1.689023935264148975e+02 9.528184331163116383e+01
2.550000000000000000e+02 1.718163224541386001e+02 9.638194884473982427e+01
2.550000000000000000e+02 1.724309823456758579e+02 9.702249042600530515e+01
2.550000000000000000e+02 1.739461991990137051e+02 9.778773529943771337e+01
2.550000000000000000e+02 1.741106011392249115e+02 9.779254476834317700e+01
2.550000000000000000e+02 1.742718570608973891e+02 9.810229054563168916e+01
2.550000000000000000e+02 1.728006700409148948e+02 9.770211809720808560e+01
2.550000000000000000e+02 1.737087885442756203e+02 9.816416446297408527e+01
2.550000000000000000e+02 1.716618368531380838e+02 9.768733458434270744e+01
2.550000000000000000e+02 1.702035113339895531e+02 9.746637755107703072e+01
2.550000000000000000e+02 1.688893034259975536e+02 9.701054554291846443e+01
2.550000000000000000e+02 1.691758663202901971e+02 9.734317902121648558e+01
2.550000000000000000e+02 1.731801275940781579e+02 9.911308022402759832e+01
2.550000000000000000e+02 1.734735118555516920e+02 9.949257328780576870e+01
2.550000000000000000e+02 1.770982334578794166e+02 1.010024136121064515e+02
2.550000000000000000e+02 1.777540401647248700e+02 1.010485363523274458e+02
2.550000000000000000e+02 1.789131210612347331e+02 1.013336766026106943e+02
2.550000000000000000e+02 1.795724322218880786e+02 1.015948227742889856e+02
2.550000000000000000e+02 1.786842873297016467e+02 1.014979320615354510e+02
2.550000000000000000e+02 1.775698377275869859e+02 1.012481326410242986e+02
2.550000000000000000e+02 1.777126869439675829e+02 1.010896021590453842e+02
2.550000000000000000e+02 1.783165826803634104e+02 1.011938546661502869e+02
2.550000000000000000e+02 1.829083115923292553e+02 1.026663111906154313e+02
2.550000000000000000e+02 1.841082108309594787e+02 1.029385311256088187e+02
2.550000000000000000e+02 1.858492485620975287e+02 1.034853712912214405e+02
2.550000000000000000e+02 1.852135219982710908e+02 1.029330591617941337e+02
2.550000000000000000e+02 1.856044450412200604e+02 1.026636911730598740e+02
2.550000000000000000e+02 1.837867443313406568e+02 1.016083267953112710e+02
2.550000000000000000e+02 1.843647273062202316e+02 1.014758500076014940e+02
2.550000000000000000e+02 1.840372639515102549e+02 1.009881805137720221e+02
2.549999811349858305e+02 1.844028335251276474e+02 1.006020780367956604e+02
2.550000000000000000e+02 1.853757367065458368e+02 1.008086910010553368e+02
2.550000000000000000e+02 1.848996236984527286e+02 1.001814115247481283e+02
2.550000000000000000e+02 1.860903378945978375e+02 1.003572256888226946e+02
2.550000000000000000e+02 1.852751440121890312e+02 9.987973331528210963e+01
2.550000000000000000e+02 1.856904484213867192e+02 9.961096234876085020e+01
2.550000000000000000e+02 1.841972903181418246e+02 9.874880789756075217e+01
2.550000000000000000e+02 1.818480656147386867e+02 9.761356572071566973e+01
2.550000000000000000e+02 1.761336774903760727e+02 9.561213530875924960e+01
2.550000000000000000e+02 1.727421429990267825e+02 9.438397294978909713e+01
2.550000000000000000e+02 1.700535466781484217e+02 9.344183416764782635e+01
2.550000000000000000e+02 1.708304323750276126e+02 9.344265535061738603e+01
2.550000000000000000e+02 1.746152313904958078e+02 9.521961095901964711e+01
2.550000000000000000e+02 1.771253402638216699e+02 9.648676064402938835e+01
2.550000000000000000e+02 1.770442207029104225e+02 9.637436843816547594e+01
2.549999966708798524e+02 1.765319401335420935e+02 9.617698046583268479e+01
2.550000000000000000e+02 1.753537978047781678e+02 9.582032516626181007e+01
2.549999966708798524e+02 1.738134649593459073e+02 9.521209935426166737e+01
2.550000000000000000e+02 1.728340955168958430e+02 9.492330483976390099e+01
2.550000000000000000e+02 1.721341591030906386e+02 9.492969564073911215e+01
2.550000000000000000e+02 1.708240870720277371e+02 9.455508195738947563e+01
2.550000000000000000e+02 1.730191513184980465e+02 9.558838092680485943e+01
2.550000000000000000e+02 1.745096727585866461e+02 9.619041346562516992e+01
2.550000000000000000e+02 1.762219624275500109e+02 9.686251621558938041e+01
2.550000000000000000e+02 1.801622713033172545e+02 9.833635765403560924e+01
2.550000000000000000e+02 1.817154279195551396e+02 9.904920217635681468e+01
2.550000000000000000e+02 1.819088409224326028e+02 9.920479193553936170e+01
2.550000000000000000e+02 1.798213427673200329e+02 9.869871684612473928e+01
2.550000000000000000e+02 1.752018534321564118e+02 9.717864058707924357e+01
2.550000000000000000e+02 1.743104226983850538e+02 9.667612210768815828e+01
2.550000000000000000e+02 1.734121617197790783e+02 9.618007543786252711e+01
2.550000000000000000e+02 1.735275723279094677e+02 9.624452498449184645e+01
2.550000000000000000e+02 1.740164114526171772e+02 9.649519108594789429e+01
2.550000000000000000e+02 1.767967538859154786e+02 9.771784818990188626e+01
2.550000000000000000e+02 1.778274295086551717e+02 9.811843233951698551e+01
2.549999988902932841e+02 1.787517142194489281e+02 9.838336483050893833e+01
2.550000000000000000e+02 1.793230766840631816e+02 9.861938724214577690e+01
2.550000000000000000e+02 1.800227345614827357e+02 9.888300140155958218e+01
2.550000000000000000e+02 1.809163536368972984e+02 9.906015831076004474e+01
2.550000000000000000e+02 1.813521498903054976e+02 9.901405776467336750e+01
2.550000000000000000e+02 1.825652157991164586e+02 9.931441875226796867e+01
2.550000000000000000e+02 1.815705290748707910e+02 9.864107424048897599e+01
2.549999855738126939e+02 1.819295757924138286e+02 9.845876496300792269e+01
2.550000000000000000e+02 1.827360950974266984e+02 9.864026526429330488e+01
2.550000000000000000e+02 1.835008317251833603e+02 9.865041353220757969e+01
2.549999977805865683e+02 1.824316781317865548e+02 9.791009156190111185e+01
2.550000000000000000e+02 1.814847165642592302e+02 9.738676053305871960e+01
2.550000000000000000e+02 1.774499183810710576e+02 9.609540370575460599e+01
2.550000000000000000e+02 1.712618963334180364e+02 9.432548807675618718e+01
2.550000000000000000e+02 1.688637024920683700e+02 9.356267457073769833e+01
2.550000000000000000e+02 1.685628854150136533e+02 9.350302117653325240e+01
2.550000000000000000e+02 1.690795482162019425e+02 9.378780188184065025e+01
2.550000000000000000e+02 1.715756770043245183e+02 9.508629856215300435e+01
2.550000000000000000e+02 1.742624167858676572e+02 9.639602991325422465e+01
2.549999988902932841e+02 1.745417887806431736e+02 9.652218359209844323e+01
2.550000000000000000e+02 1.745380801407995932e+02 9.658528928389516466e+01
2.550000000000000000e+02 1.761519321658478816e+02 9.736146476847633835e+01
2.550000000000000000e+02 1.757025886128555214e+02 9.712214097936056589e+01
2.550000000000000000e+02 1.760584526915381502e+02 9.714187156476414486e+01
2.550000000000000000e+02 1.776131706651249260e+02 9.787312390208391832e+01
2.550000000000000000e+02 1.783062846020425241e+02 9.802160044121939109e+01
2.550000000000000000e+02 1.788072639182190642e+02 9.825474760275606911e+01
2.550000000000000000e+02 1.788080484808670008e+02 9.832763313983747366e+01
2.550000000000000000e+02 1.782342291255843918e+02 9.792183780748585775e+01
2.550000000000000000e+02 1.780370031704320866e+02 9.782340127327748291e+01
2.550000000000000000e+02 1.775707865268288117e+02 9.753968255729692771e+01
2.550000000000000000e+02 1.773685968535375821e+02 9.748220862708194545e+01
2.550000000000000000e+02 1.749731817178038114e+02 9.696800715538890358e+01
2.550000000000000000e+02 1.719591039784095585e+02 9.627238750070743833e+01
2.550000000000000000e+02 1.717370272510678149e+02 9.631173881054975539e+01
2.549999977805865683e+02 1.726524920128859151e+02 9.669070143451787658e+01
2.550000000000000000e+02 1.749218522336731496e+02 9.784949824610853852e+01
2.550000000000000000e+02 1.782559449763022030e+02 9.918208400701779226e+01
2.550000000000000000e+02 1.789136958893134022e+02 9.946432126453299816e+01
2.550000000000000000e+02 1.794533684592499014e+02 9.958182366982229894e+01
2.550000000000000000e+02 1.795491084061393394e+02 9.948994661200991629e+01
2.550000000000000000e+02 1.788579553209882249e+02 9.919922897577399112e+01
2.550000000000000000e+02 1.786369927391889689e+02 9.915154931703099805e+01
2.550000000000000000e+02 1.787716057123262772e+02 9.917528150485108540e+01
2.550000000000000000e+02 1.790665857320568648e+02 9.941068470014060665e+01
2.550000000000000000e+02 1.801302729101725788e+02 9.970715616569697204e+01
2.550000000000000000e+02 1.810270868312213679e+02 9.990103080656813006e+01
2.550000000000000000e+02 1.823783822473558587e+02 1.001577847590660326e+02
2.550000000000000000e+02 1.821106188945323652e+02 9.964335912661643135e+01
2.550000000000000000e+02 1.837984151168687674e+02 1.001532049994506934e+02
2.550000000000000000e+02 1.852013585029612557e+02 1.003690817953722956e+02
2.550000000000000000e+02 1.851489603712634846e+02 1.001752704077839269e+02
2.550000000000000000e+02 1.799669351787016183e+02 9.809348391313659477e+01
2.550000000000000000e+02 1.770298688659574111e+02 9.736873445717031927e+01
2.550000000000000000e+02 1.738821791088833209e+02 9.629076424391797673e+01
2.550000000000000000e+02 1.739458285569706675e+02 9.604323417364024351e+01
2.550000000000000000e+02 1.749924284710793643e+02 9.634705966560098034e+01
2.549999988902932841e+02 1.759627194028890074e+02 9.687942925564202312e+01
2.550000000000000000e+02 1.784659136936699042e+02 9.795771240618816478e+01
2.550000000000000000e+02 1.785042740354151931e+02 9.801343299979248513e+01
2.550000000000000000e+02 1.771065851106211255e+02 9.736575156551874954e+01
2.550000000000000000e+02 1.753734373942310754e+02 9.687415370991600128e+01
2.550000000000000000e+02 1.748518963223209823e+02 9.667934136687014757e+01
2.550000000000000000e+02 1.748377253675625980e+02 9.671183690862342530e+01
2.550000000000000000e+02 1.755674318834275311e+02 9.697334928351786232e+01
2.550000000000000000e+02 1.773420371330061300e+02 9.780973079624786237e+01
2.550000000000000000e+02 1.778254719860088073e+02 9.781432609175720927e+01
2.550000000000000000e+02 1.812286672755257655e+02 9.913855576109790491e+01
2.550000000000000000e+02 1.818593136020081147e+02 9.919974166027660090e+01
2.550000000000000000e+02 1.811099219987149525e+02 9.855706167417012864e+01
2.550000000000000000e+02 1.814212158168717508e+02 9.826787765261518359e+01
2.550000000000000000e+02 1.808655590314035919e+02 9.814520845285800021e+01
2.550000000000000000e+02 1.766316328557525424e+02 9.697749625751410463e+01
2.550000000000000000e+02 1.709472889310084156e+02 9.526172099975697449e+01
2.550000000000000000e+02 1.701653296550254595e+02 9.489683722488983619e+01
2.550000000000000000e+02 1.701836020858047505e+02 9.473545701606522584e+01
2.550000000000000000e+02 1.736513090655270730e+02 9.634547278499765355e+01
2.550000000000000000e+02 1.748001018710764924e+02 9.700772799756752818e+01
2.550000000000000000e+02 1.775347044129706831e+02 9.815633992092230642e+01
2.550000000000000000e+02 1.776385651936049896e+02 9.829852109386010284e+01
2.550000000000000000e+02 1.772005384296984118e+02 9.814966947385475748e+01
2.550000000000000000e+02 1.762116055347732129e+02 9.792844056244375395e+01
2.550000000000000000e+02 1.758513581145639080e+02 9.772986853304540489e+01
2.550000000000000000e+02 1.762007992107765801e+02 9.788203151789014100e+01
2.549999844641059781e+02 1.771769627105252312e+02 9.805463419072972897e+01
2.549999988902932841e+02 1.789984530688384439e+02 9.881859957231903024e+01
2.550000000000000000e+02 1.802518912176700780e+02 9.914375362735383135e+01
2.550000000000000000e+02 1.808694030554664778e+02 9.931705208630411619e+01
2.550000000000000000e+02 1.809599318196193849e+02 9.896886717809350387e+01
2.550000000000000000e+02 1.813654519447055407e+02 9.899525156496389400e+01
2.550000000000000000e+02 1.812909107252044407e+02 9.875336768245520602e+01
2.550000000000000000e+02 1.781464224720048719e+02 9.762074774257911258e+01
2.550000000000000000e+02 1.737798486138098610e+02 9.635469666721782289e+01
2.550000000000000000e+02 1.697967982741841126e+02 9.545681298889516597e+01
2.550000000000000000e+02 1.687337613842037740e+02 9.506074534561260236e+01
2.550000000000000000e+02 1.689450107031212838e+02 9.492419926337667846e+01
2.550000000000000000e+02 1.707350774963684898e+02 9.588501884836855993e+01
2.550000000000000000e+02 1.754476545793712319e+02 9.798620856493836584e+01
2.550000000000000000e+02 1.786504002157269895e+02 9.925888458939186876e+01
2.550000000000000000e+02 1.795582368535819739e+02 9.958660761547331219e+01
2.550000000000000000e+02 1.804144787874012650e+02 9.984977567278744459e+01
2.550000000000000000e+02 1.804734175304808730e+02 9.986945965050897200e+01
2.550000000000000000e+02 1.800338094345045477e+02 9.957588340977362407e+01
2.550000000000000000e+02 1.803666082591032023e+02 9.959743502389753189e+01
2.550000000000000000e+02 1.782991602849282913e+02 9.868862739266639039e+01
2.550000000000000000e+02 1.782973248300206706e+02 9.857846236818070906e+01
2.550000000000000000e+02 1.785340851966233799e+02 9.862625965583555399e+01
2.550000000000000000e+02 1.783840461904323433e+02 9.839373282035290913e+01
2.550000000000000000e+02 1.782187964342903683e+02 9.829121589455122887e+01
2.550000000000000000e+02 1.780544788317895382e+02 9.825597715779696273e+01
2.550000000000000000e+02 1.778846426577919715e+02 9.783289370452283151e+01
2.550000000000000000e+02 1.779771533581389633e+02 9.786570773210348761e+01
2.550000000000000000e+02 1.765736184983670682e+02 9.754996620943050800e+01
2.550000000000000000e+02 1.731423964560406432e+02 9.680379164590590335e+01
2.550000000000000000e+02 1.713285497575845682e+02 9.640065849996504710e+01
2.550000000000000000e+02 1.713451165691419362e+02 9.639412343711680364e+01
2.550000000000000000e+02 1.727409511740142136e+02 9.699736555625713663e+01
2.550000000000000000e+02 1.741225360349513096e+02 9.755007496068863304e+01
2.550000000000000000e+02 1.781845253617921401e+02 9.923309167620089966e+01
2.550000000000000000e+02 1.788217611267518237e+02 9.953471551003785578e+01
2.550000000000000000e+02 1.793267586909455815e+02 9.978135448582294487e+01
2.550000000000000000e+02 1.788307564093885560e+02 9.949554730180361162e+01
2.550000000000000000e+02 1.779902323614891770e+02 9.925075487799330176e+01
2.550000000000000000e+02 1.769137846658506703e+02 9.868178716047135879e+01
2.550000000000000000e+02 1.766057655922116396e+02 9.853282678920787419e+01
2.550000000000000000e+02 1.768518807864269604e+02 9.852864319489002298e+01
2.550000000000000000e+02 1.771269504482660295e+02 9.850608285736163339e+01
2.550000000000000000e+02 1.771974656518028723e+02 9.850887487945810506e+01
2.550000000000000000e+02 1.777354847587331221e+02 9.884192227836105360e+01
2.550000000000000000e+02 1.779549381393991325e+02 9.889571198228020421e+01
2.550000000000000000e+02 1.782482946582047703e+02 9.899040991456368488e+01
2.550000000000000000e+02 1.783413435663088649e+02 9.889993219691967852e+01
2.550000000000000000e+02 1.785171743759841831e+02 9.893953984901330045e+01
2.549999933417597049e+02 1.758504204123892123e+02 9.830954270095956815e+01
2.550000000000000000e+02 1.722669321824934912e+02 9.752803618531658003e+01
2.550000000000000000e+02 1.715619188604643739e+02 9.730821771114112551e+01
2.550000000000000000e+02 1.720237188713394971e+02 9.743631226703094228e+01
2.550000000000000000e+02 1.730417848966696681e+02 9.780209268492430397e+01
2.550000000000000000e+02 1.767517009029683663e+02 9.946188767770566130e+01
2.550000000000000000e+02 1.772222431833490646e+02 9.960782964670266892e+01
2.550000000000000000e+02 1.774640438378540921e+02 9.967317250723806410e+01
2.550000000000000000e+02 1.775955929107496161e+02 9.980011851667723022e+01
2.550000000000000000e+02 1.775156318836494620e+02 9.981312982791777699e+01
2.550000000000000000e+02 1.774163819344185526e+02 9.974316947773873210e+01
2.550000000000000000e+02 1.776606294922314930e+02 9.979245266268577552e+01
2.550000000000000000e+02 1.776973064088892045e+02 9.960947201264177409e+01
2.550000000000000000e+02 1.779033889333388174e+02 9.961896444388712268e+01
2.550000000000000000e+02 1.786889436590803371e+02 1.000818830391315828e+02
2.550000000000000000e+02 1.787919466364234609e+02 9.988752900495927634e+01
2.550000000000000000e+02 1.788832311108497208e+02 9.992396844437983816e+01
2.550000000000000000e+02 1.793159246242810525e+02 1.000427814133002755e+02
2.550000000000000000e+02 1.796861549661039987e+02 1.001791588201154326e+02
2.550000000000000000e+02 1.798299185808182870e+02 1.001450974821864293e+02
2.550000000000000000e+02 1.788839912599499087e+02 1.000401347627835378e+02
2.550000000000000000e+02 1.727239116273960065e+02 9.809100482833392221e+01
2.550000000000000000e+02 1.695805020091240181e+02 9.738247928454988767e+01
2.550000000000000000e+02 1.694064711437414132e+02 9.733960576559221067e+01
2.550000000000000000e+02 1.705991706052007544e+02 9.763718471845075442e+01
2.550000000000000000e+02 1.749860021594892601e+02 9.943047410000011155e+01
2.550000000000000000e+02 1.763218682134498749e+02 1.001939678562352753e+02
2.550000000000000000e+02 1.809785371624133461e+02 1.021457388926680636e+02
2.550000000000000000e+02 1.812230099906895475e+02 1.021035445142203315e+02
2.550000000000000000e+02 1.808895242576339513e+02 1.018502772602228958e+02
2.550000000000000000e+02 1.804105559741615821e+02 1.016548501396565882e+02
2.550000000000000000e+02 1.766559531881319174e+02 9.993762671463558434e+01
2.550000000000000000e+02 1.765376717687282451e+02 9.965471253602385104e+01
2.550000000000000000e+02 1.768844240455690056e+02 9.968704051206306360e+01
2.550000000000000000e+02 1.774213966990664062e+02 9.979017443479862948e+01
2.550000000000000000e+02 1.782744182639970063e+02 1.001140922765522276e+02
2.550000000000000000e+02 1.790408871439367431e+02 1.002992202090909331e+02
2.550000000000000000e+02 1.797122341836276007e+02 1.004999783607190409e+02
2.550000000000000000e+02 1.805200041281089796e+02 1.006753253382663473e+02
2.550000000000000000e+02 1.808963245403872122e+02 1.006624249976973573e+02
2.550000000000000000e+02 1.808816653146739952e+02 1.006599259381737994e+02
2.550000000000000000e+02 1.783627786612276225e+02 9.998068555461476592e+01
2.550000000000000000e+02 1.717591081952950560e+02 9.791121680451072962e+01
2.550000000000000000e+02 1.701646360883282227e+02 9.747988490121946370e+01
2.550000000000000000e+02 1.704030898673789522e+02 9.709972379399847853e+01
2.550000000000000000e+02 1.729328350010375743e+02 9.829335318968550439e+01
2.550000000000000000e+02 1.770481590520441273e+02 9.999000265219905259e+01
2.550000000000000000e+02 1.782045932980372527e+02 1.004655641360544820e+02
2.550000000000000000e+02 1.825885351760383344e+02 1.023050894479098076e+02
2.550000000000000000e+02 1.791644252440522393e+02 1.008170082528888400e+02
