2.550000000000000000e+02 2.239838289201191515e+02 1.410510803238202868e+02
2.550000000000000000e+02 2.240787722737189540e+02 1.411273829695338691e+02
2.550000000000000000e+02 1.751081586320697170e+02 1.075463348726978694e+02
2.550000000000000000e+02 1.755683865466183704e+02 1.074844612777833106e+02
2.550000000000000000e+02 1.764435983476749072e+02 1.073378606155243205e+02
2.550000000000000000e+02 1.770322004053290925e+02 1.071069027763934542e+02
2.550000000000000000e+02 1.773154922090434980e+02 1.068337796383047049e+02
2.550000000000000000e+02 1.768115020432572635e+02 1.066545023644196419e+02
2.550000000000000000e+02 1.739337464146095726e+02 1.057803636887161218e+02
2.550000000000000000e+02 1.726110435562643204e+02 1.055197979999335587e+02
2.549999988925434877e+02 1.726791189076049022e+02 1.054428873605989168e+02
2.549999966776304916e+02 1.736144954981893136e+02 1.057057233352160068e+02
2.550000000000000000e+02 1.752698395295524847e+02 1.065480015947373715e+02
2.550000000000000000e+02 1.787705992447146741e+02 1.079886308515233111e+02
2.550000000000000000e+02 1.792342658117102587e+02 1.079540527370787544e+02
2.550000000000000000e+02 1.796223695139373433e+02 1.079307673566120656e+02
2.550000000000000000e+02 1.797833826151477865e+02 1.080216895356434890e+02
2.550000000000000000e+02 1.770809362437290417e+02 1.070775230627817081e+02
2.550000000000000000e+02 1.761592223440424334e+02 1.065548190969799691e+02
2.550000000000000000e+02 1.764298559199087322e+02 1.066080456715062468e+02
2.550000000000000000e+02 1.765110679203074255e+02 1.064391031817225439e+02
2.550000000000000000e+02 1.766788708373478585e+02 1.064370311306023495e+02
2.550000000000000000e+02 1.772654229930119527e+02 1.068494844789970841e+02
2.550000000000000000e+02 1.776054187846772265e+02 1.070634472906076553e+02
2.550000000000000000e+02 1.778238213894149169e+02 1.069261437257051739e+02
2.550000000000000000e+02 1.785665193749515538e+02 1.071129206950397048e+02
2.550000000000000000e+02 1.790467922522342974e+02 1.072260451620762609e+02
2.549999977850870039e+02 1.792126704098696450e+02 1.072207238335714408e+02
2.550000000000000000e+02 1.770460524712891868e+02 1.064949732549254122e+02
2.550000000000000000e+02 1.731416060334230451e+02 1.053426182486682876e+02
2.550000000000000000e+02 1.687160204657962197e+02 1.039517890959832584e+02
2.550000000000000000e+02 1.687535765307817428e+02 1.036865599078596176e+02
2.550000000000000000e+02 1.727085949699325624e+02 1.051603597018727072e+02
2.550000000000000000e+02 1.737149085794655434e+02 1.058218512242931695e+02
2.550000000000000000e+02 1.771365925778265193e+02 1.072259886817945187e+02
2.550000000000000000e+02 1.778983188810259435e+02 1.075474943796582323e+02
2.550000000000000000e+02 1.783450801244781019e+02 1.077135995658770469e+02
2.550000000000000000e+02 1.790109427777223914e+02 1.080225577815431279e+02
2.550000000000000000e+02 1.790933951294063036e+02 1.079909465430745144e+02
2.550000000000000000e+02 1.792677741231713071e+02 1.080526462673178543e+02
2.550000000000000000e+02 1.794041584991749403e+02 1.079839075495309970e+02
2.550000000000000000e+02 1.773360432794002008e+02 1.073113381396945698e+02
2.550000000000000000e+02 1.776505664640021394e+02 1.071118508920562107e+02
2.550000000000000000e+02 1.784921747123381692e+02 1.073641638149661617e+02
2.550000000000000000e+02 1.791029801654539995e+02 1.074990287606454302e+02
2.550000000000000000e+02 1.794752173383390357e+02 1.073953409304849487e+02
2.550000000000000000e+02 1.799682868755329537e+02 1.074847780103436463e+02
2.550000000000000000e+02 1.797044309334750949e+02 1.072036368871612524e+02
2.550000000000000000e+02 1.795565035383235397e+02 1.071236098652225479e+02
2.550000000000000000e+02 1.751163272312479933e+02 1.056204104233806191e+02
2.550000000000000000e+02 1.721825287661827133e+02 1.049140613752394842e+02
2.550000000000000000e+02 1.699406270418729434e+02 1.039413313842098887e+02
2.550000000000000000e+02 1.697334939145265196e+02 1.038010997043091095e+02
2.550000000000000000e+02 1.702041950452396009e+02 1.038534879342613806e+02
2.550000000000000000e+02 1.731468121864513705e+02 1.050376125452672795e+02
2.550000000000000000e+02 1.738300574769925788e+02 1.055892499197094025e+02
2.549999988925434877e+02 1.771459516927472748e+02 1.068952877725727291e+02
2.550000000000000000e+02 1.773516883174413294e+02 1.069039990254382815e+02
2.549999955701739793e+02 1.768050954073778769e+02 1.066242632645602839e+02
2.550000000000000000e+02 1.763136936996799591e+02 1.064705959223451543e+02
2.549999933552609832e+02 1.760926974318083751e+02 1.063881646123348474e+02
2.550000000000000000e+02 1.761506174070013344e+02 1.063398174911680343e+02
2.550000000000000000e+02 1.760337154058274223e+02 1.062484844457733857e+02
2.550000000000000000e+02 1.759959356346279549e+02 1.061513361462728540e+02
2.550000000000000000e+02 1.763539486361673028e+02 1.065308426636543828e+02
2.550000000000000000e+02 1.759079415705948009e+02 1.063530106205078738e+02
2.550000000000000000e+02 1.758221845687010614e+02 1.062722571071021207e+02
2.550000000000000000e+02 1.763576442185233191e+02 1.063021805818576411e+02
2.550000000000000000e+02 1.777586819052681619e+02 1.066715649467867166e+02
2.550000000000000000e+02 1.785449727011971675e+02 1.068643144290507934e+02
2.550000000000000000e+02 1.779615878711363735e+02 1.066562776171965794e+02
2.550000000000000000e+02 1.750895677597262363e+02 1.058500603563795011e+02
2.550000000000000000e+02 1.739040964816106793e+02 1.055996677630486005e+02
2.550000000000000000e+02 1.739967739792019756e+02 1.053828842597206972e+02
2.550000000000000000e+02 1.753058351883229875e+02 1.056850039314705896e+02
2.550000000000000000e+02 1.767282999435197155e+02 1.062845531966732011e+02
2.550000000000000000e+02 1.785489385029403024e+02 1.072796560240096539e+02
2.550000000000000000e+02 1.822395727432805188e+02 1.086657707343544104e+02
2.549999911403479587e+02 1.806551712681484503e+02 1.077581514336024497e+02
2.550000000000000000e+02 1.802880018162286717e+02 1.072963298891436068e+02
2.550000000000000000e+02 1.798394010875222762e+02 1.071742294871368983e+02
2.550000000000000000e+02 1.795212709170847347e+02 1.068543517503349989e+02
2.550000000000000000e+02 1.773059204624738356e+02 1.058301903717731420e+02
2.550000000000000000e+02 1.780054830171544893e+02 1.059688727200239242e+02
2.549999966776304916e+02 1.789870195023090389e+02 1.062411519762561340e+02
2.550000000000000000e+02 1.798134223728362997e+02 1.065862165963431778e+02
2.550000000000000000e+02 1.808947550859940065e+02 1.067235334507237212e+02
2.550000000000000000e+02 1.819270341207349020e+02 1.070270950308426592e+02
2.550000000000000000e+02 1.823950341650331666e+02 1.069160592267738679e+02
2.550000000000000000e+02 1.813093801565943579e+02 1.064849385915368174e+02
2.550000000000000000e+02 1.809831899177159755e+02 1.058748452329534757e+02
2.550000000000000000e+02 1.798857846883063587e+02 1.053200715416901971e+02
2.549999988925434877e+02 1.774484346102306915e+02 1.046838820780313881e+02
2.550000000000000000e+02 1.731117899819484478e+02 1.033222753801344425e+02
2.550000000000000000e+02 1.731091575578369088e+02 1.030366988936509500e+02
2.550000000000000000e+02 1.739451952999546052e+02 1.031505133060899055e+02
2.550000000000000000e+02 1.752390267672237201e+02 1.036950086935335662e+02
2.549999944627174671e+02 1.788282024873473119e+02 1.050538223861257876e+02
2.550000000000000000e+02 1.797028140469783182e+02 1.053078618337264771e+02
2.550000000000000000e+02 1.801492928890217797e+02 1.053158897859286611e+02
2.550000000000000000e+02 1.800652336179496444e+02 1.052573994706357894e+02
2.550000000000000000e+02 1.795098131720876609e+02 1.050316666112938435e+02
2.550000000000000000e+02 1.766759571192841349e+02 1.038033367664484956e+02
2.550000000000000000e+02 1.766353522265413005e+02 1.036103392139273751e+02
2.549999900328914464e+02 1.770886995138265831e+02 1.036234304572687961e+02
2.550000000000000000e+02 1.778025416126781693e+02 1.038513051374907263e+02
2.549999856030654257e+02 1.784127623287595270e+02 1.039608447678217402e+02
2.550000000000000000e+02 1.786786150148952856e+02 1.040977119948613989e+02
2.550000000000000000e+02 1.790511323742759942e+02 1.040617285181124458e+02
2.550000000000000000e+02 1.794520128021972027e+02 1.042000775219553219e+02
2.550000000000000000e+02 1.791945856451487771e+02 1.039236397665481633e+02
2.550000000000000000e+02 1.791649390345194206e+02 1.038971095385228693e+02
2.550000000000000000e+02 1.786563839330210328e+02 1.037179474401142869e+02
2.550000000000000000e+02 1.723400888180116795e+02 1.017385051552100350e+02
2.550000000000000000e+02 1.686107700145076933e+02 1.006079792241159794e+02
2.550000000000000000e+02 1.676538522874514001e+02 1.003012580705892844e+02
2.550000000000000000e+02 1.679965602400965565e+02 1.003127014186517840e+02
2.550000000000000000e+02 1.730064564714220978e+02 1.025512209707963649e+02
2.550000000000000000e+02 1.764108043456593293e+02 1.040874558401718843e+02
2.550000000000000000e+02 1.773071464168244802e+02 1.045356900007752188e+02
2.550000000000000000e+02 1.784530892499197137e+02 1.050677386845631673e+02
2.550000000000000000e+02 1.778926475962656468e+02 1.047325824778231862e+02
2.550000000000000000e+02 1.773496627794943379e+02 1.045520039425451557e+02
2.550000000000000000e+02 1.767894769482928439e+02 1.043095429527005393e+02
2.550000000000000000e+02 1.760200936908202891e+02 1.039029779505409863e+02
2.549999944627174671e+02 1.761378030277860773e+02 1.039147524280983816e+02
2.550000000000000000e+02 1.762239177381308366e+02 1.039448121200039878e+02
2.550000000000000000e+02 1.765780745761210255e+02 1.041182674950441367e+02
2.550000000000000000e+02 1.775618868843926066e+02 1.044785640718960735e+02
2.550000000000000000e+02 1.784747256276509688e+02 1.047419039392227802e+02
2.550000000000000000e+02 1.789594992081686087e+02 1.048608403379957252e+02
2.550000000000000000e+02 1.797271027830381911e+02 1.051982258546795634e+02
2.550000000000000000e+02 1.799493659811510895e+02 1.052342635967972342e+02
2.550000000000000000e+02 1.794971172907184211e+02 1.049191888988559924e+02
2.550000000000000000e+02 1.777759504745451125e+02 1.044675459871313592e+02
2.550000000000000000e+02 1.714711551878799867e+02 1.022870693378517615e+02
2.549999856030654257e+02 1.698683034873805298e+02 1.019285380466682227e+02
2.550000000000000000e+02 1.699049038174025839e+02 1.018582466748618458e+02
2.550000000000000000e+02 1.706573806438752001e+02 1.018997519297429619e+02
2.550000000000000000e+02 1.752440756614284112e+02 1.037705981372581618e+02
2.550000000000000000e+02 1.764938458642036778e+02 1.044366723146948459e+02
2.550000000000000000e+02 1.793330110634904884e+02 1.055131499385361593e+02
2.550000000000000000e+02 1.793370986854491207e+02 1.055071862852586406e+02
2.550000000000000000e+02 1.789999246929576771e+02 1.053505232731984478e+02
2.550000000000000000e+02 1.759371042227316480e+02 1.044153460247848813e+02
2.550000000000000000e+02 1.755347099017686219e+02 1.040950540992502482e+02
2.550000000000000000e+02 1.760796150481189954e+02 1.040914869818487887e+02
2.550000000000000000e+02 1.764788963088474816e+02 1.042073191800392067e+02
2.550000000000000000e+02 1.769757754964173841e+02 1.043401840592710670e+02
2.550000000000000000e+02 1.798935247018173413e+02 1.056396181489972008e+02
2.550000000000000000e+02 1.781767400910329116e+02 1.050071043334773009e+02
2.550000000000000000e+02 1.781590894492618702e+02 1.047298614571912623e+02
2.550000000000000000e+02 1.782429925689668551e+02 1.047082904193937765e+02
2.550000000000000000e+02 1.782993410633797282e+02 1.045659545721341743e+02
2.550000000000000000e+02 1.785050201003355710e+02 1.045849319467977949e+02
2.550000000000000000e+02 1.763595911270584793e+02 1.042137878334828400e+02
2.550000000000000000e+02 1.715837148520991775e+02 1.027035062072937137e+02
2.550000000000000000e+02 1.701403568224857850e+02 1.023444477668139569e+02
2.550000000000000000e+02 1.701217028251215311e+02 1.022971903828477167e+02
2.550000000000000000e+02 1.715181822208932658e+02 1.028039480824390637e+02
2.550000000000000000e+02 1.759115319445828902e+02 1.048614837702249218e+02
2.550000000000000000e+02 1.768622058318659640e+02 1.052236597007652534e+02
2.550000000000000000e+02 1.780575002491777070e+02 1.057337043312623877e+02
2.550000000000000000e+02 1.780820348405816276e+02 1.056990697365361029e+02
2.550000000000000000e+02 1.775915633963475955e+02 1.056461698616786862e+02
2.550000000000000000e+02 1.768206540638116451e+02 1.052148731408573923e+02
2.550000000000000000e+02 1.771528500393146999e+02 1.052459849164424099e+02
2.550000000000000000e+02 1.776276919498986615e+02 1.052581846572975905e+02
2.550000000000000000e+02 1.784572222775950365e+02 1.054387321837934763e+02
2.550000000000000000e+02 1.794743867459605440e+02 1.059039912732427382e+02
2.550000000000000000e+02 1.797488211125508144e+02 1.057892565644484364e+02
2.550000000000000000e+02 1.799683699347708057e+02 1.058919642956022926e+02
2.550000000000000000e+02 1.802244958304262639e+02 1.058636333433004353e+02
2.550000000000000000e+02 1.782992967651195499e+02 1.049569841744465464e+02
2.550000000000000000e+02 1.786504690078297131e+02 1.050390489163538064e+02
2.550000000000000000e+02 1.787682281803382125e+02 1.047201689978626149e+02
2.550000000000000000e+02 1.766835332292324097e+02 1.042808731187082572e+02
2.550000000000000000e+02 1.725526207958182567e+02 1.030073601559298737e+02
2.550000000000000000e+02 1.701438353433669022e+02 1.023055638614793423e+02
2.550000000000000000e+02 1.703472219453580863e+02 1.023020266454035010e+02
2.549999966776304916e+02 1.718855000719846657e+02 1.029518145674828560e+02
2.550000000000000000e+02 1.729284284084742467e+02 1.034280751298492760e+02
2.550000000000000000e+02 1.766204447545322580e+02 1.051685604172896120e+02
2.550000000000000000e+02 1.771846628348671686e+02 1.053850150060356441e+02
2.550000000000000000e+02 1.774105928214669348e+02 1.054251137911558516e+02
2.550000000000000000e+02 1.769902067621294179e+02 1.052764355404941483e+02
2.550000000000000000e+02 1.754049547604017789e+02 1.045753325138155247e+02
2.550000000000000000e+02 1.750228612246254158e+02 1.044417655071597011e+02
2.550000000000000000e+02 1.750535001162829190e+02 1.042668028838167373e+02
2.550000000000000000e+02 1.755360565688782515e+02 1.043514014862066261e+02
2.550000000000000000e+02 1.773751697177093263e+02 1.051624716214270734e+02
2.550000000000000000e+02 1.785346910750080269e+02 1.055246973875101020e+02
2.550000000000000000e+02 1.802271216097987860e+02 1.062748330509319317e+02
2.550000000000000000e+02 1.808458365172707829e+02 1.061811211889653066e+02
2.550000000000000000e+02 1.812921846794467058e+02 1.062942423336323401e+02
2.550000000000000000e+02 1.810193882410268316e+02 1.058443724597716482e+02
2.550000000000000000e+02 1.803682924128154923e+02 1.054695294417311828e+02
2.550000000000000000e+02 1.758250761376346816e+02 1.038187281969500617e+02
2.550000000000000000e+02 1.713810403446404678e+02 1.024524535698860461e+02
2.550000000000000000e+02 1.683813703666788513e+02 1.017411763402992335e+02
2.550000000000000000e+02 1.681208999191556757e+02 1.016559210162020861e+02
2.549999889254349625e+02 1.692600330022038406e+02 1.020496583496683201e+02
2.550000000000000000e+02 1.729822950928602268e+02 1.034043755606498536e+02
2.550000000000000000e+02 1.739960807114300678e+02 1.041727288835731002e+02
2.550000000000000000e+02 1.771248048107910620e+02 1.052897427378539703e+02
2.550000000000000000e+02 1.777409326998682104e+02 1.055823117047077915e+02
2.550000000000000000e+02 1.776540029015360460e+02 1.055127313199774051e+02
2.550000000000000000e+02 1.774833261348660471e+02 1.054929167081962902e+02
2.550000000000000000e+02 1.775417765817247471e+02 1.055281349325005209e+02
2.550000000000000000e+02 1.773228435053213161e+02 1.052116792362979965e+02
2.550000000000000000e+02 1.778188167934704325e+02 1.053194004230483785e+02
2.550000000000000000e+02 1.784649135630198202e+02 1.054538035593652125e+02
2.550000000000000000e+02 1.789242189663000886e+02 1.055630884747001517e+02
2.550000000000000000e+02 1.796624738363400695e+02 1.057922212255113692e+02
2.550000000000000000e+02 1.800921902167292501e+02 1.059029414044763371e+02
2.550000000000000000e+02 1.803980099006611511e+02 1.059507480868688845e+02
2.550000000000000000e+02 1.787999833881524410e+02 1.054136560461587919e+02
2.550000000000000000e+02 1.788491544569587006e+02 1.052134101908147557e+02
2.549999844956089419e+02 1.784646953940884089e+02 1.048549763558036290e+02
2.550000000000000000e+02 1.759267173881745805e+02 1.041104466372083266e+02
2.550000000000000000e+02 1.725989224448209711e+02 1.031727931160503715e+02
2.550000000000000000e+02 1.706220007309212860e+02 1.025888279787811399e+02
2.550000000000000000e+02 1.706336290242200846e+02 1.024638825210139856e+02
2.550000000000000000e+02 1.718047753524480186e+02 1.029226862464976620e+02
2.550000000000000000e+02 1.732883429128320927e+02 1.038415728097278929e+02
2.550000000000000000e+02 1.767600208201822909e+02 1.051790712869752014e+02
2.550000000000000000e+02 1.778567250296244708e+02 1.056394996511511977e+02
2.550000000000000000e+02 1.786560073978094465e+02 1.059681949566430745e+02
2.550000000000000000e+02 1.789883805663532428e+02 1.060650586398219275e+02
2.550000000000000000e+02 1.789036789705084232e+02 1.057664075218445845e+02
2.550000000000000000e+02 1.793356468099715357e+02 1.059539840747754624e+02
2.550000000000000000e+02 1.795434920318504624e+02 1.058309567316743625e+02
2.550000000000000000e+02 1.799754953099217119e+02 1.058486273076624968e+02
2.549999867105219380e+02 1.803095185886574257e+02 1.058594061818222087e+02
2.550000000000000000e+02 1.790691362946720346e+02 1.053478255091531253e+02
2.550000000000000000e+02 1.793069027763934571e+02 1.050811278337043291e+02
2.550000000000000000e+02 1.794817280751298370e+02 1.048750811211889697e+02
2.550000000000000000e+02 1.799903717731486097e+02 1.049911004795286686e+02
2.550000000000000000e+02 1.804116360454943049e+02 1.050930761819329575e+02
2.549999955701739793e+02 1.806134013311627200e+02 1.049396868113004899e+02
2.550000000000000000e+02 1.806103779749050489e+02 1.050079615048119024e+02
2.550000000000000000e+02 1.758001550439106495e+02 1.032743346955048338e+02
2.550000000000000000e+02 1.737322424886762633e+02 1.028274593840326929e+02
2.550000000000000000e+02 1.727184568701064222e+02 1.024319357232244698e+02
2.550000000000000000e+02 1.730150514413546432e+02 1.023550472330199170e+02
2.550000000000000000e+02 1.746624804810791147e+02 1.030279942855244428e+02
2.550000000000000000e+02 1.784421719436969056e+02 1.045997829385250952e+02
2.550000000000000000e+02 1.789001295724110321e+02 1.045943187481311725e+02
2.550000000000000000e+02 1.803250495586785860e+02 1.052027797158266651e+02
2.550000000000000000e+02 1.802745960552399254e+02 1.049464057499141774e+02
2.550000000000000000e+02 1.799164269023333986e+02 1.048360167004440910e+02
2.550000000000000000e+02 1.778940108752228753e+02 1.040665725328637734e+02
2.550000000000000000e+02 1.777569465209253963e+02 1.038142551801278017e+02
2.550000000000000000e+02 1.779012979390234364e+02 1.035070788619776891e+02
2.550000000000000000e+02 1.786019967440778657e+02 1.036871734387631960e+02
2.550000000000000000e+02 1.791200205986909850e+02 1.037346589587694012e+02
2.550000000000000000e+02 1.797482064741907379e+02 1.039387532254670674e+02
2.550000000000000000e+02 1.799203240417732559e+02 1.037029103956942038e+02
2.550000000000000000e+02 1.803175565079681633e+02 1.036599931337696745e+02
2.550000000000000000e+02 1.808864469472961503e+02 1.039046335980154367e+02
2.550000000000000000e+02 1.794740235002270197e+02 1.031700134002237093e+02
2.550000000000000000e+02 1.798992391773813040e+02 1.032686312945059086e+02
2.550000000000000000e+02 1.784406381164379809e+02 1.027777655957562217e+02
2.550000000000000000e+02 1.747391995304384409e+02 1.016874613774543974e+02
2.549999977850870039e+02 1.716174756636433187e+02 1.006700599133968979e+02
2.550000000000000000e+02 1.713286299655580933e+02 1.006644019181146632e+02
2.550000000000000000e+02 1.721256653044951577e+02 1.007519386026113892e+02
2.549999889254349625e+02 1.734821511235146261e+02 1.014340631471698941e+02
2.550000000000000000e+02 1.771820791388418286e+02 1.030371463060788244e+02
2.550000000000000000e+02 1.777832187115851070e+02 1.033143061231270110e+02
2.550000000000000000e+02 1.779200715416901915e+02 1.033199032083014970e+02
2.550000000000000000e+02 1.778883429128320870e+02 1.031751652878833170e+02
2.550000000000000000e+02 1.773826162552465746e+02 1.031656610961604486e+02
2.550000000000000000e+02 1.764764754089283088e+02 1.026438032271282594e+02
2.550000000000000000e+02 1.767169983498898205e+02 1.026781775695759507e+02
2.550000000000000000e+02 1.772174911680343712e+02 1.027900639002403125e+02
2.550000000000000000e+02 1.776143194126050560e+02 1.029304760955513416e+02
2.550000000000000000e+02 1.786049990586619742e+02 1.034761354197813858e+02
2.550000000000000000e+02 1.790596420700576914e+02 1.035114112318238710e+02
2.550000000000000000e+02 1.794088762638847356e+02 1.034654960851412540e+02
2.550000000000000000e+02 1.799411098929089690e+02 1.036466482828886910e+02
2.550000000000000000e+02 1.805061164822751607e+02 1.037431808365726482e+02
2.550000000000000000e+02 1.814852431420756034e+02 1.040783857713988283e+02
2.550000000000000000e+02 1.797408407809783171e+02 1.033075174147535336e+02
2.550000000000000000e+02 1.781073679081254113e+02 1.029502596985503402e+02
2.550000000000000000e+02 1.753161511456637527e+02 1.019600042083347233e+02
2.550000000000000000e+02 1.744658050655060606e+02 1.016611072350133469e+02
2.550000000000000000e+02 1.752776382382581914e+02 1.018826926697453956e+02
2.550000000000000000e+02 1.766570938126405110e+02 1.023673632568080905e+02
2.550000000000000000e+02 1.783222820248734592e+02 1.029807690177968311e+02
2.550000000000000000e+02 1.798391973155254391e+02 1.037161965513804489e+02
2.549999988925434877e+02 1.808924825852464551e+02 1.038566984506683468e+02
2.550000000000000000e+02 1.812350155597638945e+02 1.036949555356213324e+02
2.550000000000000000e+02 1.814836616941869636e+02 1.037587848987231069e+02
2.550000000000000000e+02 1.819945391319755856e+02 1.036983011617218722e+02
2.550000000000000000e+02 1.798298681019302876e+02 1.024596808310353566e+02
2.550000000000000000e+02 1.804769438630297884e+02 1.023757489174612658e+02
2.550000000000000000e+02 1.813969722139162855e+02 1.023600318947473369e+02
2.550000000000000000e+02 1.822160592267738650e+02 1.026415329412937325e+02
2.549999844956089419e+02 1.827855233285712586e+02 1.027341971494069526e+02
2.550000000000000000e+02 1.808490702902643363e+02 1.018478808819783552e+02
2.550000000000000000e+02 1.809662890239985700e+02 1.016214780114511029e+02
2.550000000000000000e+02 1.811570461920107959e+02 1.015564880339324674e+02
2.550000000000000000e+02 1.812565954572134217e+02 1.014498200383179949e+02
2.550000000000000000e+02 1.793343034652314145e+02 1.005793237870582573e+02
2.550000000000000000e+02 1.783424676345836417e+02 9.999419471300264206e+01
2.550000000000000000e+02 1.753134201579233036e+02 9.928858876817612611e+01
2.550000000000000000e+02 1.724704785319556493e+02 9.833345736846185048e+01
2.550000000000000000e+02 1.719051718218767064e+02 9.831751996190349985e+01
2.550000000000000000e+02 1.715493515842165380e+02 9.811083203207194003e+01
2.550000000000000000e+02 1.727634196041950361e+02 9.891031927971029347e+01
2.550000000000000000e+02 1.759918336157347483e+02 1.002043301549331602e+02
2.550000000000000000e+02 1.765238690100446206e+02 1.004440302557117093e+02
2.550000000000000000e+02 1.772727997607893826e+02 1.008038849574182905e+02
2.549999878179784503e+02 1.772146095662092762e+02 1.007950120159030689e+02
2.550000000000000000e+02 1.766264892521346326e+02 1.006110845321550045e+02
2.550000000000000000e+02 1.764417057045084505e+02 1.005125962102838457e+02
2.550000000000000000e+02 1.762241480890837977e+02 1.002610529696446235e+02
2.550000000000000000e+02 1.763134456294229153e+02 1.002465508267162875e+02
2.550000000000000000e+02 1.770761287750423492e+02 1.007235434178322606e+02
2.550000000000000000e+02 1.772939123115939708e+02 1.006314650542099969e+02
2.550000000000000000e+02 1.775582643941659171e+02 1.007476505310253998e+02
2.550000000000000000e+02 1.778987840127578863e+02 1.007945612811056861e+02
2.550000000000000000e+02 1.779944217415861090e+02 1.007613530903573746e+02
2.550000000000000000e+02 1.781583374862952383e+02 1.007595423989722860e+02
2.550000000000000000e+02 1.782915578590650796e+02 1.006678317109095531e+02
2.550000000000000000e+02 1.786663809428884804e+02 1.006678317109095531e+02
2.550000000000000000e+02 1.777901126283265114e+02 1.005794788309689096e+02
2.550000000000000000e+02 1.747214470026689810e+02 9.976122241048982175e+01
2.550000000000000000e+02 1.720619167857182390e+02 9.901032924681882719e+01
2.550000000000000000e+02 1.719954627507004545e+02 9.886654373899465043e+01
2.550000000000000000e+02 1.722047864270130901e+02 9.888607594936708267e+01
2.550000000000000000e+02 1.736064376446614972e+02 9.971777246198655575e+01
2.550000000000000000e+02 1.770533151710466484e+02 1.011168344463271183e+02
2.550000000000000000e+02 1.775859541291515882e+02 1.012925224536806326e+02
2.549999933552609832e+02 1.778068761974373331e+02 1.013380189818044954e+02
2.550000000000000000e+02 1.779718916464555889e+02 1.013494235688893355e+02
2.550000000000000000e+02 1.778528057410545102e+02 1.014133847193151468e+02
2.550000000000000000e+02 1.775761741807590397e+02 1.012802861667608028e+02
2.550000000000000000e+02 1.775249509950496645e+02 1.011170570450845503e+02
2.550000000000000000e+02 1.779180072427655546e+02 1.010809207393379694e+02
2.550000000000000000e+02 1.783549597439560443e+02 1.013405982480038148e+02
2.550000000000000000e+02 1.789827469351141360e+02 1.015334562610053553e+02
2.550000000000000000e+02 1.793633254703921409e+02 1.014462119450258655e+02
2.550000000000000000e+02 1.797882365970076535e+02 1.015441022403845039e+02
2.550000000000000000e+02 1.803815863206972665e+02 1.016986444732383177e+02
2.550000000000000000e+02 1.809811809916165544e+02 1.018940795375261672e+02
2.550000000000000000e+02 1.794591359624350844e+02 1.011803647961726256e+02
2.550000000000000000e+02 1.793855930983310714e+02 1.011034508344684753e+02
2.550000000000000000e+02 1.766173505210582846e+02 1.002651239797556997e+02
2.550000000000000000e+02 1.737912344817657413e+02 9.955310696922379066e+01
2.550000000000000000e+02 1.727787445873063348e+02 9.923626366324462822e+01
2.550000000000000000e+02 1.730175321439250524e+02 9.916311394619975772e+01
2.550000000000000000e+02 1.744946288359524544e+02 9.977688627529153109e+01
2.550000000000000000e+02 1.755030034220405923e+02 1.002303653499008789e+02
2.550000000000000000e+02 1.786456615391430489e+02 1.015306654706136413e+02
2.550000000000000000e+02 1.792880438995758539e+02 1.018686257572233842e+02
2.550000000000000000e+02 1.795242466527127192e+02 1.018142053445850905e+02
2.550000000000000000e+02 1.790940961493737404e+02 1.016032980054708332e+02
2.550000000000000000e+02 1.789686202199408740e+02 1.014760811544126540e+02
2.550000000000000000e+02 1.787955247682647268e+02 1.015561945579587331e+02
2.550000000000000000e+02 1.772689878955004019e+02 1.009822430424045052e+02
2.550000000000000000e+02 1.773473293686390377e+02 1.007660121598724174e+02
2.550000000000000000e+02 1.777456748286211052e+02 1.007425252223218877e+02
2.550000000000000000e+02 1.784227283298448583e+02 1.011098475032393083e+02
2.550000000000000000e+02 1.785420910993720724e+02 1.009550815641715644e+02
2.550000000000000000e+02 1.788467701031042054e+02 1.010573463127235669e+02
2.550000000000000000e+02 1.787563208080002539e+02 1.007982845498743103e+02
2.550000000000000000e+02 1.790824778231834955e+02 1.008369347818864412e+02
2.550000000000000000e+02 1.791994230151610736e+02 1.008970696700887117e+02
2.550000000000000000e+02 1.767691584438021266e+02 1.001501434156173502e+02
2.550000000000000000e+02 1.737356135862764006e+02 9.940302889354020976e+01
2.550000000000000000e+02 1.728270806339081105e+02 9.926854159052902560e+01
2.550000000000000000e+02 1.730201091952113472e+02 9.920547083513295661e+01
2.550000000000000000e+02 1.736624871258181315e+02 9.931569819595335957e+01
2.550000000000000000e+02 1.750821788099272283e+02 1.002229764001018850e+02
2.549999911403479587e+02 1.783848378129949026e+02 1.014378318216552088e+02
2.550000000000000000e+02 1.789215876496450619e+02 1.016068064276775544e+02
2.550000000000000000e+02 1.793673244958304167e+02 1.018512010365792833e+02
2.550000000000000000e+02 1.791416292900096323e+02 1.018169097533694298e+02
2.550000000000000000e+02 1.785123182387011695e+02 1.015530504889420484e+02
2.549999944627174671e+02 1.783629002070943557e+02 1.013846085694984396e+02
2.550000000000000000e+02 1.767836683389259917e+02 1.008362902422007323e+02
2.550000000000000000e+02 1.792352713822164674e+02 1.016481001583662760e+02
2.550000000000000000e+02 1.794408817568690040e+02 1.016106282600750887e+02
2.550000000000000000e+02 1.796752516694906774e+02 1.016967186063767343e+02
2.550000000000000000e+02 1.800024153626366399e+02 1.017338859541291498e+02
2.550000000000000000e+02 1.782835575932755319e+02 1.010639556131432926e+02
2.550000000000000000e+02 1.784529153792484806e+02 1.010436083147834410e+02
2.550000000000000000e+02 1.789666677741231808e+02 1.010932389780391389e+02
2.550000000000000000e+02 1.790377554071563964e+02 1.011344230705338987e+02
2.550000000000000000e+02 1.768178034707686948e+02 1.004834180537559405e+02
2.550000000000000000e+02 1.735924870150724928e+02 9.969239509618259376e+01
2.550000000000000000e+02 1.718798520438109847e+02 9.912201734276885645e+01
2.549999966776304916e+02 1.721398252433635605e+02 9.902190548966188999e+01
2.550000000000000000e+02 1.733818642922799143e+02 9.962373722272057819e+01
2.549999988925434877e+02 1.744321849009380117e+02 1.001694098364286702e+02
2.550000000000000000e+02 1.782734000022149132e+02 1.018255423768231509e+02
2.550000000000000000e+02 1.785884193273309108e+02 1.018154545555223365e+02
2.550000000000000000e+02 1.788360853627473830e+02 1.018482297307773194e+02
2.550000000000000000e+02 1.786963852619688282e+02 1.017764388628636567e+02
2.550000000000000000e+02 1.786003887172331304e+02 1.019441587206662518e+02
2.550000000000000000e+02 1.782642789904426479e+02 1.015321350653953090e+02
2.550000000000000000e+02 1.782878257306444425e+02 1.014423314174335786e+02
2.550000000000000000e+02 1.787518101376568325e+02 1.015206440967031085e+02
2.550000000000000000e+02 1.790983665016556472e+02 1.016617008316998323e+02
2.550000000000000000e+02 1.791892477047964007e+02 1.017506041175232809e+02
2.550000000000000000e+02 1.795183793481511145e+02 1.017825918912034666e+02
2.550000000000000000e+02 1.798418208799849367e+02 1.017874580550848833e+02
2.550000000000000000e+02 1.785024120402671315e+02 1.014583485608602729e+02
2.550000000000000000e+02 1.783428917904249431e+02 1.010146217482308373e+02
2.550000000000000000e+02 1.782837403235987779e+02 1.009776548501057647e+02
2.550000000000000000e+02 1.777904492951039401e+02 1.009448021528954484e+02
2.550000000000000000e+02 1.744042725671949370e+02 9.980787623066103720e+01
2.550000000000000000e+02 1.709469007829717384e+02 9.898235489551147737e+01
2.550000000000000000e+02 1.701901547116736992e+02 9.884646444510892138e+01
2.550000000000000000e+02 1.702690864591293121e+02 9.872481810026911830e+01
2.549999966776304916e+02 1.712249676068972519e+02 9.923859818155642643e+01
2.550000000000000000e+02 1.746571901613564251e+02 1.008618060400677763e+02
2.550000000000000000e+02 1.787976809860792855e+02 1.026942954915445654e+02
2.550000000000000000e+02 1.795692536850615113e+02 1.029005227194701888e+02
2.550000000000000000e+02 1.797860227914548545e+02 1.029102063191468091e+02
2.550000000000000000e+02 1.797000598026512534e+02 1.026954505686789219e+02
2.550000000000000000e+02 1.795753258690764937e+02 1.027828720776991531e+02
2.550000000000000000e+02 1.766355781476682409e+02 1.014139450923065056e+02
2.550000000000000000e+02 1.769453370543871813e+02 1.014277650420279713e+02
2.550000000000000000e+02 1.775156284261935582e+02 1.015065051995082825e+02
2.550000000000000000e+02 1.781712316023788105e+02 1.015811455530084118e+02
2.550000000000000000e+02 1.788448619555466905e+02 1.018373600451842265e+02
2.550000000000000000e+02 1.792829451698284515e+02 1.019159385140148686e+02
2.550000000000000000e+02 1.792350775773281555e+02 1.016614416868777511e+02
2.550000000000000000e+02 1.794324385084775884e+02 1.016162497092926742e+02
2.550000000000000000e+02 1.797539397765152671e+02 1.016052194425063959e+02
2.550000000000000000e+02 1.802116803437544945e+02 1.017045892997552556e+02
2.550000000000000000e+02 1.802301582555345192e+02 1.017401818443580623e+02
2.550000000000000000e+02 1.787222676279389191e+02 1.013826948846584060e+02
2.550000000000000000e+02 1.725997973354596411e+02 9.941176672536185777e+01
2.550000000000000000e+02 1.709900794046313877e+02 9.909299312269510551e+01
2.550000000000000000e+02 1.708985060411752386e+02 9.891635159529108989e+01
2.550000000000000000e+02 1.717329136073180678e+02 9.932010476538533794e+01
2.550000000000000000e+02 1.747652424776017028e+02 1.007074709015803364e+02
2.550000000000000000e+02 1.748975713478853038e+02 1.007881059171401006e+02
2.550000000000000000e+02 1.788097489396103867e+02 1.027742173051153429e+02
2.550000000000000000e+02 1.788544469915944148e+02 1.026109970430911318e+02
2.550000000000000000e+02 1.784393147059149385e+02 1.025226729570196085e+02
2.550000000000000000e+02 1.780778973830802840e+02 1.024206751054852305e+02
2.550000000000000000e+02 1.783429626676412170e+02 1.025610274981450090e+02
2.550000000000000000e+02 1.787400389824689739e+02 1.026598126183594104e+02
2.550000000000000000e+02 1.790980099006611397e+02 1.026517713766791786e+02
2.550000000000000000e+02 1.795835243695803740e+02 1.028317031573584899e+02
2.550000000000000000e+02 1.798712172054442533e+02 1.028060278857547871e+02
2.550000000000000000e+02 1.801905522885588766e+02 1.028502021108120914e+02
2.550000000000000000e+02 1.774577073435440866e+02 1.015962523671882849e+02
2.550000000000000000e+02 1.778472751032703059e+02 1.016702193871335709e+02
2.550000000000000000e+02 1.782370510648194397e+02 1.016868777478764514e+02
2.550000000000000000e+02 1.786245589554470143e+02 1.015319113591813647e+02
2.550000000000000000e+02 1.790833759704087527e+02 1.017257073878423483e+02
2.550000000000000000e+02 1.786690321937605859e+02 1.017211668161732945e+02
2.550000000000000000e+02 1.759062538068817219e+02 1.009406824146981592e+02
2.550000000000000000e+02 1.730897803913751147e+02 1.001592134843904063e+02
2.550000000000000000e+02 1.729364153847857608e+02 1.001496539198422937e+02
2.550000000000000000e+02 1.737284494501478491e+02 1.003696246829905760e+02
2.550000000000000000e+02 1.750344441122074954e+02 1.008872077699148377e+02
2.550000000000000000e+02 1.763269399869320182e+02 1.016371784223174615e+02
2.550000000000000000e+02 1.803288603165110828e+02 1.032637285845598427e+02
2.550000000000000000e+02 1.808602766426348580e+02 1.032930285613032595e+02
2.550000000000000000e+02 1.810799650043744577e+02 1.032357110424488127e+02
2.550000000000000000e+02 1.811927860283287259e+02 1.032645447800037601e+02
2.549999911403479587e+02 1.781827602245921867e+02 1.020664772916043717e+02
2.549999889254349625e+02 1.782382493327574480e+02 1.017557593275524113e+02
2.550000000000000000e+02 1.782885189984163503e+02 1.014555721674031190e+02
2.550000000000000000e+02 1.785475608270485282e+02 1.014831135032171545e+02
2.549999966776304916e+02 1.789127490392814934e+02 1.015304306898346596e+02
2.550000000000000000e+02 1.791433812861999968e+02 1.016120923175742234e+02
2.550000000000000000e+02 1.794727454954206678e+02 1.016593762804965877e+02
2.550000000000000000e+02 1.798201977917317436e+02 1.018175952689458086e+02
2.550000000000000000e+02 1.802463669889365008e+02 1.020151943032437458e+02
2.550000000000000000e+02 1.783389337408773372e+02 1.011367077533029857e+02
2.550000000000000000e+02 1.783841290408319082e+02 1.011493925601072021e+02
2.550000000000000000e+02 1.787385937517304058e+02 1.011248723656378417e+02
2.550000000000000000e+02 1.782157236674529486e+02 1.007714785651793505e+02
2.550000000000000000e+02 1.754058617672790774e+02 1.000495885799085301e+02
2.550000000000000000e+02 1.712978327076204152e+02 9.906955491323078888e+01
2.550000000000000000e+02 1.693352370510648086e+02 9.842135729869210081e+01
2.550000000000000000e+02 1.691628658759427140e+02 9.824865388661859811e+01
2.550000000000000000e+02 1.706526440524048382e+02 9.905427201346667232e+01
2.549999878179784503e+02 1.744858611028051882e+02 1.007728606708971455e+02
2.550000000000000000e+02 1.754404531712017103e+02 1.013427976566220394e+02
2.550000000000000000e+02 1.793664750766913585e+02 1.030202996777301507e+02
2.550000000000000000e+02 1.796617318404819628e+02 1.031102738739936058e+02
2.550000000000000000e+02 1.794161810469893794e+02 1.030037886087023935e+02
2.550000000000000000e+02 1.787018970729924661e+02 1.025855166838322390e+02
2.550000000000000000e+02 1.786493283276299451e+02 1.025411630508211829e+02
2.550000000000000000e+02 1.756603962479373706e+02 1.010775241702382203e+02
2.550000000000000000e+02 1.759930507104333515e+02 1.012322524557848027e+02
2.550000000000000000e+02 1.764396502652358265e+02 1.012529308836395501e+02
2.550000000000000000e+02 1.772430634461831573e+02 1.016395018660642080e+02
2.550000000000000000e+02 1.807099405295857082e+02 1.030808033489484643e+02
2.550000000000000000e+02 1.810062914604029061e+02 1.030487779217471171e+02
2.550000000000000000e+02 1.787593098331063004e+02 1.019985381574138614e+02
2.550000000000000000e+02 1.787008173029004183e+02 1.018714231923541149e+02
2.550000000000000000e+02 1.784936210505332497e+02 1.015107711219641828e+02
2.550000000000000000e+02 1.788009280485509009e+02 1.014729902433081890e+02
2.550000000000000000e+02 1.788933486162330837e+02 1.014298359856916676e+02
2.549999944627174671e+02 1.785838798631183693e+02 1.012418264172674611e+02
2.550000000000000000e+02 1.760643576198544906e+02 1.006485276365770716e+02
2.550000000000000000e+02 1.726483880970574774e+02 9.998923884514435656e+01
2.550000000000000000e+02 1.715368306809750152e+02 9.967011307130911746e+01
2.549999988925434877e+02 1.716587572123104906e+02 9.960434122949821756e+01
2.550000000000000000e+02 1.729620120269776464e+02 1.002409160880206400e+02
2.550000000000000000e+02 1.738389459228988869e+02 1.006226131543683664e+02
2.550000000000000000e+02 1.783032913607318051e+02 1.026822962003167277e+02
2.550000000000000000e+02 1.787636089792573273e+02 1.026947451188854501e+02
2.550000000000000000e+02 1.790574448763524913e+02 1.027039181811134370e+02
2.550000000000000000e+02 1.790429881391408458e+02 1.027521634162818316e+02
2.550000000000000000e+02 1.790598137258159284e+02 1.027660099449594071e+02
2.550000000000000000e+02 1.787492430534790628e+02 1.024275269388794811e+02
2.550000000000000000e+02 1.789477502021108251e+02 1.024253696136084244e+02
2.550000000000000000e+02 1.795527193594471669e+02 1.026955834634594709e+02
2.550000000000000000e+02 1.801834313432339911e+02 1.027768087533362120e+02
2.550000000000000000e+02 1.806070223816959697e+02 1.028113436769770885e+02
2.550000000000000000e+02 1.784507237228257850e+02 1.018947517636244839e+02
2.550000000000000000e+02 1.785110712426769339e+02 1.017049292889021785e+02
2.550000000000000000e+02 1.785658449339402125e+02 1.014202409825354039e+02
2.549999900328914464e+02 1.792014341561735193e+02 1.015124079426780526e+02
2.550000000000000000e+02 1.797939887260927776e+02 1.017811665946819915e+02
2.550000000000000000e+02 1.799443691374021341e+02 1.017552532199297843e+02
2.550000000000000000e+02 1.802655547803360037e+02 1.018139340177414596e+02
2.549999966776304916e+02 1.791352835642380228e+02 1.015216950729260077e+02
2.550000000000000000e+02 1.723944239564991108e+02 9.926736325680808193e+01
2.550000000000000000e+02 1.697008239476394635e+02 9.870445861988770275e+01
2.550000000000000000e+02 1.688914006002414396e+02 9.833815076912854636e+01
2.550000000000000000e+02 1.694460845875278210e+02 9.840179518699403616e+01
2.550000000000000000e+02 1.734120801355526851e+02 1.002196285590883349e+02
2.550000000000000000e+02 1.738837602578158794e+02 1.005638426525798224e+02
2.550000000000000000e+02 1.776582123437102041e+02 1.023672104278104484e+02
2.550000000000000000e+02 1.778587926509186445e+02 1.023932600197127272e+02
2.550000000000000000e+02 1.776692514701485095e+02 1.023315813371429783e+02
2.549999922478044709e+02 1.773512287229918911e+02 1.022139196208068910e+02
2.550000000000000000e+02 1.775067100789616461e+02 1.022247959511390150e+02
2.550000000000000000e+02 1.780236630231347590e+02 1.024592345260639945e+02
2.550000000000000000e+02 1.784783060345305046e+02 1.023572455341816436e+02
2.550000000000000000e+02 1.796688804722194561e+02 1.027562942290441583e+02
2.550000000000000000e+02 1.804887615313908498e+02 1.029829307728938943e+02
2.550000000000000000e+02 1.810717498920229787e+02 1.030779649379270637e+02
2.550000000000000000e+02 1.818003543860814943e+02 1.032304705582688200e+02
2.550000000000000000e+02 1.785612822131410837e+02 1.017635657884536613e+02
2.550000000000000000e+02 1.784034009989257754e+02 1.014883119040499651e+02
2.550000000000000000e+02 1.787477158709591549e+02 1.015176218479019212e+02
2.550000000000000000e+02 1.788916243064553555e+02 1.013737842896220229e+02
2.550000000000000000e+02 1.793136017807900657e+02 1.015879874192941088e+02
2.550000000000000000e+02 1.787239720034995685e+02 1.014911270584847784e+02
2.550000000000000000e+02 1.750456615391430546e+02 1.005854092605512875e+02
2.550000000000000000e+02 1.730039303631349981e+02 1.001502918147889716e+02
2.550000000000000000e+02 1.705170437556064940e+02 9.925631527071774940e+01
2.550000000000000000e+02 1.741192542387897788e+02 1.005115020432572521e+02
2.550000000000000000e+02 1.750376081154412589e+02 1.007942622678494331e+02
2.550000000000000000e+02 1.771367332248025832e+02 1.018969135187215471e+02
2.550000000000000000e+02 1.808587217737023423e+02 1.033325869076492012e+02
2.550000000000000000e+02 1.811723556707310365e+02 1.033283874325835825e+02
2.550000000000000000e+02 1.812935479584039342e+02 1.033422693998693234e+02
2.550000000000000000e+02 1.777513361462728483e+02 1.018129284472352367e+02
2.550000000000000000e+02 1.774077832043146543e+02 1.015628758430512590e+02
2.550000000000000000e+02 1.773460890173538473e+02 1.013065395306599328e+02
2.550000000000000000e+02 1.777439283697132737e+02 1.013435407599366584e+02
2.550000000000000000e+02 1.783732283464566990e+02 1.014950352724896732e+02
2.550000000000000000e+02 1.789776714619533209e+02 1.016323997474999175e+02
2.550000000000000000e+02 1.794188223307529597e+02 1.017775319224337522e+02
2.550000000000000000e+02 1.795807546208622796e+02 1.017888789217803520e+02
2.550000000000000000e+02 1.799435551568712128e+02 1.018599532653355055e+02
2.550000000000000000e+02 1.802688051651771275e+02 1.019611493183605262e+02
2.550000000000000000e+02 1.782816394786094918e+02 1.010287982989468105e+02
2.549999966776304916e+02 1.785193372980276081e+02 1.011400910329246869e+02
2.550000000000000000e+02 1.789702891568933580e+02 1.011012569631327693e+02
2.550000000000000000e+02 1.778597074099914721e+02 1.007333576973764337e+02
2.550000000000000000e+02 1.741771587095916800e+02 9.979153570993499045e+01
2.550000000000000000e+02 1.710654617539896094e+02 9.904825630973343209e+01
2.550000000000000000e+02 1.700514546441188486e+02 9.864993521379447827e+01
2.549999966776304916e+02 1.706922821356191378e+02 9.867837912665980582e+01
2.550000000000000000e+02 1.729219520028350985e+02 9.967832929111709461e+01
2.550000000000000000e+02 1.766166063102871533e+02 1.013313365892554572e+02
2.550000000000000000e+02 1.777388540040089993e+02 1.017479417920861096e+02
2.550000000000000000e+02 1.816127889077156397e+02 1.034765806172962499e+02
2.550000000000000000e+02 1.779576242843062346e+02 1.017673056690698417e+02
2.550000000000000000e+02 1.779332790679646052e+02 1.016844158720666229e+02
2.550000000000000000e+02 1.774918590872343600e+02 1.013952024984218809e+02
2.550000000000000000e+02 1.775435595866972278e+02 1.011243607207326960e+02
2.550000000000000000e+02 1.783191080545311706e+02 1.013949798996644347e+02
2.550000000000000000e+02 1.788283697132794998e+02 1.015006423247726985e+02
2.550000000000000000e+02 1.792646156572200766e+02 1.015487557726170280e+02
2.550000000000000000e+02 1.798667408662524849e+02 1.016478454433702154e+02
2.550000000000000000e+02 1.803187425938846218e+02 1.018282368184989508e+02
2.550000000000000000e+02 1.806840315846595217e+02 1.017261149318360509e+02
2.550000000000000000e+02 1.790164933497237030e+02 1.009447213085706068e+02
2.550000000000000000e+02 1.794700898147225132e+02 1.010602467413092285e+02
2.550000000000000000e+02 1.794287540006866095e+02 1.008281847680432293e+02
2.550000000000000000e+02 1.795911846462230130e+02 1.007915323875654821e+02
2.550000000000000000e+02 1.782452551026058529e+02 1.002994872476383534e+02
2.550000000000000000e+02 1.744462850371551781e+02 9.942308382338283934e+01
2.550000000000000000e+02 1.715498687664041881e+02 9.875542376823150903e+01
2.550000000000000000e+02 1.710287097024264256e+02 9.856364884769151047e+01
2.550000000000000000e+02 1.719357143648183239e+02 9.877233573651395204e+01
2.550000000000000000e+02 1.741291803714409241e+02 9.972267960175864232e+01
2.550000000000000000e+02 1.775552177813216304e+02 1.011341805375593879e+02
2.550000000000000000e+02 1.788131587981881978e+02 1.017558457091597717e+02
2.550000000000000000e+02 1.798194092827004340e+02 1.020598846030322164e+02
2.550000000000000000e+02 1.796112539730002027e+02 1.018126338638050044e+02
2.550000000000000000e+02 1.794145231846019328e+02 1.016875510814312804e+02
2.550000000000000000e+02 1.790905456438198371e+02 1.013974262710832051e+02
2.550000000000000000e+02 1.792126704098696450e+02 1.014279577394597851e+02
2.550000000000000000e+02 1.782426093890162520e+02 1.010292423890051765e+02
2.550000000000000000e+02 1.784606044497602397e+02 1.007704574902820696e+02
2.550000000000000000e+02 1.789761254526728464e+02 1.007940551734830592e+02
2.550000000000000000e+02 1.796121798066380961e+02 1.009891447113414671e+02
2.550000000000000000e+02 1.801068163947861080e+02 1.011333887061585699e+02
2.550000000000000000e+02 1.800967761941149661e+02 1.009309412272832986e+02
2.550000000000000000e+02 1.798896187027254427e+02 1.005754310774444349e+02
2.550000000000000000e+02 1.800809849718152407e+02 1.006264183749183303e+02
2.550000000000000000e+02 1.784372260429471737e+02 1.000034109660343091e+02
2.550000000000000000e+02 1.781134112982712736e+02 9.971220195576819378e+01
2.550000000000000000e+02 1.759419493449394736e+02 9.905140813094565999e+01
2.550000000000000000e+02 1.715271227172552813e+02 9.807645215234171587e+01
2.550000000000000000e+02 1.690557393933353296e+02 9.732244592843616715e+01
2.550000000000000000e+02 1.693616820049392686e+02 9.728699956809195726e+01
2.550000000000000000e+02 1.712627750645093272e+02 9.813493471543904434e+01
2.550000000000000000e+02 1.752993488155752573e+02 9.984134910351396286e+01
2.550000000000000000e+02 1.786309711286089339e+02 1.013542709060101714e+02
2.550000000000000000e+02 1.787987397144977137e+02 1.014329291117091429e+02
2.550000000000000000e+02 1.783901657862387538e+02 1.012731497170448591e+02
2.550000000000000000e+02 1.777290740556164792e+02 1.008570738784234209e+02
2.550000000000000000e+02 1.774395251226508208e+02 1.007970896043057962e+02
2.549999977850870039e+02 1.780093868013333918e+02 1.009686811300486227e+02
2.550000000000000000e+02 1.789443204093159352e+02 1.012397388617562086e+02
2.550000000000000000e+02 1.797269266974539619e+02 1.014549597439560529e+02
2.550000000000000000e+02 1.805530870350067119e+02 1.017355316344950609e+02
2.550000000000000000e+02 1.811948536496228996e+02 1.017753225467069740e+02
2.550000000000000000e+02 1.816830769571525082e+02 1.019537149628448276e+02
2.550000000000000000e+02 1.796754155730533569e+02 1.011465364297817189e+02
2.550000000000000000e+02 1.789182342713489788e+02 1.006879984938591548e+02
2.550000000000000000e+02 1.788138974716767962e+02 1.005455319667319998e+02
2.550000000000000000e+02 1.788349468974606111e+02 1.004088042792119353e+02
2.550000000000000000e+02 1.783010731253530139e+02 1.002978770058805935e+02
2.550000000000000000e+02 1.749796405196185844e+02 9.956565777379093163e+01
2.550000000000000000e+02 1.717793791598834900e+02 9.877221391629844049e+01
2.550000000000000000e+02 1.712654440346855438e+02 9.868938281448996008e+01
2.550000000000000000e+02 1.717738695637728767e+02 9.877805131953442697e+01
2.549999944627174671e+02 1.734808864081863078e+02 9.948717676113270159e+01
2.550000000000000000e+02 1.775902134068684575e+02 1.012366091896740699e+02
2.550000000000000000e+02 1.783045128852564289e+02 1.015406979190892258e+02
2.550000000000000000e+02 1.788785718240916083e+02 1.015909985935302444e+02
2.549999988925434877e+02 1.791061342015792377e+02 1.017690111520870033e+02
2.550000000000000000e+02 1.788998859319800090e+02 1.017296455031728613e+02
2.550000000000000000e+02 1.783889298647795556e+02 1.014802374386745925e+02
2.550000000000000000e+02 1.783846595124976488e+02 1.013565456216707048e+02
2.550000000000000000e+02 1.785692437179529861e+02 1.013024352968537158e+02
2.550000000000000000e+02 1.786750567571458532e+02 1.013791155852353967e+02
2.550000000000000000e+02 1.788480204214979494e+02 1.014269588136925933e+02
2.550000000000000000e+02 1.791396491577793313e+02 1.014430656610961563e+02
2.550000000000000000e+02 1.794986012824346346e+02 1.015479517591946603e+02
2.550000000000000000e+02 1.799188322978615133e+02 1.017069891580008232e+02
2.550000000000000000e+02 1.784158576696900127e+02 1.011393855831312294e+02
2.550000000000000000e+02 1.782237139661339711e+02 1.007462495985470241e+02
2.550000000000000000e+02 1.782645414576342375e+02 1.007252854469140715e+02
2.550000000000000000e+02 1.768995647695936668e+02 1.005318648460081761e+02
2.550000000000000000e+02 1.719451299600208074e+02 9.901704818543251463e+01
2.550000000000000000e+02 1.685491766060887926e+02 9.810470779760125026e+01
2.550000000000000000e+02 1.682257738352326157e+02 9.796124012979390727e+01
2.550000000000000000e+02 1.688250861047432352e+02 9.812487901037687266e+01
2.550000000000000000e+02 1.727934626842530861e+02 9.976252699425229764e+01
2.550000000000000000e+02 1.736008682458996475e+02 1.002886208844147689e+02
2.550000000000000000e+02 1.783412704741021173e+02 1.025569764222510116e+02
2.550000000000000000e+02 1.786106182929665351e+02 1.025267173881745748e+02
2.550000000000000000e+02 1.786380023699569222e+02 1.024631150536562672e+02
2.550000000000000000e+02 1.783442129860349610e+02 1.024318991771598206e+02
2.550000000000000000e+02 1.783664562499307920e+02 1.023888556651937449e+02
2.550000000000000000e+02 1.784933630131676523e+02 1.022748197614538697e+02
2.550000000000000000e+02 1.789400124035128385e+02 1.023468874934936963e+02
2.550000000000000000e+02 1.795867681096824811e+02 1.024612246254028349e+02
2.550000000000000000e+02 1.801573053368329056e+02 1.027033699901436421e+02
2.550000000000000000e+02 1.804728595634406361e+02 1.027788320763702075e+02
2.550000000000000000e+02 1.778854369469639209e+02 1.016831334374342504e+02
2.550000000000000000e+02 1.777504402139605872e+02 1.013914537581536450e+02
2.550000000000000000e+02 1.777052360543539749e+02 1.011900650076968162e+02
2.550000000000000000e+02 1.775606354585423787e+02 1.009798542587239893e+02
2.550000000000000000e+02 1.775974528500393035e+02 1.010681506583828906e+02
2.550000000000000000e+02 1.754537603685615181e+02 1.004854026158122622e+02
2.550000000000000000e+02 1.714085163405207197e+02 9.955636178389093516e+01
2.550000000000000000e+02 1.687468000044298151e+02 9.888570384398153124e+01
2.549999922478044709e+02 1.680750777988194500e+02 9.850774998061950782e+01
2.550000000000000000e+02 1.691915700410866350e+02 9.895516130103990804e+01
2.550000000000000000e+02 1.739866706535100889e+02 1.012160869131864871e+02
2.550000000000000000e+02 1.772668217105773181e+02 1.027732925789339617e+02
2.550000000000000000e+02 1.781205322435961307e+02 1.031290928823770514e+02
2.550000000000000000e+02 1.785891247771243684e+02 1.032255689557792664e+02
2.550000000000000000e+02 1.784732925789339504e+02 1.031915733634561434e+02
2.550000000000000000e+02 1.782119228767290053e+02 1.031676157568911520e+02
2.550000000000000000e+02 1.777273154146870979e+02 1.027793104975802123e+02
2.550000000000000000e+02 1.780730677652635165e+02 1.028299101852774697e+02
2.550000000000000000e+02 1.786260916752494552e+02 1.029528090634240272e+02
2.550000000000000000e+02 1.792056878966078557e+02 1.030287739349037111e+02
2.550000000000000000e+02 1.799505863982192011e+02 1.032025349679391297e+02
2.550000000000000000e+02 1.803912400190482401e+02 1.033048052537736510e+02
2.550000000000000000e+02 1.807070434233695551e+02 1.033070323488044977e+02
2.550000000000000000e+02 1.789820680642767741e+02 1.025881369259222282e+02
2.550000000000000000e+02 1.793021141344673595e+02 1.025866307850759114e+02
2.550000000000000000e+02 1.794333687719414741e+02 1.023380544204126323e+02
2.550000000000000000e+02 1.796762816040400139e+02 1.024609145375815302e+02
2.550000000000000000e+02 1.773250639556131318e+02 1.016733147280640566e+02
2.550000000000000000e+02 1.729486605313576320e+02 1.005707099903651311e+02
2.550000000000000000e+02 1.714244670365571324e+02 1.002155143581735786e+02
2.550000000000000000e+02 1.680938602611382464e+02 9.874271681229720343e+01
2.550000000000000000e+02 1.728118686113602962e+02 1.005752937528378510e+02
2.550000000000000000e+02 1.742208345792219006e+02 1.013554658515786855e+02
2.550000000000000000e+02 1.775997275656998511e+02 1.027219974085517862e+02
2.550000000000000000e+02 1.783038971394398402e+02 1.028855953132440675e+02
2.550000000000000000e+02 1.789914039226109423e+02 1.031456969777512001e+02
2.550000000000000000e+02 1.790131421863406445e+02 1.031583983964029869e+02
2.550000000000000000e+02 1.789776614948447957e+02 1.030853948636167274e+02
2.550000000000000000e+02 1.790282246364774039e+02 1.029590728374143112e+02
2.550000000000000000e+02 1.794342270507325736e+02 1.030123857935479634e+02
2.550000000000000000e+02 1.801107833039857269e+02 1.032850770235998965e+02
2.550000000000000000e+02 1.806157989744952772e+02 1.034235467402017719e+02
2.550000000000000000e+02 1.788643387930939070e+02 1.025579188677364755e+02
2.550000000000000000e+02 1.791291504701152917e+02 1.026155010686955222e+02
2.550000000000000000e+02 1.795433967905910606e+02 1.026974351307352435e+02
2.550000000000000000e+02 1.794684308448785544e+02 1.025098652225433824e+02
2.550000000000000000e+02 1.794983332779605121e+02 1.022730190371773205e+02
2.549999966776304916e+02 1.798611061275568375e+02 1.023326035194967716e+02
2.550000000000000000e+02 1.793817136781952968e+02 1.023096116150038171e+02
2.550000000000000000e+02 1.727279045815475627e+02 1.001252068175022458e+02
2.550000000000000000e+02 1.686557615424654273e+02 9.888071253751509460e+01
2.550000000000000000e+02 1.680369757577770997e+02 9.871489639744399369e+01
2.550000000000000000e+02 1.686507790956510178e+02 9.884005891668604704e+01
2.550000000000000000e+02 1.734376346943973886e+02 1.008114942910617202e+02
2.550000000000000000e+02 1.752189231092948773e+02 1.018609023555599862e+02
2.550000000000000000e+02 1.788950496694242247e+02 1.032813659368528363e+02
2.549999988925434877e+02 1.791829208057853577e+02 1.032873229453913240e+02
2.550000000000000000e+02 1.791221834612445605e+02 1.032139096536983516e+02
2.550000000000000000e+02 1.788825619898778427e+02 1.032073723379514263e+02
2.550000000000000000e+02 1.786828311018084889e+02 1.030324905589333042e+02
2.550000000000000000e+02 1.792114610673665709e+02 1.030152773624815836e+02
2.550000000000000000e+02 1.799565489440402359e+02 1.033513106747732451e+02
2.549999977850870039e+02 1.804834213761254489e+02 1.034028007575002448e+02
2.550000000000000000e+02 1.809067720965259127e+02 1.034961737377764450e+02
2.550000000000000000e+02 1.789957916652823542e+02 1.026303642424443723e+02
2.550000000000000000e+02 1.791941880682636281e+02 1.026450779095651029e+02
2.550000000000000000e+02 1.792083956277617176e+02 1.023850593042958224e+02
2.550000000000000000e+02 1.790717521069360032e+02 1.020231746348162147e+02
2.550000000000000000e+02 1.792944715771288031e+02 1.021150126803769780e+02
2.550000000000000000e+02 1.794866363223584358e+02 1.021345781144445510e+02
2.550000000000000000e+02 1.783564238014552075e+02 1.018266564780668233e+02
2.550000000000000000e+02 1.713935745373600525e+02 9.961401153969677580e+01
2.550000000000000000e+02 1.680661273353489094e+02 9.857882653908767168e+01
2.550000000000000000e+02 1.677845565190427237e+02 9.845794766160558709e+01
2.550000000000000000e+02 1.681556851279665921e+02 9.840774222842398444e+01
2.549999966776304916e+02 1.732026545732416309e+02 1.005474079980508719e+02
2.550000000000000000e+02 1.766345526429449535e+02 1.022981627296587988e+02
2.550000000000000000e+02 1.776317230915755658e+02 1.026199087455840129e+02
2.550000000000000000e+02 1.784464976688040565e+02 1.029163826040732204e+02
2.550000000000000000e+02 1.782773602666755153e+02 1.027044109992580019e+02
2.550000000000000000e+02 1.781347885311804475e+02 1.025990586619710569e+02
2.550000000000000000e+02 1.780572732205942543e+02 1.025404897172663539e+02
2.550000000000000000e+02 1.782019535532741941e+02 1.024208002480702504e+02
2.550000000000000000e+02 1.791905932644495465e+02 1.026308537382194288e+02
2.550000000000000000e+02 1.797952933098552535e+02 1.027718639600429640e+02
2.550000000000000000e+02 1.802703024463714314e+02 1.028579055782584106e+02
2.550000000000000000e+02 1.807859906752162260e+02 1.029456305303609156e+02
2.550000000000000000e+02 1.796075650353832316e+02 1.024986001749781224e+02
2.550000000000000000e+02 1.795618160071763043e+02 1.021774665824999744e+02
2.550000000000000000e+02 1.793868522763768567e+02 1.019285026080600716e+02
2.550000000000000000e+02 1.794111410124367296e+02 1.019012481034807394e+02
2.550000000000000000e+02 1.793331904714442260e+02 1.016813925158089376e+02
2.550000000000000000e+02 1.793568745362525760e+02 1.016768829529220284e+02
2.550000000000000000e+02 1.775639888368384334e+02 1.014357830271216159e+02
2.550000000000000000e+02 1.710030698694308740e+02 9.936895356434875737e+01
2.550000000000000000e+02 1.695082029303299009e+02 9.877849097976677228e+01
2.550000000000000000e+02 1.697225655337386740e+02 9.880582632867094617e+01
2.549999977850870039e+02 1.742769992358550155e+02 1.006717587516750285e+02
2.550000000000000000e+02 1.750576220693932328e+02 1.012256741641472075e+02
2.550000000000000000e+02 1.778852774732272337e+02 1.024504147424609926e+02
2.550000000000000000e+02 1.790404221624195600e+02 1.028365305602622470e+02
2.550000000000000000e+02 1.789737632479484262e+02 1.026667585855565505e+02
2.550000000000000000e+02 1.788017342768862648e+02 1.025163604549431255e+02
2.550000000000000000e+02 1.786534536031097389e+02 1.024062050787955371e+02
2.550000000000000000e+02 1.788228745141034608e+02 1.023792761664285678e+02
2.550000000000000000e+02 1.778861158178012545e+02 1.020727953309633733e+02
2.550000000000000000e+02 1.785088729415152216e+02 1.022568468498399739e+02
2.550000000000000000e+02 1.790247195366401911e+02 1.022863140525155927e+02
2.550000000000000000e+02 1.796480791166926849e+02 1.021851202144035824e+02
2.550000000000000000e+02 1.802498133935789610e+02 1.023788187868921398e+02
2.550000000000000000e+02 1.804500071984672900e+02 1.021414875355770420e+02
2.550000000000000000e+02 1.804585479030311035e+02 1.018381618436935838e+02
2.550000000000000000e+02 1.808161445009247359e+02 1.019161544680332696e+02
2.550000000000000000e+02 1.782498665514911806e+02 1.006367387620851162e+02
2.550000000000000000e+02 1.784503937007874015e+02 1.005593120480193079e+02
2.550000000000000000e+02 1.780167137335681105e+02 1.002445817690510239e+02
2.550000000000000000e+02 1.752496140514081446e+02 9.947893063999912044e+01
2.550000000000000000e+02 1.707553562133847151e+02 9.821416658360742247e+01
2.550000000000000000e+02 1.692240794267805200e+02 9.783476859696335737e+01
2.550000000000000000e+02 1.693602290220051714e+02 9.786910971571592199e+01
2.550000000000000000e+02 1.711809030200338952e+02 9.878659091664174241e+01
2.550000000000000000e+02 1.757044109992580161e+02 1.008791454865610149e+02
2.550000000000000000e+02 1.768246807756625287e+02 1.015501024397266860e+02
2.550000000000000000e+02 1.806416924150304055e+02 1.027846783392582211e+02
2.550000000000000000e+02 1.809589288680687105e+02 1.027522309711286113e+02
2.550000000000000000e+02 1.811979357010753517e+02 1.026941404476339130e+02
2.550000000000000000e+02 1.789776404531712046e+02 1.018670520615302877e+02
2.550000000000000000e+02 1.791567582533195946e+02 1.016273652502298006e+02
2.550000000000000000e+02 1.798866263552498879e+02 1.018144179762339832e+02
2.550000000000000000e+02 1.806605280352614216e+02 1.019481256298658849e+02
2.550000000000000000e+02 1.815353566563673269e+02 1.020617750312856487e+02
2.550000000000000000e+02 1.819133692149240744e+02 1.021299124001904772e+02
2.550000000000000000e+02 1.791857370676766550e+02 1.007721795851467874e+02
2.550000000000000000e+02 1.792604183970674683e+02 1.005948303930363181e+02
2.550000000000000000e+02 1.792492962113913109e+02 1.003434078651560952e+02
2.550000000000000000e+02 1.793698494966610326e+02 1.002889697332137331e+02
2.550000000000000000e+02 1.798068219320686296e+02 1.004841401153969684e+02
2.550000000000000000e+02 1.803249753590927753e+02 1.006927660941116471e+02
2.550000000000000000e+02 1.779104710012514374e+02 9.960439438741043716e+01
2.550000000000000000e+02 1.754004363378628284e+02 9.901406248269599075e+01
2.550000000000000000e+02 1.711266564780668205e+02 9.806816505531745065e+01
2.549999988925434877e+02 1.688019867769693292e+02 9.719605745484345505e+01
2.550000000000000000e+02 1.691545521999623531e+02 9.729444167580318492e+01
2.550000000000000000e+02 1.708001860526927942e+02 9.801632612379148668e+01
2.550000000000000000e+02 1.747456438198389890e+02 9.975853461355305285e+01
2.550000000000000000e+02 1.791371263718617399e+02 1.017609056779295003e+02
2.550000000000000000e+02 1.797457944339236064e+02 1.019262699757467061e+02
2.549999811732394335e+02 1.801200062017564392e+02 1.021294461610020221e+02
2.550000000000000000e+02 1.799078020310752208e+02 1.020981605147457856e+02
2.550000000000000000e+02 1.788728518112451127e+02 1.016365205931537048e+02
2.550000000000000000e+02 1.751295790557825853e+02 9.988993875765528685e+01
2.550000000000000000e+02 1.755843571768718903e+02 9.996998239144157594e+01
2.550000000000000000e+02 1.762171821876695788e+02 1.002143315946266142e+02
2.550000000000000000e+02 1.766416835553783642e+02 1.003499485032725289e+02
2.550000000000000000e+02 1.801959112705848440e+02 1.019949411386867837e+02
2.550000000000000000e+02 1.802005636953608700e+02 1.019061574581658363e+02
2.550000000000000000e+02 1.803036856152474741e+02 1.019206629234636807e+02
2.550000000000000000e+02 1.773052216574193949e+02 1.004891347442329135e+02
2.550000000000000000e+02 1.773071552764765215e+02 1.004207537348970618e+02
2.550000000000000000e+02 1.769418164501589104e+02 1.000895445031396349e+02
2.550000000000000000e+02 1.766103292468188215e+02 9.997184070345636542e+01
2.550000000000000000e+02 1.757560129350919738e+02 9.984970818521102842e+01
2.550000000000000000e+02 1.719530848200936930e+02 9.876736657917760454e+01
2.550000000000000000e+02 1.676312258436049945e+02 9.779995127191379822e+01
2.550000000000000000e+02 1.663932301183870948e+02 9.748024297595712540e+01
2.550000000000000000e+02 1.668132418574260498e+02 9.772931880350398615e+01
2.550000000000000000e+02 1.719691927749537683e+02 9.998447345980486034e+01
2.550000000000000000e+02 1.755517902034397650e+02 1.016254781443458768e+02
2.550000000000000000e+02 1.763443336987939745e+02 1.020537636909310351e+02
2.550000000000000000e+02 1.797216275180792309e+02 1.034944815442373454e+02
2.550000000000000000e+02 1.769353865576929365e+02 1.022928690875665865e+02
2.550000000000000000e+02 1.764238612578490972e+02 1.021281969500647904e+02
2.550000000000000000e+02 1.757497912444488861e+02 1.019019579831002176e+02
2.550000000000000000e+02 1.755264781775695724e+02 1.017994750656168037e+02
2.550000000000000000e+02 1.759673322480259685e+02 1.018809439959245537e+02
2.550000000000000000e+02 1.765474445441155353e+02 1.020415584127933357e+02
2.550000000000000000e+02 1.770758962091763919e+02 1.021933109627119336e+02
2.550000000000000000e+02 1.783960375206263791e+02 1.028166672203949190e+02
2.550000000000000000e+02 1.791915069160658618e+02 1.029976090014064738e+02
2.550000000000000000e+02 1.799257494711895049e+02 1.029039436526130373e+02
2.550000000000000000e+02 1.807107257162474809e+02 1.032060157037332289e+02
2.550000000000000000e+02 1.808044807690178004e+02 1.029209586143504254e+02
2.550000000000000000e+02 1.808942844169795308e+02 1.027611482109040111e+02
2.550000000000000000e+02 1.812696390799251276e+02 1.029659545721341800e+02
2.550000000000000000e+02 1.781341085528865733e+02 1.016282024873473091e+02
2.550000000000000000e+02 1.738528389647496510e+02 1.002639223894481546e+02
2.550000000000000000e+02 1.696502641283763637e+02 9.921591525742826434e+01
2.550000000000000000e+02 1.681097799483925144e+02 9.872109815387000253e+01
2.550000000000000000e+02 1.684388495741829672e+02 9.868713689269853262e+01
2.550000000000000000e+02 1.709562421785884396e+02 9.972014131144999283e+01
2.550000000000000000e+02 1.749372116460125994e+02 1.014374231702049940e+02
2.550000000000000000e+02 1.785972413258469373e+02 1.030892377376878528e+02
2.550000000000000000e+02 1.794110169773082077e+02 1.034258635392095016e+02
2.550000000000000000e+02 1.796637451964074046e+02 1.034076857481422422e+02
2.550000000000000000e+02 1.793304218301826154e+02 1.031066978969400907e+02
2.550000000000000000e+02 1.789322613154368469e+02 1.030104056613176482e+02
2.550000000000000000e+02 1.772563795031950065e+02 1.024339158554547708e+02
2.549999944627174671e+02 1.776666699890361940e+02 1.022030045294971075e+02
2.550000000000000000e+02 1.782928735173925929e+02 1.023808897305558361e+02
2.550000000000000000e+02 1.789959267749759135e+02 1.024586974096592371e+02
2.550000000000000000e+02 1.797124278768951342e+02 1.026704530604560546e+02
2.550000000000000000e+02 1.800758364065251271e+02 1.025052637407665799e+02
2.550000000000000000e+02 1.807446980519840167e+02 1.027335836185033884e+02
2.550000000000000000e+02 1.810008848577472236e+02 1.026212709170847290e+02
2.550000000000000000e+02 1.813448896419592984e+02 1.027553240971460866e+02
2.550000000000000000e+02 1.796217748097943456e+02 1.019333554824634263e+02
2.550000000000000000e+02 1.797195776160891398e+02 1.016535554891081716e+02
2.549999988925434877e+02 1.793820392704076596e+02 1.015640608215112337e+02
2.550000000000000000e+02 1.753720721618658445e+02 1.002211900727598959e+02
2.550000000000000000e+02 1.709046701440800859e+02 9.918782019336190103e+01
2.550000000000000000e+02 1.658580561923430423e+02 9.766288691761630503e+01
2.550000000000000000e+02 1.662636156239963725e+02 9.765780147734697891e+01
2.550000000000000000e+02 1.718051330608990384e+02 9.969482153338427111e+01
