2.550000000000000000e+02 0.000000000000000000e+00 4.953604189333829120e-04
2.550000000000000000e+02 0.000000000000000000e+00 0.000000000000000000e+00
2.550000000000000000e+02 1.433990559403444536e+02 7.628503016391123026e+01
2.550000000000000000e+02 1.428906126989181757e+02 7.549081482366054274e+01
2.550000000000000000e+02 1.433013361462728597e+02 7.523120726410671466e+01
2.550000000000000000e+02 1.452006795725747281e+02 7.549689404594468556e+01
2.549999955771391171e+02 1.478910881564631268e+02 7.626637453670532807e+01
2.550000000000000000e+02 1.496278947624481361e+02 7.688735747330802894e+01
2.550000000000000000e+02 1.516951200364443650e+02 7.790108161062902070e+01
2.549999867314173514e+02 1.532290699165848480e+02 7.854362157117709842e+01
2.549999988942847722e+02 1.542888891100319313e+02 7.873627475696379463e+01
2.550000000000000000e+02 1.551104775362895793e+02 7.899155786428893578e+01
2.549999789914108135e+02 1.560350003096002638e+02 7.950754318923652875e+01
2.549999800971260129e+02 1.572193263540588646e+02 7.991977040929154441e+01
2.549999955771391171e+02 1.575673701226901642e+02 8.003836942387813735e+01
2.550000000000000000e+02 1.502619129757892722e+02 7.678891233005157346e+01
2.549999878371325792e+02 1.374373988270573079e+02 7.151385461171703639e+01
2.549999988942847722e+02 1.323471879450503650e+02 6.976503109271200742e+01
2.550000000000000000e+02 1.329751988075967120e+02 6.993272607453404532e+01
2.550000000000000000e+02 1.353835891958354409e+02 7.077229453599765918e+01
2.549999988942847722e+02 1.372947339206892536e+02 7.165588041468743086e+01
2.549998872170474726e+02 1.385816349547541222e+02 7.200316455696201956e+01
2.550000000000000000e+02 1.403031550478111171e+02 7.258548616086829952e+01
2.549999690399738199e+02 1.423408256596696901e+02 7.345164928482338951e+01
2.550000000000000000e+02 1.434872312006298216e+02 7.386159983723871392e+01
2.549999977885695444e+02 1.432106851896080570e+02 7.369681067501703353e+01
2.550000000000000000e+02 1.431735143610292766e+02 7.370647352033189748e+01
2.549999900485630064e+02 1.441838085697352483e+02 7.402021136852161476e+01
2.549999524542455163e+02 1.454999701456890477e+02 7.457733482826030524e+01
2.550000000000000000e+02 1.469404052667427436e+02 7.513682009571070353e+01
2.550000000000000000e+02 1.482903751912887458e+02 7.558735260816106916e+01
2.549999624056824814e+02 1.495335661969588443e+02 7.609775075409777401e+01
2.549999955771391171e+02 1.507907854116356532e+02 7.645549053950057328e+01
2.549999878371325792e+02 1.519744800927031747e+02 7.704998496227300109e+01
2.550000000000000000e+02 1.531421595945121226e+02 7.761731859636087449e+01
2.549999856257021236e+02 1.544580016187670708e+02 7.808570951534289861e+01
2.550000000000000000e+02 1.558844660280055621e+02 7.880752151721819132e+01
2.550000000000000000e+02 1.574935824288582751e+02 7.946694796061885313e+01
2.549999988942847722e+02 1.567354797477200066e+02 7.907043184813664993e+01
2.549999701456890477e+02 1.458376478341250220e+02 7.445690806641367487e+01
2.549999834142716963e+02 1.362096988916310636e+02 7.051968836522216577e+01
2.550000000000000000e+02 1.347281190014949175e+02 7.003406819166909258e+01
2.549999834142716963e+02 1.361421529602207841e+02 7.064977576095321865e+01
2.549999944714238893e+02 1.386052895204734341e+02 7.169446545303364360e+01
2.550000000000000000e+02 1.397857267645003390e+02 7.197340423179329605e+01
2.550000000000000000e+02 1.402578362037700401e+02 7.219087630142681178e+01
2.549999712514042471e+02 1.416715627736645047e+02 7.274417288078620913e+01
2.549999944714238893e+02 1.430944070712699840e+02 7.316050451574096769e+01
2.550000000000000000e+02 1.436049423258940863e+02 7.340813386230749416e+01
2.549999988942847722e+02 1.436228018381409868e+02 7.336632234694690169e+01
2.549999237056497634e+02 1.439376973701669158e+02 7.362776539376730511e+01
2.550000000000000000e+02 1.452203237091880510e+02 7.395114397296747200e+01
2.550000000000000000e+02 1.473771649904024059e+02 7.480482467779458489e+01
2.550000000000000000e+02 1.496829029889693743e+02 7.574426354943432216e+01
2.550000000000000000e+02 1.519854532105547094e+02 7.669227281975072685e+01
2.550000000000000000e+02 1.538216835177666439e+02 7.754843253810294357e+01
2.550000000000000000e+02 1.552842970747198024e+02 7.806307663048767154e+01
2.550000000000000000e+02 1.563437270564091648e+02 7.854101318897114936e+01
2.550000000000000000e+02 1.571409444134844193e+02 7.887242368353545885e+01
2.550000000000000000e+02 1.586548520995320644e+02 7.932299600173375609e+01
2.549999867314173514e+02 1.607936138311705463e+02 8.014606276924165229e+01
2.549999955771391171e+02 1.620646743889817571e+02 8.075300422825500846e+01
2.550000000000000000e+02 1.577153701049987262e+02 7.868042950402038116e+01
2.549999955771391171e+02 1.445377579633610310e+02 7.314267264637457799e+01
2.549999988942847722e+02 1.367335768118249746e+02 7.034526731771178731e+01
2.550000000000000000e+02 1.363901715185450598e+02 7.007343939353731344e+01
2.549999579828215985e+02 1.381581581880423641e+02 7.093299697476315657e+01
2.550000000000000000e+02 1.399341712443276720e+02 7.152028213429575487e+01
2.549999812028412407e+02 1.405451938982211288e+02 7.169973529177613614e+01
2.550000000000000000e+02 1.412449103928385057e+02 7.193783116170864389e+01
2.550000000000000000e+02 1.423213783403656691e+02 7.232665481339950020e+01
2.549999701456890477e+02 1.428604388362568329e+02 7.263754876204123434e+01
2.550000000000000000e+02 1.423860361436191511e+02 7.249710523755186387e+01
2.549999657228281649e+02 1.421565195180850765e+02 7.235343855319375450e+01
2.549999922599934621e+02 1.426089063149607625e+02 7.251618545940256411e+01
2.550000000000000000e+02 1.435708354341922472e+02 7.293893908835991624e+01
2.550000000000000000e+02 1.453512094313085470e+02 7.355151416642340223e+01
2.550000000000000000e+02 1.474275546444462179e+02 7.425721258038549877e+01
2.549999778856955857e+02 1.487718334527505704e+02 7.474286150253429639e+01
2.549999911542782343e+02 1.497411410096506756e+02 7.535660421587098767e+01
2.550000000000000000e+02 1.510375954232235642e+02 7.576509854134047828e+01
2.550000000000000000e+02 1.522193208254827539e+02 7.625018797158753614e+01
2.550000000000000000e+02 1.529594069828127658e+02 7.661304168988668550e+01
2.549999911542782343e+02 1.542304697520544323e+02 7.698590765951047388e+01
2.550000000000000000e+02 1.543536077276225456e+02 7.700106369804244366e+01
2.550000000000000000e+02 1.483282160832913235e+02 7.455183371812222504e+01
2.550000000000000000e+02 1.382013441074224431e+02 7.036762598519226231e+01
2.549999878371325792e+02 1.341616898424576902e+02 6.882129541172412246e+01
2.550000000000000000e+02 1.350445249405125310e+02 6.906268299586905357e+01
2.549999712514042471e+02 1.378969650328618570e+02 7.036543003476369051e+01
2.549999712514042471e+02 1.404073919273943147e+02 7.115353961556493800e+01
2.550000000000000000e+02 1.423632440357721123e+02 7.202565369883855340e+01
2.549999977885695444e+02 1.443183553149519298e+02 7.283377561942167233e+01
2.550000000000000000e+02 1.452249522331024707e+02 7.322563335367848936e+01
2.549999977885695444e+02 1.446772726870649137e+02 7.308382648232182532e+01
2.550000000000000000e+02 1.437762154021707488e+02 7.259051274226220585e+01
2.550000000000000000e+02 1.438901184442144654e+02 7.256886615538394381e+01
2.550000000000000000e+02 1.452156929738432041e+02 7.319437920724641344e+01
2.549999966828543450e+02 1.470513184548293282e+02 7.397445355553786328e+01
2.550000000000000000e+02 1.488003929711894955e+02 7.465759206184928587e+01
2.550000000000000000e+02 1.505543801802758139e+02 7.527070230607967005e+01
2.550000000000000000e+02 1.521009285796424422e+02 7.581798711178338124e+01
2.549999867314173514e+02 1.530163369423878237e+02 7.622134760148254884e+01
2.550000000000000000e+02 1.538950587798211416e+02 7.661235172358888690e+01
2.549999867314173514e+02 1.548158962043007989e+02 7.695214685667276910e+01
2.549999977885695444e+02 1.561222932091394000e+02 7.765907814310608615e+01
2.550000000000000000e+02 1.574623714053198285e+02 7.809394930516855027e+01
2.550000000000000000e+02 1.546893946430309086e+02 7.686709855903193045e+01
2.550000000000000000e+02 1.432876971490238702e+02 7.195956067722845262e+01
2.550000000000000000e+02 1.352987156011994898e+02 6.884711496784579765e+01
2.549999568771063991e+02 1.346364176153703340e+02 6.858397133101576060e+01
2.550000000000000000e+02 1.363331243531565917e+02 6.936143066280993708e+01
2.549999900485630064e+02 1.383078178488973720e+02 7.008247308689152533e+01
2.549999524542455163e+02 1.391952195508142438e+02 7.044213018248723301e+01
2.549999922599934621e+02 1.400319750727560688e+02 7.064116445081336337e+01
2.550000000000000000e+02 1.412015619333209600e+02 7.120082110412299414e+01
2.549999955771391171e+02 1.419868906403418123e+02 7.150872630452282408e+01
2.550000000000000000e+02 1.420148420154092435e+02 7.144573039124627201e+01
2.549999966828543450e+02 1.422265743173314263e+02 7.161459853691762589e+01
2.550000000000000000e+02 1.436002784190926036e+02 7.216863152261409198e+01
2.549999336570867570e+02 1.460146595723978180e+02 7.282956063299984351e+01
2.549999612999672820e+02 1.476959836000318376e+02 7.365882051145963771e+01
2.549999237056497634e+02 1.494519622022309022e+02 7.452132150660332854e+01
2.549999878371325792e+02 1.510846060115525233e+02 7.505727936558483293e+01
2.550000000000000000e+02 1.527415025785278999e+02 7.562905797486045856e+01
2.549999878371325792e+02 1.541990663340675383e+02 7.631995860202212612e+01
2.550000000000000000e+02 1.556064129271377965e+02 7.687541574892303231e+01
2.550000000000000000e+02 1.568917648541782626e+02 7.737841223717148864e+01
2.550000000000000000e+02 1.585205220744986718e+02 7.808653106175198388e+01
2.550000000000000000e+02 1.598113583490344922e+02 7.861390414775893021e+01
2.550000000000000000e+02 1.568874702562605705e+02 7.740401396739467543e+01
2.550000000000000000e+02 1.442240742952171217e+02 7.197810131005140022e+01
2.550000000000000000e+02 1.356357851462639985e+02 6.873225879928172333e+01
2.550000000000000000e+02 1.344563131916248722e+02 6.814767932489451141e+01
2.549999966828543450e+02 1.354687049421047504e+02 6.851062702898742884e+01
2.549999778856955857e+02 1.369087121513679790e+02 6.928939663331829024e+01
2.549999225999345356e+02 1.373442732797282702e+02 6.941152730232023771e+01
2.549999977885695444e+02 1.378499511273872429e+02 6.962544449751877096e+01
2.550000000000000000e+02 1.389521590195402041e+02 7.005323908216790585e+01
2.550000000000000000e+02 1.396301459986377722e+02 7.034075378818035063e+01
2.550000000000000000e+02 1.396638327185556818e+02 7.029731466001467766e+01
2.550000000000000000e+02 1.396035723447354826e+02 7.004644446213589504e+01
2.550000000000000000e+02 1.398996873037355613e+02 7.009572618952843470e+01
2.550000000000000000e+02 1.413067740537289012e+02 7.073027404046032984e+01
2.549999679342585921e+02 1.429971085546975189e+02 7.143440123309360956e+01
2.550000000000000000e+02 1.458545564312820204e+02 7.247000415748922819e+01
2.550000000000000000e+02 1.469046851365337147e+02 7.284290882714574877e+01
2.550000000000000000e+02 1.478941454590487297e+02 7.348383002061052593e+01
2.549999922599934621e+02 1.490484435952551507e+02 7.385199559483055509e+01
2.549999944714238893e+02 1.503128798131783697e+02 7.442240975152367355e+01
2.549999988942847722e+02 1.514053187113552497e+02 7.492758339304195658e+01
2.550000000000000000e+02 1.531109894824368212e+02 7.560709515342904297e+01
2.550000000000000000e+02 1.536429899866429594e+02 7.568039633256375964e+01
2.550000000000000000e+02 1.465068819715344546e+02 7.277477907809887370e+01
2.550000000000000000e+02 1.358073324399154274e+02 6.853420530035647573e+01
2.550000000000000000e+02 1.318868610071738772e+02 6.712852170297836096e+01
2.549999977885695444e+02 1.322438853948287942e+02 6.708516218630859385e+01
2.549999767799803578e+02 1.335678157259241630e+02 6.764449707648896037e+01
2.550000000000000000e+02 1.346211034595617946e+02 6.812241483781369311e+01
2.549999944714238893e+02 1.348750961972242237e+02 6.827655264531308887e+01
2.549999966828543450e+02 1.359397562119081044e+02 6.868174862227883182e+01
2.550000000000000000e+02 1.373914298224663639e+02 6.919700749232633541e+01
2.550000000000000000e+02 1.382514794469654760e+02 6.945777715857725809e+01
2.550000000000000000e+02 1.383989221488027397e+02 6.942817273925466282e+01
2.550000000000000000e+02 1.385286015356172982e+02 6.963841011419826543e+01
2.550000000000000000e+02 1.392487582818069995e+02 6.971826929030774522e+01
2.549999679342585921e+02 1.402600973913966413e+02 7.020515882493431548e+01
2.550000000000000000e+02 1.417322875478774620e+02 7.074209745331670263e+01
2.550000000000000000e+02 1.434678048899149871e+02 7.142535648258719050e+01
2.549999911542782343e+02 1.449344366159806725e+02 7.202671297402011419e+01
2.550000000000000000e+02 1.461031289529319110e+02 7.244782019301365494e+01
2.550000000000000000e+02 1.468913933338640732e+02 7.278560071296517719e+01
2.549999812028412407e+02 1.478067961680333440e+02 7.310942821254499790e+01
2.550000000000000000e+02 1.492101566577324832e+02 7.366459897920370281e+01
2.550000000000000000e+02 1.508091015842687739e+02 7.435857128324884968e+01
2.550000000000000000e+02 1.525886175463736834e+02 7.489936111774539995e+01
2.550000000000000000e+02 1.517267235888862444e+02 7.474017129740201426e+01
2.549999922599934621e+02 1.419574675583154146e+02 7.073178665888242733e+01
2.550000000000000000e+02 1.329459150456881389e+02 6.721862643632407242e+01
2.549999789914108135e+02 1.310168256685154233e+02 6.632691244504594863e+01
2.549999413970932949e+02 1.321920638395739900e+02 6.676382254597564270e+01
2.549999502428150606e+02 1.337313499013702085e+02 6.740126515935567397e+01
2.549999955771391171e+02 1.341689831400543085e+02 6.754510322957301582e+01
2.550000000000000000e+02 1.345446819520738870e+02 6.776366442869905882e+01
2.550000000000000000e+02 1.358644625339454706e+02 6.824170824155896753e+01
2.550000000000000000e+02 1.365528498704101708e+02 6.836040234765455637e+01
2.550000000000000000e+02 1.363146279489425012e+02 6.837232638059602152e+01
2.549999988942847722e+02 1.360020278817150086e+02 6.827666985112649911e+01
2.549999944714238893e+02 1.363007622800732292e+02 6.822948566550788030e+01
2.549999203885041084e+02 1.372693820821059774e+02 6.859943807552477324e+01
2.550000000000000000e+02 1.384917148758503060e+02 6.902464086369627694e+01
2.550000000000000000e+02 1.394175213845323640e+02 6.944286216596343309e+01
2.549999955771391171e+02 1.401333072384541083e+02 6.962707100460862364e+01
2.549999447142389499e+02 1.410886120177976011e+02 7.006990552769153169e+01
2.550000000000000000e+02 1.422128745057453045e+02 7.043364381816734010e+01
2.549999480313846334e+02 1.432105480809206597e+02 7.086957425541136502e+01
2.550000000000000000e+02 1.441292824350502997e+02 7.119960813452573234e+01
2.550000000000000000e+02 1.455658751957115840e+02 7.194936598289237395e+01
2.549999679342585921e+02 1.462808682518200101e+02 7.201866115578201288e+01
2.549999789914108135e+02 1.428898796097267621e+02 7.078210112429123058e+01
2.550000000000000000e+02 1.330361259276950818e+02 6.686021548178223384e+01
2.549999889428477786e+02 1.271486368742757520e+02 6.492191660253517682e+01
2.550000000000000000e+02 1.268855341489088744e+02 6.457325584481066016e+01
2.549999778856955857e+02 1.288881060425125327e+02 6.544815301329512636e+01
2.549999624056824814e+02 1.310279016178825202e+02 6.622648586011375471e+01
2.549999767799803578e+02 1.320605345911949655e+02 6.662178458013781324e+01
2.549999281285106463e+02 1.335740375854717854e+02 6.716143110509601399e+01
2.550000000000000000e+02 1.351415470282797742e+02 6.789361692717316998e+01
2.549999889428477786e+02 1.351397225981654060e+02 6.781511335792444584e+01
2.550000000000000000e+02 1.345059797079142641e+02 6.767072021866624709e+01
2.549999966828543450e+02 1.349421943139700488e+02 6.772480849012374904e+01
2.549999966828543450e+02 1.362801174711850649e+02 6.838649833258145350e+01
2.549999900485630064e+02 1.379998363541473054e+02 6.888630372670257884e+01
2.550000000000000000e+02 1.395603355624552080e+02 6.932762452564817579e+01
2.549999889428477786e+02 1.413003984997655778e+02 7.007462693168449164e+01
2.549999966828543450e+02 1.437180315615352697e+02 7.112940185229413714e+01
2.550000000000000000e+02 1.455041995064087246e+02 7.176915983334660609e+01
2.549999889428477786e+02 1.470990245380321824e+02 7.249600283947668800e+01
2.549999878371325792e+02 1.489397816433582022e+02 7.333128886589001638e+01
2.549999612999672820e+02 1.502282483701757769e+02 7.380060195136621815e+01
2.550000000000000000e+02 1.512934634539005287e+02 7.424535378464206303e+01
2.549999922599934621e+02 1.514781709701103125e+02 7.410559801502003552e+01
2.550000000000000000e+02 1.444265042149864087e+02 7.135375257631646662e+01
2.549999977885695444e+02 1.332754657272510030e+02 6.681973635326274064e+01
2.549999922599934621e+02 1.282840073773319602e+02 6.500144185264797159e+01
2.549999900485630064e+02 1.284289655370679952e+02 6.491799684207732923e+01
2.549999358685171842e+02 1.298208785570858765e+02 6.567754469300922437e+01
2.549999977885695444e+02 1.309945432953851991e+02 6.618758127006873337e+01
2.550000000000000000e+02 1.314674742810639714e+02 6.629480358074816593e+01
2.549999856257021236e+02 1.324642466983343638e+02 6.659431640262187102e+01
2.549998938513388111e+02 1.337121082450972551e+02 6.710548854921317741e+01
2.549999679342585921e+02 1.341412241594352963e+02 6.721976311157108341e+01
2.549999889428477786e+02 1.340361447248538127e+02 6.716407155304337095e+01
2.549999966828543450e+02 1.340119339843784587e+02 6.716869123123601071e+01
2.549999845199868957e+02 1.347742074233296989e+02 6.737711855036312159e+01
2.549999756742651300e+02 1.357416805986784425e+02 6.767813735636759986e+01
2.550000000000000000e+02 1.368064887792019420e+02 6.805937469592831235e+01
2.550000000000000000e+02 1.378735769445107735e+02 6.852123194367044334e+01
2.549999679342585921e+02 1.386989922511477289e+02 6.879753801448929096e+01
2.550000000000000000e+02 1.398859565321232310e+02 6.928255446753178148e+01
2.549999823085564685e+02 1.412163663544126848e+02 6.973664959442365330e+01
2.549999955771391171e+02 1.417626228449610437e+02 6.992468973630903406e+01
2.550000000000000000e+02 1.421853388796008915e+02 7.022005833753505044e+01
2.550000000000000000e+02 1.430341466974497848e+02 7.039724367309750619e+01
2.549999889428477786e+02 1.439829343912816455e+02 7.082150660333130077e+01
2.550000000000000000e+02 1.426762775433661545e+02 7.037967606966890344e+01
2.550000000000000000e+02 1.335290073331033511e+02 6.661629912692725952e+01
2.550000000000000000e+02 1.256796068518960823e+02 6.395532357650222366e+01
2.550000000000000000e+02 1.243270119594158274e+02 6.319788653592689798e+01
2.550000000000000000e+02 1.251951222478748207e+02 6.350578178488974146e+01
2.549999679342585921e+02 1.264938621748091521e+02 6.394132964466735558e+01
2.549999812028412407e+02 1.272273693265752001e+02 6.434998429884386439e+01
2.550000000000000000e+02 1.280297846509035935e+02 6.461416399083583428e+01
2.549999568771063991e+02 1.295325666303992023e+02 6.522159749312244514e+01
2.549999911542782343e+02 1.311888439968509203e+02 6.570969336305495290e+01
2.549999756742651300e+02 1.318306309653336257e+02 6.605781121460606187e+01
2.549999955771391171e+02 1.316777293474511055e+02 6.610489809728524335e+01
2.550000000000000000e+02 1.316516897540004720e+02 6.608479840600094235e+01
2.549999966828543450e+02 1.322436388203345530e+02 6.624124605259666509e+01
2.550000000000000000e+02 1.337142986669497304e+02 6.680147988925156710e+01
2.550000000000000000e+02 1.352073779953825294e+02 6.740798348503746240e+01
2.549999988942847722e+02 1.365013268582650028e+02 6.781679625649054799e+01
2.550000000000000000e+02 1.376216563171722100e+02 6.829840931808331561e+01
2.549999635113977092e+02 1.383724889207334741e+02 6.850808056683385416e+01
2.550000000000000000e+02 1.391004862935541269e+02 6.877155149536926615e+01
2.550000000000000000e+02 1.401059230952949690e+02 6.903830197524966650e+01
2.549999812028412407e+02 1.414558498969473419e+02 6.968753925289034612e+01
2.550000000000000000e+02 1.435290570902882905e+02 7.075157343275924404e+01
2.549999358685171842e+02 1.446570414156693118e+02 7.113756755919999364e+01
2.550000000000000000e+02 1.396827448716928188e+02 6.921236698245893137e+01
2.550000000000000000e+02 1.296556946545303504e+02 6.512571871489353725e+01
2.549999126484975420e+02 1.247313067784765934e+02 6.347428990968518292e+01
2.549999380799476398e+02 1.246001766932922834e+02 6.321800613008518610e+01
2.549999878371325792e+02 1.255774686198020333e+02 6.368565400843881719e+01
2.549999624056824814e+02 1.261696056577236362e+02 6.394028474378367122e+01
2.549999745685499306e+02 1.264212376933895854e+02 6.412354598448460763e+01
2.549999878371325792e+02 1.275568392909269448e+02 6.442645998637759419e+01
2.549999988942847722e+02 1.290147966810851869e+02 6.503586940176383280e+01
2.549999955771391171e+02 1.295431029907385323e+02 6.513716397314438211e+01
2.550000000000000000e+02 1.295415273465488326e+02 6.527498363541472770e+01
2.549999878371325792e+02 1.296135447903121758e+02 6.521759701545347809e+01
2.549999800971260129e+02 1.301613138992826180e+02 6.513511508284018703e+01
2.550000000000000000e+02 1.313716706914700580e+02 6.559313881591168638e+01
2.550000000000000000e+02 1.323449499774434059e+02 6.603500694389158809e+01
2.549999436085237505e+02 1.332847415722385733e+02 6.657834434625692666e+01
2.550000000000000000e+02 1.341171173561906755e+02 6.670632203734663790e+01
2.550000000000000000e+02 1.349801656803686853e+02 6.715066696742120200e+01
2.550000000000000000e+02 1.360396299392298829e+02 6.747686512043449625e+01
2.550000000000000000e+02 1.374125611460517007e+02 6.786728874204990802e+01
2.550000000000000000e+02 1.387964588364337715e+02 6.851958774513705919e+01
2.550000000000000000e+02 1.401339186989712289e+02 6.883559894382082689e+01
2.549999922599934621e+02 1.397235004290175198e+02 6.886895726631814796e+01
2.550000000000000000e+02 1.324662767914797996e+02 6.615312054949623644e+01
2.550000000000000000e+02 1.247984104237985292e+02 6.311021769321267527e+01
2.550000000000000000e+02 1.235619067837840248e+02 6.267356190678378169e+01
2.549999823085564685e+02 1.253153776238622186e+02 6.354020048828384404e+01
2.550000000000000000e+02 1.277523319534007413e+02 6.433936722129341490e+01
2.550000000000000000e+02 1.296640328530106387e+02 6.497371493777035312e+01
2.550000000000000000e+02 1.316041539509416225e+02 6.597371936063123599e+01
2.549999900485630064e+02 1.332848012808605063e+02 6.647475209864748535e+01
2.549999966828543450e+02 1.341006609965590144e+02 6.675555400755425239e+01
2.549998651027430583e+02 1.339345372360657791e+02 6.670242991976930114e+01
2.549999823085564685e+02 1.340637079938787508e+02 6.674310807702855186e+01
2.550000000000000000e+02 1.348712018682164455e+02 6.701431458924891160e+01
2.549999579828215985e+02 1.367697823510159196e+02 6.766429048465710139e+01
2.550000000000000000e+02 1.386938396182186466e+02 6.846296628010863117e+01
2.550000000000000000e+02 1.404273534042760332e+02 6.911822638855717571e+01
2.549999712514042471e+02 1.417963935992357278e+02 6.956796168033331185e+01
2.549999977885695444e+02 1.430093068050137504e+02 7.012186419163371909e+01
2.550000000000000000e+02 1.446220709603800003e+02 7.075124503533865550e+01
2.550000000000000000e+02 1.457413632584100753e+02 7.125105816946633297e+01
2.550000000000000000e+02 1.468597532928199314e+02 7.172273969694556683e+01
2.549999922599934621e+02 1.485284014011623412e+02 7.240591026899839733e+01
2.550000000000000000e+02 1.488953661686525436e+02 7.242305106635176060e+01
2.550000000000000000e+02 1.416212991711558686e+02 6.967541729692433705e+01
2.550000000000000000e+02 1.303618740546134802e+02 6.521697007492326748e+01
2.550000000000000000e+02 1.258978805650647104e+02 6.359598934975099382e+01
2.549999867314173514e+02 1.264027866234995514e+02 6.369344819503047006e+01
2.549999701456890477e+02 1.283729820697219850e+02 6.458702421074048061e+01
2.549999955771391171e+02 1.299555093366593326e+02 6.500075299206538659e+01
2.549999977885695444e+02 1.309801612575078025e+02 6.540925837468708437e+01
2.549999977885695444e+02 1.328566915673734457e+02 6.629404616582189647e+01
2.549999823085564685e+02 1.345480466434908635e+02 6.669325801201249249e+01
2.550000000000000000e+02 1.350403984113083595e+02 6.689526886571309205e+01
2.549999911542782343e+02 1.350563870534016360e+02 6.713523118293836944e+01
2.549999944714238893e+02 1.353132590734990970e+02 6.720120368158940494e+01
2.550000000000000000e+02 1.364890224592875541e+02 6.765492397102141808e+01
2.550000000000000000e+02 1.380851544463020559e+02 6.813950919512777205e+01
2.550000000000000000e+02 1.398007810772319885e+02 6.872364638342665444e+01
2.550000000000000000e+02 1.416260891294925273e+02 6.952149510389300247e+01
2.549999977885695444e+02 1.431986063565356631e+02 7.030996735928668784e+01
2.550000000000000000e+02 1.439801800546665618e+02 7.057788547444029348e+01
2.550000000000000000e+02 1.447409928438110853e+02 7.091654724942281973e+01
2.550000000000000000e+02 1.455369231483692829e+02 7.126204897876142752e+01
2.550000000000000000e+02 1.465249559925342169e+02 7.152543366150960935e+01
2.549999955771391171e+02 1.483226598643066154e+02 7.241245942025139470e+01
2.550000000000000000e+02 1.494840710665286849e+02 7.252669638829179632e+01
2.550000000000000000e+02 1.437870149227326237e+02 7.048190165326539613e+01
2.549999944714238893e+02 1.323581820714911146e+02 6.580184145812877716e+01
2.550000000000000000e+02 1.270984263460977104e+02 6.382597369282346733e+01
2.549999955771391171e+02 1.273054372440269333e+02 6.399091433803041440e+01
2.550000000000000000e+02 1.289218038195826637e+02 6.468991764633035757e+01
2.549999203885041084e+02 1.300466943537757913e+02 6.508815867455705018e+01
2.549999911542782343e+02 1.301787510283151619e+02 6.518730705269396708e+01
2.549998883227627005e+02 1.310678500030959981e+02 6.551970273952002799e+01
2.549999867314173514e+02 1.322703849658112745e+02 6.597696131765871996e+01
2.549999878371325792e+02 1.327636754858512802e+02 6.598772877247918700e+01
2.549999624056824814e+02 1.328961877150616147e+02 6.605918561862554839e+01
2.549999889428477786e+02 1.330346210492795080e+02 6.619507801926597779e+01
2.550000000000000000e+02 1.338674999336570863e+02 6.642686578386363294e+01
2.549999988942847722e+02 1.355980526143530653e+02 6.702749250325079799e+01
2.550000000000000000e+02 1.372197244115383512e+02 6.766893006572371405e+01
2.550000000000000000e+02 1.385679207688701240e+02 6.809544865500799915e+01
2.550000000000000000e+02 1.398930784438606167e+02 6.887482529699511247e+01
2.550000000000000000e+02 1.409285531052906322e+02 6.908443683712371808e+01
2.549999668285433643e+02 1.420186777415103165e+02 6.962722359330909683e+01
2.549999977885695444e+02 1.429721580907394127e+02 7.005889039266159557e+01
2.550000000000000000e+02 1.442646850038478874e+02 7.040437885341754054e+01
2.550000000000000000e+02 1.457521804704154818e+02 7.101045564312819636e+01
2.550000000000000000e+02 1.471004763421171333e+02 7.153291714212420516e+01
2.549999900485630064e+02 1.447994221532256063e+02 7.051599417066935871e+01
2.549999590885368264e+02 1.338004051340569163e+02 6.623696140611593819e+01
2.550000000000000000e+02 1.259486008279595524e+02 6.335904895222425637e+01
2.550000000000000000e+02 1.250467905510000151e+02 6.303410136312572121e+01
2.550000000000000000e+02 1.262689331617263377e+02 6.345706176082937588e+01
2.549999823085564685e+02 1.280067161142513328e+02 6.395328353191978721e+01
2.550000000000000000e+02 1.286654437456324160e+02 6.427517934700881597e+01
2.549999944714238893e+02 1.293459594954400416e+02 6.452720833443905235e+01
2.550000000000000000e+02 1.310914127944519691e+02 6.517805221629558332e+01
2.550000000000000000e+02 1.324977598209625853e+02 6.563546559456518992e+01
2.550000000000000000e+02 1.332195972542879758e+02 6.598090872099709259e+01
2.549999966828543450e+02 1.336846201647073258e+02 6.618802797901794577e+01
2.549999856257021236e+02 1.343518817061628283e+02 6.657540867234561688e+01
2.549999911542782343e+02 1.357439594777485752e+02 6.696584777397411870e+01
2.550000000000000000e+02 1.377613667524701668e+02 6.771956850569222297e+01
2.550000000000000000e+02 1.394882672557917260e+02 6.825279414236304376e+01
2.549999745685499306e+02 1.411834525294341347e+02 6.902398849171598272e+01
2.550000000000000000e+02 1.426990077311608331e+02 6.977085710621058467e+01
2.549999988942847722e+02 1.442285524418614955e+02 7.045744212686534524e+01
2.550000000000000000e+02 1.462167588833160892e+02 7.107793412591000504e+01
2.549999988942847722e+02 1.479768396889844269e+02 7.177665658254385050e+01
2.550000000000000000e+02 1.500596544418791893e+02 7.264438982211252949e+01
2.549999369742324120e+02 1.518204362709975328e+02 7.332524834363860577e+01
2.550000000000000000e+02 1.501253051774009464e+02 7.272429322683083797e+01
2.549999867314173514e+02 1.386320113402153140e+02 6.797332351458217659e+01
2.550000000000000000e+02 1.297485515130607041e+02 6.466943095471874869e+01
2.549999966828543450e+02 1.285214862581712225e+02 6.402703916001026130e+01
2.550000000000000000e+02 1.299185043653637024e+02 6.498662305725835608e+01
2.549999922599934621e+02 1.326688714628170089e+02 6.595507036771665810e+01
2.549999889428477786e+02 1.344863422055922513e+02 6.640794257357428876e+01
2.549999624056824814e+02 1.362224146166706475e+02 6.724116975824642850e+01
2.550000000000000000e+02 1.375800416191209194e+02 6.778018270838309434e+01
2.549999734628347028e+02 1.377927170961264665e+02 6.784162288034391963e+01
2.549999579828215985e+02 1.368647444913267748e+02 6.763106705941670782e+01
2.550000000000000000e+02 1.362970061654680762e+02 6.736198020327468328e+01
2.549999668285433643e+02 1.370762855045157380e+02 6.746062548098612410e+01
2.549999955771391171e+02 1.384592577112579477e+02 6.806671111641854566e+01
2.549999911542782343e+02 1.403739141876531278e+02 6.887968602110589700e+01
2.550000000000000000e+02 1.421799452007536502e+02 6.938105047368840417e+01
2.549999988942847722e+02 1.437337238719493371e+02 6.996390945519199533e+01
2.549999856257021236e+02 1.451257043405956608e+02 7.073107900114109725e+01
2.549999933657086615e+02 1.464270250068554446e+02 7.129036302842131079e+01
2.550000000000000000e+02 1.476906186697803491e+02 7.177730232023282042e+01
2.549999535599607157e+02 1.492902745712036392e+02 7.230578775575193617e+01
2.550000000000000000e+02 1.510660222558359749e+02 7.314429583631876142e+01
2.550000000000000000e+02 1.488725563693619449e+02 7.226396850038479158e+01
2.549999977885695444e+02 1.382102617006784726e+02 6.782790758874470782e+01
2.550000000000000000e+02 1.305860301727569492e+02 6.490601531194437257e+01
2.549999557713911713e+02 1.300249725782625205e+02 6.464464192518288144e+01
2.549999911542782343e+02 1.321982160390627143e+02 6.566142447080468969e+01
2.549999911542782343e+02 1.349274683986589878e+02 6.666893670001503835e+01
2.550000000000000000e+02 1.363375306283116117e+02 6.712762386221903910e+01
2.550000000000000000e+02 1.381998635547417393e+02 6.812145065414112821e+01
2.549999889428477786e+02 1.401907281355872215e+02 6.867160368512769253e+01
2.549999082256366592e+02 1.402725963962529647e+02 6.879196189263062422e+01
2.549999845199868957e+02 1.393689937549204387e+02 6.847748432095816895e+01
2.549999988942847722e+02 1.391629724721138643e+02 6.824818994418349405e+01
2.550000000000000000e+02 1.399161945262673612e+02 6.851978013958549241e+01
2.550000000000000000e+02 1.410070080230696306e+02 6.899621181965342487e+01
2.549999977885695444e+02 1.425473588886235063e+02 6.948296203416217054e+01
2.549999170713584249e+02 1.444857617051013392e+02 7.031882966678166724e+01
2.550000000000000000e+02 1.457915406151314812e+02 7.082314416757334641e+01
2.550000000000000000e+02 1.469436129465983640e+02 7.131193332094932202e+01
2.549999988942847722e+02 1.480778224486726913e+02 7.161458526833496308e+01
2.550000000000000000e+02 1.491850624507956695e+02 7.211987611566665635e+01
2.550000000000000000e+02 1.505525568558766452e+02 7.276371529159921181e+01
2.549999690399738199e+02 1.517624149704995205e+02 7.322865969623791216e+01
2.549999966828543450e+02 1.493440587709754084e+02 7.213220594609417446e+01
2.550000000000000000e+02 1.376082616829870346e+02 6.747125250997355295e+01
2.549999988942847722e+02 1.292467138143636873e+02 6.442144335642066721e+01
2.549999955771391171e+02 1.282837884457182156e+02 6.383997647038010115e+01
2.549999082256366592e+02 1.294421832568178274e+02 6.454269277039159647e+01
2.549999966828543450e+02 1.312578262523330466e+02 6.515437111341100263e+01
2.549999955771391171e+02 1.323627033410291176e+02 6.549557271625577926e+01
2.549999823085564685e+02 1.334584273191271109e+02 6.617532220541535537e+01
2.549999933657086615e+02 1.349782693787649634e+02 6.677441529779122220e+01
2.550000000000000000e+02 1.357018361506957262e+02 6.683624910437066546e+01
2.549999358685171842e+02 1.355391953931481055e+02 6.691312506081433753e+01
2.550000000000000000e+02 1.351618689683234606e+02 6.667673199232191905e+01
2.550000000000000000e+02 1.357124454882396094e+02 6.691890463427363045e+01
2.549999579828215985e+02 1.368779876425267048e+02 6.725542353315819355e+01
2.549999767799803578e+02 1.384113835593415160e+02 6.790253783757485451e+01
2.549999823085564685e+02 1.402280869357535096e+02 6.854584958734707811e+01
2.549999889428477786e+02 1.417986028182469624e+02 6.908552928376191460e+01
2.549999944714238893e+02 1.431738106927084857e+02 6.986345854452494564e+01
2.549999977885695444e+02 1.446318078886146736e+02 7.051594441348441933e+01
2.550000000000000000e+02 1.458769604330865377e+02 7.105651531636723917e+01
2.549999856257021236e+02 1.470145799609018979e+02 7.146677546904439282e+01
2.550000000000000000e+02 1.487221293421436599e+02 7.208293969871471063e+01
2.550000000000000000e+02 1.487976253659917347e+02 7.216072897593079460e+01
2.549999856257021236e+02 1.405440251572327099e+02 6.874756300365328343e+01
2.550000000000000000e+02 1.299852818246954769e+02 6.464935448345407565e+01
2.549999988942847722e+02 1.259862338455006210e+02 6.337647834125025526e+01
2.549999823085564685e+02 1.262972615856840832e+02 6.323347508602464728e+01
2.549999977885695444e+02 1.278314458774513724e+02 6.385792554555988687e+01
2.549999944714238893e+02 1.287753728471724628e+02 6.423181651319339380e+01
2.549997755398101731e+02 1.291746831020176955e+02 6.457638723031605821e+01
2.549999789914108135e+02 1.307426082937487308e+02 6.501501008412282090e+01
2.549999889428477786e+02 1.323519380976390778e+02 6.542697414395527744e+01
2.549999358685171842e+02 1.330364753337048569e+02 6.576651717396880770e+01
2.550000000000000000e+02 1.331820162053622880e+02 6.590079744181726085e+01
2.549999767799803578e+02 1.335413316349547586e+02 6.599486948137533204e+01
2.550000000000000000e+02 1.345591789843342383e+02 6.631790086599616529e+01
2.550000000000000000e+02 1.359336626153260852e+02 6.682904205256127739e+01
2.550000000000000000e+02 1.371080151084927650e+02 6.723729312068218178e+01
2.550000000000000000e+02 1.383594215782536878e+02 6.776358481720315297e+01
2.549999834142716963e+02 1.394643727498695398e+02 6.810624928128510192e+01
2.550000000000000000e+02 1.402451680244849683e+02 6.864084821626020982e+01
2.550000000000000000e+02 1.412325164309281718e+02 6.884560013799325873e+01
2.549999900485630064e+02 1.421949221134198353e+02 6.915085493900875235e+01
2.549999900485630064e+02 1.433492003467522977e+02 6.962865438880486124e+01
2.550000000000000000e+02 1.445399450680678228e+02 7.009403223381011117e+01
2.550000000000000000e+02 1.424675196153880279e+02 6.939213858592292183e+01
2.549999612999672820e+02 1.319939395748746165e+02 6.517930388592557733e+01
2.549999745685499306e+02 1.242314107157073551e+02 6.250672495997310563e+01
2.549999977885695444e+02 1.232004904952719642e+02 6.201121858663057651e+01
2.549999712514042471e+02 1.243171655653743102e+02 6.262171713150934238e+01
2.549999955771391171e+02 1.260696467903298554e+02 6.321038443506797933e+01
2.550000000000000000e+02 1.270398289679696404e+02 6.348485280718980306e+01
2.549998850056170454e+02 1.281970174437633148e+02 6.401539487301965892e+01
2.549999778856955857e+02 1.299968641916337049e+02 6.451276658793973695e+01
2.549999635113977092e+02 1.312000780634946011e+02 6.495069947544870104e+01
2.549999778856955857e+02 1.310721711381790158e+02 6.475313027979018443e+01
2.550000000000000000e+02 1.308801979672531388e+02 6.479182699537368251e+01
2.550000000000000000e+02 1.311491112261055036e+02 6.488297662960309253e+01
2.549999579828215985e+02 1.316818426080725999e+02 6.505221740130386365e+01
2.549999955771391171e+02 1.322480141354633929e+02 6.534333121036010539e+01
2.549999900485630064e+02 1.332078070128882246e+02 6.564715189873417955e+01
2.549999579828215985e+02 1.340784007377332046e+02 6.581512994365274949e+01
2.550000000000000000e+02 1.347439185662854300e+02 6.610790011410981037e+01
2.549999480313846334e+02 1.354090416545037954e+02 6.645060548965493297e+01
2.549999535599607157e+02 1.362012689187874344e+02 6.680128749480313388e+01
2.550000000000000000e+02 1.372237492149421882e+02 6.711908663499897898e+01
2.550000000000000000e+02 1.381088532406301681e+02 6.743156065069129568e+01
2.549998850056170454e+02 1.363184559350370080e+02 6.669092053003565468e+01
2.550000000000000000e+02 1.273611652911569365e+02 6.328763965183239293e+01
2.549999977885695444e+02 1.202294370140381545e+02 6.064310940388681104e+01
2.550000000000000000e+02 1.190085007386177693e+02 6.024259391945085440e+01
2.549999214942193078e+02 1.204793828339923465e+02 6.087666852426823993e+01
2.549998905341931277e+02 1.227120242107404806e+02 6.177507872692372359e+01
2.549999977885695444e+02 1.242010555157498146e+02 6.209404218524710473e+01
2.549999834142716963e+02 1.258383355889923791e+02 6.281648444479827020e+01
2.549999767799803578e+02 1.274693926969721076e+02 6.352798454652407401e+01
2.550000000000000000e+02 1.280031977284186553e+02 6.376014604286636711e+01
2.550000000000000000e+02 1.278239513396845553e+02 6.365105286203327495e+01
2.550000000000000000e+02 1.279973916177940509e+02 6.376243376765827264e+01
2.550000000000000000e+02 1.290599286592539556e+02 6.421784690709338861e+01
2.549999767799803578e+02 1.307692018505250076e+02 6.478146423232404061e+01
2.550000000000000000e+02 1.323005157055789880e+02 6.528712549425470968e+01
2.550000000000000000e+02 1.335663097417933898e+02 6.581923988712858886e+01
2.549999966828543450e+02 1.348520398234393838e+02 6.617679280665906560e+01
2.549999988942847722e+02 1.361529137807499410e+02 6.672476536723013396e+01
2.550000000000000000e+02 1.373675850737290887e+02 6.723169709594954213e+01
2.549999823085564685e+02 1.389188106484798766e+02 6.786508394589957049e+01
2.550000000000000000e+02 1.408416195631982646e+02 6.857841290060062533e+01
2.550000000000000000e+02 1.420837347079584845e+02 6.912768688798662708e+01
2.549999856257021236e+02 1.366385140514290129e+02 6.697963604277791205e+01
2.549999789914108135e+02 1.262644019407513554e+02 6.310518337181222392e+01
2.549999966828543450e+02 1.217160667055878491e+02 6.155403298569646608e+01
2.550000000000000000e+02 1.221724816230130273e+02 6.154819702076090948e+01
2.549999889428477786e+02 1.239642345354669146e+02 6.232397234827375598e+01
2.550000000000000000e+02 1.252431456713460562e+02 6.275682558005820511e+01
2.549999955771391171e+02 1.261463745809339372e+02 6.320373024086900671e+01
2.549999767799803578e+02 1.277076157241550192e+02 6.380684481950304843e+01
2.549998861113322448e+02 1.286777061274314633e+02 6.420264663995259014e+01
2.549999911542782343e+02 1.285908698882785473e+02 6.414136126812267946e+01
2.550000000000000000e+02 1.283044675317782435e+02 6.391870560553388003e+01
2.549999612999672820e+02 1.286659368946209270e+02 6.417190333395252821e+01
2.549999988942847722e+02 1.298002149510389245e+02 6.438374952454245204e+01
2.550000000000000000e+02 1.312505384833125390e+02 6.490118112499889946e+01
2.550000000000000000e+02 1.327260922254951367e+02 6.557775389432900681e+01
2.549999845199868957e+02 1.342536610230961855e+02 6.602081730046262464e+01
2.550000000000000000e+02 1.356494595264000509e+02 6.666250033171456835e+01
2.549999480313846334e+02 1.365588727012180641e+02 6.713777653937673051e+01
2.550000000000000000e+02 1.374473646383426626e+02 6.738361131013985528e+01
2.550000000000000000e+02 1.384990557192014080e+02 6.784493892029119877e+01
2.550000000000000000e+02 1.400745495316190272e+02 6.828770488903042235e+01
2.549999237056497634e+02 1.404733135631451830e+02 6.852511410981078654e+01
2.549999988942847722e+02 1.340424329273147066e+02 6.604747498872170297e+01
2.549999778856955857e+02 1.228962916522923621e+02 6.186644618705162912e+01
2.549999502428150606e+02 1.175522771099257824e+02 5.979686131677414096e+01
2.550000000000000000e+02 1.173469391591256823e+02 5.971065091243620060e+01
2.549999624056824814e+02 1.187224544224185934e+02 6.024013038593884062e+01
2.549999756742651300e+02 1.197045230386823391e+02 6.056267746729294288e+01
2.550000000000000000e+02 1.203571791877858317e+02 6.073725331493422885e+01
2.550000000000000000e+02 1.222203347663402582e+02 6.148064224362887131e+01
2.549999977885695444e+02 1.236422701660341943e+02 6.201631814522905728e+01
2.549999911542782343e+02 1.241913617104087564e+02 6.222905111942608869e+01
2.549999867314173514e+02 1.244235630124990024e+02 6.229936023317322480e+01
2.549999922599934621e+02 1.246693811975338093e+02 6.233471216021371220e+01
2.550000000000000000e+02 1.253472852479898165e+02 6.272736158656865513e+01
2.550000000000000000e+02 1.267141106953621943e+02 6.325362232306345334e+01
2.549999778856955857e+02 1.284189787171934256e+02 6.383354673637095544e+01
2.549999966828543450e+02 1.296378318251377664e+02 6.425116984670364673e+01
2.549999834142716963e+02 1.309451377278878965e+02 6.463417522490247791e+01
2.550000000000000000e+02 1.319698670488018593e+02 6.516951720050597885e+01
2.550000000000000000e+02 1.327377254553335320e+02 6.539026992719971076e+01
2.549999922599934621e+02 1.335820031579226566e+02 6.582983595608983762e+01
2.549999867314173514e+02 1.349475039584604872e+02 6.628590589036612357e+01
2.549999977885695444e+02 1.365778865801555071e+02 6.702645091951278289e+01
2.549999789914108135e+02 1.355334644711585383e+02 6.647674349176020314e+01
2.549999756742651300e+02 1.264784418703394095e+02 6.288501777990074970e+01
2.549999955771391171e+02 1.187890848216260196e+02 6.052272023635768505e+01
2.549999966828543450e+02 1.170769312422047079e+02 5.968383400118532478e+01
2.550000000000000000e+02 1.178779268281895440e+02 5.991072676450034606e+01
2.549999734628347028e+02 1.191450322426558444e+02 6.044434935293545408e+01
2.549999889428477786e+02 1.198712383568187221e+02 6.069754155277799867e+01
2.549999778856955857e+02 1.205381759237144905e+02 6.091389132146237273e+01
2.549999878371325792e+02 1.223167155392794285e+02 6.151418964342895634e+01
2.549999712514042471e+02 1.236377068793178182e+02 6.204045701421507175e+01
2.549999402913780671e+02 1.238161129244840737e+02 6.201287273660094002e+01
2.550000000000000000e+02 1.235528299675361978e+02 6.201529314721934583e+01
2.549999988942847722e+02 1.239164245150332988e+02 6.199101606383072749e+01
2.549999878371325792e+02 1.247636257286663266e+02 6.238967062955001808e+01
2.549999867314173514e+02 1.260403873541561666e+02 6.277317136816778742e+01
2.549999668285433643e+02 1.275985258604675892e+02 6.353679599111889331e+01
2.549999789914108135e+02 1.294887758847933128e+02 6.410317760440163681e+01
2.550000000000000000e+02 1.308811853709453317e+02 6.464358265000132064e+01
2.549999933657086615e+02 1.318371668480039602e+02 6.504754907164149813e+01
2.549999635113977092e+02 1.328272507939035165e+02 6.529737879149749347e+01
2.550000000000000000e+02 1.336239993277251585e+02 6.556766534865411700e+01
2.550000000000000000e+02 1.347095451972153626e+02 6.599845089297561174e+01
2.549999988942847722e+02 1.360377955576785212e+02 6.654263416748489135e+01
2.549999922599934621e+02 1.328768100558164917e+02 6.532672557917362610e+01
2.549999977885695444e+02 1.222561964280975531e+02 6.141930269175313128e+01
2.549999955771391171e+02 1.156809138072871121e+02 5.894173212500773928e+01
2.549999789914108135e+02 1.148849492255570652e+02 5.860647705862059809e+01
2.549999823085564685e+02 1.161947717361498178e+02 5.918297154331308008e+01
2.549999867314173514e+02 1.172707774947146788e+02 5.956608970446443863e+01
2.549999977885695444e+02 1.180171076258967418e+02 5.980281338180788708e+01
2.549999778856955857e+02 1.194562346858441941e+02 6.030146551495369067e+01
2.549999590885368264e+02 1.210260285362984263e+02 6.099513927588921547e+01
2.549999679342585921e+02 1.215501076966625078e+02 6.115831962246459597e+01
2.549999966828543450e+02 1.213696284354571873e+02 6.103809520650337817e+01
2.549999933657086615e+02 1.217321659192031831e+02 6.115257432617714528e+01
2.549999723571194750e+02 1.226653696627126351e+02 6.158080456262328539e+01
2.549999789914108135e+02 1.241476362020008963e+02 6.199668617148316230e+01
2.549999922599934621e+02 1.260711450344540907e+02 6.269121686171482821e+01
2.550000000000000000e+02 1.277684941927836633e+02 6.327168086405010428e+01
2.549999966828543450e+02 1.291834005608187681e+02 6.393403302992507520e+01
2.549999690399738199e+02 1.307889222814885670e+02 6.455616259321179484e+01
2.549999988942847722e+02 1.317349423701226954e+02 6.477008199984078374e+01
2.550000000000000000e+02 1.324984785358561226e+02 6.516897982290865343e+01
2.550000000000000000e+02 1.336458781147997854e+02 6.555262209307468879e+01
2.550000000000000000e+02 1.346943172871940533e+02 6.584158749745685668e+01
2.549999878371325792e+02 1.305359976647294502e+02 6.434359437058266451e+01
2.549999723571194750e+02 1.209425448256950517e+02 6.086809038558501328e+01
2.549999823085564685e+02 1.160063998796981792e+02 5.920819954179161471e+01
2.549998662084582861e+02 1.164112564020911265e+02 5.908399786818105071e+01
2.549999668285433643e+02 1.190656275155021291e+02 6.024813023556156821e+01
2.549999977885695444e+02 1.212009958071278817e+02 6.097282483701757627e+01
2.549999701456890477e+02 1.226261422038231217e+02 6.141791833629665120e+01
2.549999380799476398e+02 1.246861703774469419e+02 6.219031017523374771e+01
2.549999823085564685e+02 1.257530550911551614e+02 6.260442485117073375e+01
2.550000000000000000e+02 1.254269144353333445e+02 6.255244849578501487e+01
2.549999933657086615e+02 1.251540670417252699e+02 6.234613198701448056e+01
2.549999988942847722e+02 1.256713736963617549e+02 6.255767742306433377e+01
2.549999325513715291e+02 1.268826272235933033e+02 6.307316185901688499e+01
2.549999933657086615e+02 1.288352992949959628e+02 6.383207724084246593e+01
2.549999955771391171e+02 1.307915870551707656e+02 6.443368472963051374e+01
2.550000000000000000e+02 1.321628176719829355e+02 6.497304376863129960e+01
2.549999889428477786e+02 1.336105129191766423e+02 6.554715543702288016e+01
2.549999955771391171e+02 1.346971567638811393e+02 6.596032583216127421e+01
2.550000000000000000e+02 1.357038949924369149e+02 6.638138218825464776e+01
2.550000000000000000e+02 1.366667142124211693e+02 6.669493648771771177e+01
2.549999756742651300e+02 1.383113351290148501e+02 6.743499610788242649e+01
2.549999944714238893e+02 1.403195727074100603e+02 6.815763186759723169e+01
2.550000000000000000e+02 1.390704030995408971e+02 6.764352183566417409e+01
2.549999557713911713e+02 1.284736839777441730e+02 6.365218622013463090e+01
2.549998617855974032e+02 1.194401896522746824e+02 6.036487275429238508e+01
2.549999955771391171e+02 1.172058200426363754e+02 5.945309998319312683e+01
2.549999900485630064e+02 1.187220806906739625e+02 6.007159727197940668e+01
2.549999889428477786e+02 1.211286201116330119e+02 6.089163216835177650e+01
2.549999358685171842e+02 1.221784005165901448e+02 6.135350489610699753e+01
2.549999878371325792e+02 1.234476377500022153e+02 6.189558288883581127e+01
2.549999646171129370e+02 1.249663818344257749e+02 6.239538164866561942e+01
2.550000000000000000e+02 1.256558372917938300e+02 6.258856115489743388e+01
2.549999922599934621e+02 1.254873329264301276e+02 6.262210413183663604e+01
2.550000000000000000e+02 1.254661275199249815e+02 6.248331918017850484e+01
2.549999900485630064e+02 1.261145067625542850e+02 6.285328596449327421e+01
2.549999723571194750e+02 1.277172829923307660e+02 6.332926540703588358e+01
2.549999966828543450e+02 1.297301347203425053e+02 6.414713531300586169e+01
2.549999535599607157e+02 1.315573434970676487e+02 6.465013954126087015e+01
2.549999988942847722e+02 1.332057724968818775e+02 6.537298759829808148e+01
2.550000000000000000e+02 1.347927005103981344e+02 6.612445488239612246e+01
2.550000000000000000e+02 1.363670488018469769e+02 6.690724818441560728e+01
2.550000000000000000e+02 1.379228774690620867e+02 6.753286738493927999e+01
2.550000000000000000e+02 1.395384490353740432e+02 6.805504803226919819e+01
2.549999447142389499e+02 1.418616274801192390e+02 6.889779100213182517e+01
2.550000000000000000e+02 1.438254473723783633e+02 6.966579757450308819e+01
2.550000000000000000e+02 1.402578914895310902e+02 6.831387163973144538e+01
2.550000000000000000e+02 1.275129092252032308e+02 6.331028912241594497e+01
2.550000000000000000e+02 1.194957584764128882e+02 6.035301285283372863e+01
2.549999778856955857e+02 1.185192449734186084e+02 5.996427765836053680e+01
2.549999635113977092e+02 1.198127581845040623e+02 6.064782306787322597e+01
2.549999679342585921e+02 1.215939658908968681e+02 6.131242868136825308e+01
2.549999734628347028e+02 1.219506264982441195e+02 6.134606564410123042e+01
2.549999745685499306e+02 1.227404875319551678e+02 6.179654065936009744e+01
2.549999944714238893e+02 1.246366376526992781e+02 6.240224371732611530e+01
2.549999966828543450e+02 1.254464756433051207e+02 6.257485360330475999e+01
2.549999502428150606e+02 1.256959957628992726e+02 6.267189780537643173e+01
2.549999966828543450e+02 1.259706819609196060e+02 6.273325836584135828e+01
2.549999977885695444e+02 1.264559637856150829e+02 6.297043759785579908e+01
2.550000000000000000e+02 1.276345456395014537e+02 6.332015763076188364e+01
2.550000000000000000e+02 1.294252392767737945e+02 6.392017510106236955e+01
2.549999834142716963e+02 1.314313129704818266e+02 6.474503312722801240e+01
2.549999834142716963e+02 1.329281351449371584e+02 6.524214057621031770e+01
2.549999900485630064e+02 1.343756457376889557e+02 6.586268675530079975e+01
2.549999988942847722e+02 1.355655667011649825e+02 6.623045316632610024e+01
2.550000000000000000e+02 1.367183887075515827e+02 6.670600690850869796e+01
2.549999856257021236e+02 1.380148917725941828e+02 6.719227281975072685e+01
2.550000000000000000e+02 1.396839290926943136e+02 6.770281913152703623e+01
2.549999778856955857e+02 1.409886343532450610e+02 6.836721576484532648e+01
2.549999856257021236e+02 1.367056099567444107e+02 6.658042309087210242e+01
2.550000000000000000e+02 1.244396688604056607e+02 6.208056351670514772e+01
2.549997600597970688e+02 1.177052970393369264e+02 5.982982268750718902e+01
2.550000000000000000e+02 1.174028695521411123e+02 5.941773257613954939e+01
2.549999900485630064e+02 1.189401310493679773e+02 5.998911644508133634e+01
2.550000000000000000e+02 1.206276736194039785e+02 6.064709219011225372e+01
2.549999966828543450e+02 1.217853364470273902e+02 6.109083671682191152e+01
2.550000000000000000e+02 1.228732032127661427e+02 6.148003520597263361e+01
2.550000000000000000e+02 1.241420523401356917e+02 6.204014962538368394e+01
2.549999867314173514e+02 1.246151348087997235e+02 6.208861754637369756e+01
2.549999756742651300e+02 1.241724351829737572e+02 6.189380600447593395e+01
2.549999977885695444e+02 1.238382537660660461e+02 6.184031260780723471e+01
2.549999900485630064e+02 1.241625279745950934e+02 6.189229117462339502e+01
2.549999933657086615e+02 1.255192438677033806e+02 6.238208652885032279e+01
2.549999823085564685e+02 1.272687109129669381e+02 6.300889879609727018e+01
2.549999513485302884e+02 1.288227837044113642e+02 6.358781700855381303e+01
2.550000000000000000e+02 1.300023242133941892e+02 6.395689922069190914e+01
2.549999878371325792e+02 1.311459057576803104e+02 6.443386496121151197e+01
2.550000000000000000e+02 1.327354498934090543e+02 6.493220970552592064e+01
2.550000000000000000e+02 1.339934972887862727e+02 6.543984798627144528e+01
2.550000000000000000e+02 1.355723292554555997e+02 6.614959663508743404e+01
2.550000000000000000e+02 1.374920919247406061e+02 6.686260161522879741e+01
2.550000000000000000e+02 1.367236707091615244e+02 6.651180682712805492e+01
2.549999436085237505e+02 1.272122597280825147e+02 6.285268556112836080e+01
2.550000000000000000e+02 1.187399965943971267e+02 5.994054679829100962e+01
2.550000000000000000e+02 1.168834620385850371e+02 5.901338357703296822e+01
2.550000000000000000e+02 1.183930198409539258e+02 5.962879813178356159e+01
2.549999977885695444e+02 1.207426591566488838e+02 6.056270179302779866e+01
2.549999767799803578e+02 1.224084567311519720e+02 6.115888796008810147e+01
2.549999734628347028e+02 1.239831190457235408e+02 6.180950406460915048e+01
2.549999834142716963e+02 1.257650985413404783e+02 6.237811811692274944e+01
2.549999911542782343e+02 1.260319197869950187e+02 6.246421684402339025e+01
2.549999546656759435e+02 1.255994712469813948e+02 6.247563777653937933e+01
2.549999889428477786e+02 1.259346478075878650e+02 6.270894479385045628e+01
2.550000000000000000e+02 1.270909284911852382e+02 6.302324545108758258e+01
2.550000000000000000e+02 1.286031565958124361e+02 6.347767339826093291e+01
2.550000000000000000e+02 1.305717830321364943e+02 6.427435669488451708e+01
2.549999668285433643e+02 1.322938570885191325e+02 6.484615299560367419e+01
2.549999856257021236e+02 1.333852488743819151e+02 6.543616263744040396e+01
2.550000000000000000e+02 1.345453398526302635e+02 6.589158572831250638e+01
2.550000000000000000e+02 1.354766251802315935e+02 6.624287698254738643e+01
2.550000000000000000e+02 1.362811203548903620e+02 6.662232195773513865e+01
2.550000000000000000e+02 1.373952168970977255e+02 6.705185472671142577e+01
2.550000000000000000e+02 1.385600104821803029e+02 6.731898667834302330e+01
2.549999911542782343e+02 1.366751884138736273e+02 6.671931308547621597e+01
2.549999767799803578e+02 1.265535508938601907e+02 6.271674340330299202e+01
2.549999955771391171e+02 1.185499197250749717e+02 5.988591119779918159e+01
2.549999480313846334e+02 1.165202157913824976e+02 5.910067205371122157e+01
2.549999845199868957e+02 1.181654514856389682e+02 5.954068700298100936e+01
2.550000000000000000e+02 1.204447916390237907e+02 6.051779095790320895e+01
2.549999988942847722e+02 1.219535290006988077e+02 6.092325230652195245e+01
2.549999911542782343e+02 1.239354682482817225e+02 6.167244292298030217e+01
2.550000000000000000e+02 1.259793032224964406e+02 6.243844483365619880e+01
2.549999845199868957e+02 1.264409138957443162e+02 6.259398689948606176e+01
2.549999966828543450e+02 1.260534757052251678e+02 6.254918110730744729e+01
2.549999469256694056e+02 1.259572055038080833e+02 6.242861613105821306e+01
2.549999834142716963e+02 1.265409778060840864e+02 6.267794053905828378e+01
2.550000000000000000e+02 1.278119897124255857e+02 6.312795889393095194e+01
2.550000000000000000e+02 1.294415297791223338e+02 6.393410821856009107e+01
2.550000000000000000e+02 1.313886953887252389e+02 6.459245880105086712e+01
2.550000000000000000e+02 1.328784465143433238e+02 6.500476120974090577e+01
2.549999812028412407e+02 1.338294047271537011e+02 6.546755278684464940e+01
2.549999966828543450e+02 1.350839116223938277e+02 6.587915970066077875e+01
2.549999590885368264e+02 1.364774157666144845e+02 6.641147754513529833e+01
2.550000000000000000e+02 1.377705707259683834e+02 6.691782324478765531e+01
2.550000000000000000e+02 1.389962604711231506e+02 6.739466956806340647e+01
2.549999756742651300e+02 1.356335936186963238e+02 6.612298096400675718e+01
2.550000000000000000e+02 1.245427801218940402e+02 6.206272501304744083e+01
2.549999800971260129e+02 1.176941204698847372e+02 5.949626378826880568e+01
2.549999944714238893e+02 1.168846352024343389e+02 5.921678763191182782e+01
2.550000000000000000e+02 1.178689904377747695e+02 5.952306521950658436e+01
2.549999590885368264e+02 1.190980205486116574e+02 6.005394452847880160e+01
2.549999900485630064e+02 1.201189439977354994e+02 6.025721589753116092e+01
2.549999955771391171e+02 1.214618351334377166e+02 6.072998876593335638e+01
2.549999955771391171e+02 1.231950337906571491e+02 6.147118616706030281e+01
2.550000000000000000e+02 1.238550064573768879e+02 6.169952962874505431e+01
2.549999789914108135e+02 1.237062147829702212e+02 6.159994228166547003e+01
2.549999878371325792e+02 1.236090920751178714e+02 6.162994586418278686e+01
2.549999635113977092e+02 1.241592086175021450e+02 6.180381184265230132e+01
2.549999878371325792e+02 1.255909262797547967e+02 6.231151867774151043e+01
2.549999922599934621e+02 1.270495924333695967e+02 6.289662557828906131e+01
2.549999933657086615e+02 1.284911000981875020e+02 6.348104693539969645e+01
2.550000000000000000e+02 1.297788525329724223e+02 6.383310555599783953e+01
2.549999988942847722e+02 1.306390016718414131e+02 6.414501012835141580e+01
2.550000000000000000e+02 1.314244409503843372e+02 6.444219431397004882e+01
2.549999303399410735e+02 1.326536081699086367e+02 6.491261090323665428e+01
2.550000000000000000e+02 1.340799288361683921e+02 6.548213053631610592e+01
2.549999900485630064e+02 1.351071780820706181e+02 6.569547607674547862e+01
2.549999977885695444e+02 1.295411867862608233e+02 6.377907920459269775e+01
2.550000000000000000e+02 1.191955004024803344e+02 6.014310719245636960e+01
2.549999955771391171e+02 1.145321077585825549e+02 5.827741731461578922e+01
2.550000000000000000e+02 1.146073406222080706e+02 5.827284628789286103e+01
2.549999778856955857e+02 1.164492830542508131e+02 5.897898919937372142e+01
2.550000000000000000e+02 1.182707244203840844e+02 5.965219617157161736e+01
2.549999789914108135e+02 1.189246200762501218e+02 5.990592243186582522e+01
2.550000000000000000e+02 1.206563381807888646e+02 6.067354532105547094e+01
2.549999889428477786e+02 1.223844439137011335e+02 6.121519871913948663e+01
2.550000000000000000e+02 1.227079927730453193e+02 6.131701187095860917e+01
2.549999845199868957e+02 1.228391516068253537e+02 6.138393970756043672e+01
2.550000000000000000e+02 1.232123791453263664e+02 6.145407522401790601e+01
2.549999214942193078e+02 1.237949462180116598e+02 6.178625197923024359e+01
2.550000000000000000e+02 1.251805367583967978e+02 6.230975506196428171e+01
2.549999988942847722e+02 1.267683360755070794e+02 6.288600850073861892e+01
2.550000000000000000e+02 1.279401774894072474e+02 6.322411188953462613e+01
2.549999856257021236e+02 1.292347853585613393e+02 6.372458181850348069e+01
2.550000000000000000e+02 1.303113052747038978e+02 6.412394404196410846e+01
2.549999535599607157e+02 1.312864344222416833e+02 6.455078881723854067e+01
2.549999413970932949e+02 1.329940191863705081e+02 6.509128674291679317e+01
2.549999900485630064e+02 1.336609302161009794e+02 6.530070588859697978e+01
2.550000000000000000e+02 1.288068614052313592e+02 6.350333815425169348e+01
2.549999955771391171e+02 1.191600456439243203e+02 6.005075454006669844e+01
2.550000000000000000e+02 1.140042934922024926e+02 5.813914652053534127e+01
2.550000000000000000e+02 1.135451972153667839e+02 5.793986899486063891e+01
2.549999933657086615e+02 1.147865825880812736e+02 5.823673915735654560e+01
2.550000000000000000e+02 1.158622135091862759e+02 5.854027567691885992e+01
2.549998606798821754e+02 1.164805692664242969e+02 5.893036979539845532e+01
2.549999933657086615e+02 1.181427743721748982e+02 5.951736857468885233e+01
2.550000000000000000e+02 1.199418017850666587e+02 6.008429751700590060e+01
2.550000000000000000e+02 1.202907566630399145e+02 6.027729568594149612e+01
2.550000000000000000e+02 1.200831630531893239e+02 6.030653743067165351e+01
2.550000000000000000e+02 1.205071915717962980e+02 6.035695141045033552e+01
2.550000000000000000e+02 1.215365040823005955e+02 6.074530292174190294e+01
2.550000000000000000e+02 1.233519259347716428e+02 6.150137661544993506e+01
2.549999977885695444e+02 1.253154019495970743e+02 6.222394382082106290e+01
2.549998872170474726e+02 1.268966300011499442e+02 6.274570319065183810e+01
2.549999314456563013e+02 1.277771508372475608e+02 6.313747025626055631e+01
2.549999977885695444e+02 1.288587338233863306e+02 6.353399853161018740e+01
2.549999944714238893e+02 1.300235627913559711e+02 6.390705136710629830e+01
2.549999856257021236e+02 1.314744778812727191e+02 6.447566320798945583e+01
2.549999955771391171e+02 1.318922812231864157e+02 6.457926208989022143e+01
2.549999966828543450e+02 1.255135693371900629e+02 6.206924430998947173e+01
2.549999922599934621e+02 1.163786145830569012e+02 5.892273925465948281e+01
2.549999823085564685e+02 1.127512804182257184e+02 5.754011977107271747e+01
2.549999966828543450e+02 1.128931259896151289e+02 5.754667666233225987e+01
2.549998076055515810e+02 1.141974143955276020e+02 5.796697007492326037e+01
2.549999624056824814e+02 1.153065407478173228e+02 5.837257184937504917e+01
2.549999944714238893e+02 1.162881073693708061e+02 5.870152986757954494e+01
2.549999955771391171e+02 1.181614919194331605e+02 5.932782466010313982e+01
2.550000000000000000e+02 1.192336199347185755e+02 5.988054516183247955e+01
2.549999800971260129e+02 1.191689930914913020e+02 5.989319675538925480e+01
2.549999447142389499e+02 1.188987253314934236e+02 5.966700280409379786e+01
2.549999889428477786e+02 1.192837795999964641e+02 5.981904528124972131e+01
2.549999856257021236e+02 1.204298910207078279e+02 6.025387884899468105e+01
2.549999944714238893e+02 1.223102205680722534e+02 6.086515913453457927e+01
2.549999988942847722e+02 1.235050111013808163e+02 6.143799149041566210e+01
2.549999823085564685e+02 1.249352095109200462e+02 6.189263062919619074e+01
2.549999867314173514e+02 1.262584642500154786e+02 6.244694225512830599e+01
2.550000000000000000e+02 1.273708635193588634e+02 6.282303912462737117e+01
2.549999933657086615e+02 1.282459110651133471e+02 6.318804898760714650e+01
2.549999900485630064e+02 1.289847820414156558e+02 6.340216300011499584e+01
2.549999988942847722e+02 1.248637913648064171e+02 6.193851781086078034e+01
2.549999966828543450e+02 1.164430567718422935e+02 5.901677922847614610e+01
2.549999977885695444e+02 1.127908064202248539e+02 5.747382219214676979e+01
2.549999988942847722e+02 1.134720021848932703e+02 5.765586714610478936e+01
2.549999590885368264e+02 1.159483664163327461e+02 5.872174565896204257e+01
2.549999845199868957e+02 1.182118119134180745e+02 5.954645883643375726e+01
2.549999789914108135e+02 1.200727317357959834e+02 6.037695379879521340e+01
2.549999712514042471e+02 1.222448606356535663e+02 6.098219135065325958e+01
2.550000000000000000e+02 1.230728964873638915e+02 6.140154158816088881e+01
2.550000000000000000e+02 1.225044051694398064e+02 6.129796592627975826e+01
2.549999900485630064e+02 1.224853083618607883e+02 6.125582601349857015e+01
2.549999303399410735e+02 1.233022638413431338e+02 6.136490260860335155e+01
2.549999812028412407e+02 1.249579861387539950e+02 6.196694464347318387e+01
2.549999933657086615e+02 1.270530124105476375e+02 6.289365452149068147e+01
2.549999679342585921e+02 1.287394459482171385e+02 6.342745955293722204e+01
2.549999966828543450e+02 1.300312530407168481e+02 6.399366535749984308e+01
2.549999878371325792e+02 1.310679605746180982e+02 6.436986284708400774e+01
2.549999867314173514e+02 1.323447067200948197e+02 6.485550071208059819e+01
2.549999745685499306e+02 1.334428212545002737e+02 6.531477500906686373e+01
2.549999988942847722e+02 1.339807174322638730e+02 6.544685600934107583e+01
2.549999977885695444e+02 1.296256004033648992e+02 6.376076966625091558e+01
2.549999889428477786e+02 1.196878720731718175e+02 6.018306442339162743e+01
2.549999955771391171e+02 1.143586133004272511e+02 5.826772793213562096e+01
2.549998695256039412e+02 1.141170521189926461e+02 5.801845770418137249e+01
2.549999933657086615e+02 1.156471894930516839e+02 5.858230833532362425e+01
2.549999922599934621e+02 1.174808644923882497e+02 5.916951498907553031e+01
2.549999878371325792e+02 1.184585401020796240e+02 5.949767136374492793e+01
2.550000000000000000e+02 1.200231802138895461e+02 6.017238100292793490e+01
2.550000000000000000e+02 1.214386018452175620e+02 6.080196419251829099e+01
2.549999933657086615e+02 1.212891589045458147e+02 6.079056537430671625e+01
2.549999977885695444e+02 1.209169552583392999e+02 6.062274212951906094e+01
2.550000000000000000e+02 1.210951191518721970e+02 6.063059934187830180e+01
2.550000000000000000e+02 1.220816360604693500e+02 6.093695322382329493e+01
2.550000000000000000e+02 1.233416671089527483e+02 6.145155529902962144e+01
2.549999856257021236e+02 1.246982270962149215e+02 6.199026638891100305e+01
2.549999292342258741e+02 1.258937075958212830e+02 6.227166980689789710e+01
2.550000000000000000e+02 1.272924749444930939e+02 6.279921759590973807e+01
2.549999966828543450e+02 1.281934172350042900e+02 6.327931361621951822e+01
2.549999933657086615e+02 1.291681184707516081e+02 6.358881436368300655e+01
2.549999955771391171e+02 1.308522554379074450e+02 6.421190921635751181e+01
2.549999966828543450e+02 1.310051117214659087e+02 6.433932962697591051e+01
2.549999988942847722e+02 1.237372610549407739e+02 6.153386252863802497e+01
2.549999922599934621e+02 1.150847353802333544e+02 5.850349848295871880e+01
2.549999966828543450e+02 1.125929088271457488e+02 5.750810931542959281e+01
2.549999988942847722e+02 1.132131188688091044e+02 5.772251302532529849e+01
2.550000000000000000e+02 1.146232507585206406e+02 5.825989946837211875e+01
2.550000000000000000e+02 1.158921695459491019e+02 5.875439964086369571e+01
2.549999358685171842e+02 1.167979858291537312e+02 5.902806747516563490e+01
2.549999856257021236e+02 1.181855025254535576e+02 5.958618939574874673e+01
2.549999601942520542e+02 1.190352170297835386e+02 5.986037028191315557e+01
2.549999933657086615e+02 1.192778209006713865e+02 5.994573260267671344e+01
2.549999922599934621e+02 1.191475388990614732e+02 5.993818277914886750e+01
2.549999778856955857e+02 1.190040004776689813e+02 5.991164450813364084e+01
2.549999911542782343e+02 1.193855219860414536e+02 6.004975386779184277e+01
2.549999856257021236e+02 1.202138243151199930e+02 6.035388526214296689e+01
2.550000000000000000e+02 1.207267379631841067e+02 6.050062804624543134e+01
2.549999723571194750e+02 1.213940171960831123e+02 6.072414395527603403e+01
2.549999458199541778e+02 1.224917878530548734e+02 6.104972069633521414e+01
2.549999015913453491e+02 1.234449884563330926e+02 6.139599421489796782e+01
2.549999734628347028e+02 1.245579494290086586e+02 6.185058801935443995e+01
2.549999988942847722e+02 1.264174362444603616e+02 6.259893055223840719e+01
2.549999955771391171e+02 1.266882811878035255e+02 6.263644968111172773e+01
2.549999900485630064e+02 1.204935072402232663e+02 6.049620076250121770e+01
2.550000000000000000e+02 1.121910852816035487e+02 5.739592123769338627e+01
2.550000000000000000e+02 1.094265771921909902e+02 5.636917951507753344e+01
2.550000000000000000e+02 1.098025192615591408e+02 5.643495298498881141e+01
2.549999513485302884e+02 1.107281532786667668e+02 5.671767109837327325e+01
2.549999789914108135e+02 1.111947794761563557e+02 5.702268595918584282e+01
2.549999823085564685e+02 1.124825109023520753e+02 5.725889326752116659e+01
