2.550000000000000000e+02 0.000000000000000000e+00 0.000000000000000000e+00
2.550000000000000000e+02 0.000000000000000000e+00 0.000000000000000000e+00
2.550000000000000000e+02 1.319710031080296346e+02 7.038715957380000532e+01
2.550000000000000000e+02 1.321270810632744599e+02 6.967192604189504834e+01
2.550000000000000000e+02 1.336378467887917054e+02 6.964789692931960019e+01
2.550000000000000000e+02 1.364953941446528347e+02 7.009670368170955612e+01
2.550000000000000000e+02 1.391514462088318282e+02 7.075098303419052570e+01
2.549999977965050277e+02 1.413639821120278839e+02 7.130174770203018397e+01
2.550000000000000000e+02 1.437490230254206267e+02 7.209733498301656596e+01
2.549999735580604465e+02 1.453435579172124790e+02 7.265849794358832980e+01
2.550000000000000000e+02 1.469611920467052926e+02 7.302652126537901722e+01
2.549999614388381417e+02 1.481723617830240585e+02 7.334335299218089688e+01
2.549999900842726674e+02 1.395219010873146033e+02 6.996403455520801629e+01
2.549999471161208930e+02 1.202962125226822252e+02 6.302433650012284261e+01
2.550000000000000000e+02 1.133369562463022646e+02 6.074806891210148763e+01
2.549999592353431694e+02 1.139458920794271819e+02 6.068161811449139265e+01
2.549999878807776952e+02 1.163727685481942871e+02 6.157035263631646416e+01
2.549999988982525281e+02 1.179361228845071139e+02 6.214903448359442706e+01
2.549999966947575558e+02 1.184259972742767246e+02 6.218706129792463599e+01
2.549999250811712557e+02 1.191729600319066122e+02 6.242200233790815389e+01
2.550000000000000000e+02 1.208156501026277709e+02 6.284981969902462140e+01
2.549999955930100839e+02 1.219439122392026036e+02 6.321479448553350267e+01
2.549999482178683650e+02 1.221975378147279372e+02 6.335732204850112481e+01
2.550000000000000000e+02 1.226022261909614883e+02 6.334485687749339178e+01
2.549999889825251955e+02 1.236961721987243976e+02 6.360662657040331425e+01
2.549999955930100839e+02 1.254316470353627864e+02 6.418352689200339967e+01
2.550000000000000000e+02 1.279701206082968241e+02 6.503213577054566485e+01
2.549999746598079184e+02 1.301986131202700676e+02 6.569118679136978756e+01
2.549999592353431694e+02 1.322935495990190020e+02 6.630264672797524383e+01
2.549999845755352510e+02 1.347138376178456554e+02 6.698296257694329370e+01
2.549999636423331140e+02 1.362735275420344294e+02 6.771656444286281840e+01
2.549999922877676397e+02 1.378474267034944205e+02 6.797572629948361111e+01
2.550000000000000000e+02 1.397753558919802686e+02 6.869873265987182265e+01
2.549999900842726674e+02 1.418069683324721382e+02 6.919695278681517436e+01
2.550000000000000000e+02 1.434887010287016267e+02 6.969078245004401140e+01
2.550000000000000000e+02 1.411590339437381658e+02 6.878589520839003058e+01
2.549999360986460601e+02 1.233133380855374668e+02 6.249324133007363002e+01
2.549999812702928068e+02 1.112334239337012463e+02 5.831259550773481948e+01
2.549999834737877791e+02 1.095992029958717495e+02 5.755996536105917727e+01
2.550000000000000000e+02 1.104620563676046601e+02 5.788371496029852636e+01
2.549999977965050277e+02 1.119798148843881336e+02 5.829494551307829653e+01
2.550000000000000000e+02 1.124163933414789227e+02 5.845486746528668931e+01
2.549999757615553904e+02 1.127989520177954290e+02 5.843900230155048803e+01
2.549999955930100839e+02 1.142838189652608065e+02 5.893221168094714812e+01
2.549999944912625836e+02 1.156771406127258501e+02 5.938734687087188746e+01
2.549999867790302233e+02 1.163537380639432257e+02 5.944574830138081722e+01
2.549999889825251955e+02 1.169750696579845339e+02 5.967410199317136943e+01
2.549999977965050277e+02 1.180235884135827860e+02 5.999889825251831610e+01
2.549999977965050277e+02 1.200067933749720481e+02 6.076704320723099073e+01
2.549999955930100839e+02 1.225925495428298859e+02 6.157839649468021292e+01
2.549999559301007253e+02 1.252547934278559154e+02 6.255223770422266938e+01
2.549999647440805859e+02 1.281568106173201329e+02 6.347829943072707692e+01
2.550000000000000000e+02 1.305650675536468270e+02 6.418900147523987698e+01
2.550000000000000000e+02 1.327310524222469326e+02 6.492449173634301474e+01
2.550000000000000000e+02 1.349869938709787505e+02 6.571511895016685401e+01
2.550000000000000000e+02 1.370290189269199743e+02 6.647205582774839172e+01
2.549999603370906698e+02 1.391800420647188616e+02 6.711168193872300947e+01
2.550000000000000000e+02 1.413214943221443605e+02 6.784201161462195273e+01
2.549999988982525281e+02 1.432878833117207193e+02 6.845875002341213644e+01
2.549999955930100839e+02 1.429105028485681146e+02 6.843122396432981702e+01
2.549999206741813111e+02 1.273245009910218641e+02 6.281438860176125161e+01
2.549999977965050277e+02 1.119880339206014668e+02 5.744904472984600829e+01
2.549999559301007253e+02 1.084281368678861526e+02 5.634951176060349098e+01
2.550000000000000000e+02 1.096476975130254061e+02 5.681518516519050621e+01
2.550000000000000000e+02 1.117464195961214131e+02 5.738787020092568980e+01
2.549999955930100839e+02 1.131008120980687437e+02 5.777972872773506197e+01
2.549999724563129462e+02 1.146540138313378918e+02 5.838705270429428396e+01
2.549999713545654743e+02 1.173637243031171806e+02 5.933375456812049720e+01
2.550000000000000000e+02 1.200509987891795163e+02 6.034271177514656159e+01
2.549999911860201394e+02 1.218737441455893133e+02 6.083114177396768696e+01
2.550000000000000000e+02 1.221690576423264929e+02 6.079146013491999412e+01
2.550000000000000000e+02 1.223042012936718947e+02 6.088106305411012187e+01
2.549999955930100839e+02 1.233834092253723611e+02 6.121564723808432262e+01
2.549999834737877791e+02 1.247309786051656602e+02 6.165831835874880795e+01
2.550000000000000000e+02 1.272215669273033996e+02 6.245120525665758748e+01
2.549999812702928068e+02 1.298365249121631848e+02 6.346058553471661412e+01
2.549999955930100839e+02 1.323071308402256818e+02 6.421393732599275950e+01
2.550000000000000000e+02 1.345883794286117165e+02 6.486670728442382483e+01
2.549999812702928068e+02 1.370491192079757639e+02 6.570482973043544916e+01
2.550000000000000000e+02 1.390592299446151401e+02 6.631873003771281105e+01
2.549999944912625836e+02 1.413001380489594681e+02 6.693377506062365967e+01
2.549999911860201394e+02 1.431914539651340874e+02 6.791217750474027071e+01
2.550000000000000000e+02 1.448227629843695183e+02 6.835724823141985951e+01
2.550000000000000000e+02 1.462341665115039007e+02 6.859093548276922547e+01
2.549999933895151116e+02 1.466675454939078804e+02 6.900923594913892600e+01
2.549999911860201394e+02 1.355546417172276961e+02 6.506238314590773086e+01
2.549999757615553904e+02 1.163041748517323271e+02 5.835616080665543848e+01
2.549999988982525281e+02 1.096590807680061346e+02 5.603839810323153614e+01
2.549999823720403072e+02 1.102080683171578386e+02 5.620967686848109679e+01
2.549999878807776952e+02 1.127567451735197182e+02 5.730828657333396592e+01
2.550000000000000000e+02 1.141729710493814309e+02 5.753039115340842358e+01
2.549999878807776952e+02 1.149580388454127160e+02 5.805605691186791262e+01
2.549999944912625836e+02 1.170137762505109293e+02 5.867166382599440766e+01
2.549999647440805859e+02 1.193239787627155408e+02 5.937094074912218389e+01
2.549999944912625836e+02 1.208540437988693839e+02 5.981088724826447134e+01
2.549999944912625836e+02 1.213283031215811434e+02 5.998131215921573300e+01
2.550000000000000000e+02 1.212637748733265823e+02 6.006843394307711748e+01
2.550000000000000000e+02 1.222285498028422950e+02 6.037145195995368141e+01
2.550000000000000000e+02 1.244211914517616435e+02 6.112441042737886221e+01
2.549999812702928068e+02 1.264496044175667038e+02 6.188447626780837396e+01
2.550000000000000000e+02 1.290866469306967872e+02 6.252125325979535830e+01
2.549999988982525281e+02 1.320170065741272367e+02 6.349595383237353019e+01
2.549999537266057814e+02 1.343655939685936005e+02 6.429447065991368504e+01
2.550000000000000000e+02 1.368613098235110783e+02 6.515584218128373095e+01
2.550000000000000000e+02 1.397577543742129365e+02 6.612816848803888092e+01
2.550000000000000000e+02 1.420253457008160751e+02 6.691060971807384306e+01
2.550000000000000000e+02 1.442523530571839956e+02 6.777225557456682736e+01
2.550000000000000000e+02 1.463523575743486731e+02 6.855226084091978578e+01
2.550000000000000000e+02 1.475852185150867797e+02 6.909062423910565087e+01
2.549999845755352510e+02 1.436752070458954904e+02 6.763125283011383715e+01
2.549999790667978345e+02 1.241660630926712798e+02 6.073392577967914718e+01
2.550000000000000000e+02 1.127636189760579271e+02 5.695512913031358693e+01
2.549999823720403072e+02 1.118748954717076742e+02 5.636606331302078132e+01
2.549999823720403072e+02 1.138919384035017970e+02 5.728487113410580633e+01
2.549999327934036160e+02 1.165026866112340826e+02 5.817486605504991815e+01
2.549999041479690902e+02 1.183394109396914473e+02 5.860713006900244437e+01
2.549999834737877791e+02 1.212961728597728808e+02 5.982743108844938718e+01
2.549999845755352510e+02 1.243743770995175453e+02 6.076867159000891405e+01
2.550000000000000000e+02 1.258825261747658004e+02 6.133944619561086142e+01
2.549999790667978345e+02 1.262749906626900867e+02 6.158163342878138735e+01
2.549998997409791741e+02 1.268457498438272921e+02 6.154195509497613870e+01
2.549999911860201394e+02 1.282489001805764133e+02 6.193448789124430220e+01
2.550000000000000000e+02 1.305013590055186512e+02 6.277300035586443983e+01
2.550000000000000000e+02 1.335391313161806011e+02 6.376553491492856551e+01
2.550000000000000000e+02 1.365477227430427263e+02 6.470118404801856116e+01
2.549999944912625836e+02 1.385990278180221651e+02 6.538198686937352022e+01
2.550000000000000000e+02 1.409271094883594913e+02 6.607956710137949585e+01
2.550000000000000000e+02 1.428413064962336705e+02 6.683031105636649727e+01
2.549999746598079184e+02 1.451264673899271713e+02 6.760536396778931589e+01
2.549999966947575558e+02 1.473314728490859409e+02 6.841444214668887014e+01
2.550000000000000000e+02 1.491914980350333622e+02 6.911644920007624648e+01
2.550000000000000000e+02 1.506739874114332736e+02 6.972713130295962003e+01
2.550000000000000000e+02 1.518259073716822343e+02 7.006453045174951910e+01
2.550000000000000000e+02 1.523635303955603888e+02 7.010059835905730097e+01
2.550000000000000000e+02 1.484905067928241067e+02 6.878698153140696547e+01
2.549999988982525281e+02 1.277388461839323384e+02 6.147122511014720203e+01
2.549999911860201394e+02 1.150382086026646817e+02 5.728961746225688501e+01
2.549999889825251955e+02 1.132625761720665167e+02 5.664907359563002842e+01
2.549999889825251955e+02 1.152657470013187861e+02 5.713287184803817098e+01
2.550000000000000000e+02 1.182591045657517412e+02 5.834228209362870388e+01
2.549999977965050277e+02 1.202729348018892779e+02 5.909772720512004440e+01
2.549999955930100839e+02 1.219229283566665032e+02 5.961374275738749162e+01
2.549999911860201394e+02 1.247809913303490674e+02 6.066873648293558574e+01
2.549999217759288115e+02 1.275096959287125316e+02 6.148182502266845262e+01
2.549999460143733927e+02 1.281719882906277519e+02 6.171059848024952288e+01
2.549999955930100839e+02 1.282618280855264459e+02 6.163639799085328974e+01
2.550000000000000000e+02 1.296692884584238925e+02 6.225182532014027714e+01
2.550000000000000000e+02 1.319680085583744358e+02 6.298512090025990062e+01
2.550000000000000000e+02 1.355352586737824936e+02 6.425509530666590763e+01
2.550000000000000000e+02 1.397381322515641955e+02 6.569510680890961396e+01
2.550000000000000000e+02 1.426294129118194292e+02 6.665812665468699549e+01
2.550000000000000000e+02 1.450074235745315718e+02 6.749449181346533067e+01
2.550000000000000000e+02 1.470487335963571809e+02 6.823986474947915326e+01
2.550000000000000000e+02 1.489339116773113858e+02 6.895713541247772582e+01
2.549999812702928068e+02 1.505669515418405240e+02 6.959224215528249147e+01
2.549999867790302233e+02 1.520621154212696808e+02 7.020602237208436236e+01
2.549999944912625836e+02 1.535182333699480637e+02 7.066773940146465804e+01
2.549999735580604465e+02 1.552469589015136933e+02 7.120133113130737001e+01
2.550000000000000000e+02 1.563467981565561047e+02 7.174196633280045887e+01
2.549999889825251955e+02 1.558468725245111273e+02 7.137934708240740633e+01
2.549999911860201394e+02 1.398872714011693859e+02 6.568970934799685324e+01
2.550000000000000000e+02 1.226991898850767200e+02 5.981285276577179388e+01
2.549999944912625836e+02 1.184588304509782972e+02 5.847925023880376472e+01
2.549999779650503626e+02 1.189989764765895188e+02 5.849053103126869502e+01
2.549999988982525281e+02 1.207495088960600356e+02 5.922080011105614261e+01
2.549999845755352510e+02 1.226321088879071084e+02 5.985751981217408968e+01
2.550000000000000000e+02 1.238417505004687911e+02 6.024446895220508935e+01
2.550000000000000000e+02 1.259977590456222600e+02 6.097537484203695612e+01
2.549999724563129462e+02 1.292319685252779493e+02 6.198251857270817311e+01
2.550000000000000000e+02 1.309060572974795207e+02 6.254821742766201709e+01
2.549999955930100839e+02 1.311827369390590547e+02 6.248087641808672998e+01
2.549999878807776952e+02 1.317748909545429967e+02 6.288157757018407068e+01
2.549999757615553904e+02 1.336408898153360951e+02 6.337343620716819004e+01
2.549999977965050277e+02 1.361986880390988119e+02 6.417200812208243121e+01
2.549999735580604465e+02 1.391279701734921730e+02 6.510243056511933446e+01
2.550000000000000000e+02 1.419048057123403339e+02 6.613983268862743614e+01
2.550000000000000000e+02 1.442966972915741621e+02 6.681002898697624914e+01
2.550000000000000000e+02 1.464536896972287821e+02 6.760302165264326391e+01
2.550000000000000000e+02 1.484609733498301694e+02 6.847460086443106775e+01
2.550000000000000000e+02 1.504609480096380878e+02 6.934080905724569277e+01
2.549999801685453349e+02 1.524742912733887295e+02 6.978442217200702657e+01
2.549999955930100839e+02 1.539822354236053741e+02 7.047640552680606163e+01
2.550000000000000000e+02 1.550460541464817368e+02 7.070957716033400686e+01
2.549999911860201394e+02 1.557243978674575828e+02 7.082698928770923885e+01
2.549999845755352510e+02 1.538406101918252489e+02 7.016938816657099665e+01
2.549999735580604465e+02 1.353107269440058928e+02 6.355470672032911494e+01
2.550000000000000000e+02 1.210474423483086497e+02 5.908164940411987232e+01
2.550000000000000000e+02 1.183898621603725729e+02 5.812778287642029085e+01
2.549999988982525281e+02 1.201989546619893758e+02 5.844809392176932050e+01
2.550000000000000000e+02 1.231520246262597169e+02 5.953782133842487667e+01
2.550000000000000000e+02 1.250590536650180837e+02 6.012641450604804305e+01
2.550000000000000000e+02 1.272558048320441060e+02 6.081566222185007575e+01
2.550000000000000000e+02 1.300649722524896674e+02 6.182028845952565632e+01
2.549999592353431694e+02 1.314159107760819438e+02 6.226607752556329700e+01
2.550000000000000000e+02 1.314521130965824796e+02 6.218628676944501876e+01
2.550000000000000000e+02 1.313371556625964445e+02 6.242512689376620472e+01
2.549999966947575558e+02 1.322915444186023421e+02 6.252933127233104216e+01
2.549999636423331140e+02 1.343912757023915674e+02 6.322598162946248834e+01
2.549999966947575558e+02 1.364537205461582516e+02 6.406821469532826541e+01
2.550000000000000000e+02 1.383318937166239380e+02 6.458066719623995766e+01
2.550000000000000000e+02 1.399766385463984477e+02 6.508786546341151791e+01
2.550000000000000000e+02 1.419050514020287608e+02 6.567699738555322142e+01
2.550000000000000000e+02 1.439839838968588026e+02 6.640537256141966793e+01
2.550000000000000000e+02 1.460728541539736227e+02 6.704836561269830497e+01
2.550000000000000000e+02 1.480934403056688211e+02 6.783508933519455297e+01
2.550000000000000000e+02 1.499898253620066839e+02 6.854544212575565609e+01
2.550000000000000000e+02 1.516320582075229595e+02 6.920562464124347457e+01
2.550000000000000000e+02 1.522431743989141069e+02 6.944293664180757730e+01
2.550000000000000000e+02 1.429281407240023327e+02 6.592658726005316794e+01
2.549999977965050277e+02 1.230289506185761184e+02 5.913033232009289719e+01
2.550000000000000000e+02 1.143446772926538841e+02 5.620559709755643496e+01
2.549999966947575558e+02 1.142482126901478381e+02 5.610512323596456241e+01
2.549999933895151116e+02 1.167154307447041788e+02 5.699401751117447645e+01
2.550000000000000000e+02 1.185692619063095918e+02 5.776658488027860727e+01
2.549999911860201394e+02 1.197046203984139225e+02 5.811911322548694159e+01
2.549999867790302233e+02 1.214634247379769079e+02 5.871344098875226081e+01
2.550000000000000000e+02 1.230006974061559077e+02 5.909601398778602999e+01
2.550000000000000000e+02 1.234036340038935720e+02 5.917010430243409047e+01
2.549999922877676397e+02 1.229519428765965756e+02 5.908660726778743566e+01
2.549999801685453349e+02 1.233028274145622305e+02 5.909079060297538177e+01
2.549999790667978345e+02 1.249831388565403643e+02 5.964910003756958901e+01
2.549999581335956975e+02 1.276930928145130935e+02 6.061402149950036033e+01
2.550000000000000000e+02 1.307947631738700807e+02 6.161992245901223697e+01
2.549999228776762834e+02 1.341236942915157613e+02 6.279685208709533839e+01
2.550000000000000000e+02 1.370524442818754949e+02 6.378781445250311322e+01
2.549999911860201394e+02 1.396706270816141569e+02 6.473082215702325470e+01
2.550000000000000000e+02 1.422960439553175149e+02 6.565128149758331233e+01
2.549999790667978345e+02 1.453335397273615683e+02 6.662251156559419485e+01
2.550000000000000000e+02 1.473217389100852870e+02 6.742326714401713161e+01
2.549999889825251955e+02 1.495614339904522581e+02 6.842550809839485737e+01
2.549999779650503626e+02 1.513281576909135708e+02 6.908854744510267665e+01
2.550000000000000000e+02 1.509060936551464351e+02 6.884723499943260094e+01
2.549999911860201394e+02 1.347101974441661980e+02 6.320165284157202024e+01
2.550000000000000000e+02 1.170458789686321524e+02 5.698492038221823464e+01
2.549999526248582811e+02 1.123436890251628171e+02 5.541553618193817243e+01
2.550000000000000000e+02 1.128047009361548305e+02 5.545966888081185431e+01
2.549999625405856136e+02 1.142446970139338021e+02 5.622113504229057668e+01
2.550000000000000000e+02 1.154348244750999584e+02 5.657750297747256951e+01
2.549999702528180023e+02 1.163086534552453628e+02 5.679742058879588740e+01
2.550000000000000000e+02 1.183412817069153391e+02 5.751259682983179289e+01
2.549999360986460601e+02 1.211366012632636568e+02 5.853436625832232210e+01
2.549999559301007253e+02 1.224091074853825631e+02 5.894826744699768284e+01
2.550000000000000000e+02 1.228664351527958445e+02 5.888596252516115470e+01
2.550000000000000000e+02 1.231450604804280005e+02 5.899236378820447158e+01
2.550000000000000000e+02 1.246528481825022681e+02 5.944489224358755308e+01
2.549999988982525281e+02 1.271716952257976345e+02 6.032380689010840058e+01
2.550000000000000000e+02 1.297461386505135863e+02 6.123941303301165817e+01
2.550000000000000000e+02 1.320424349060044165e+02 6.204409744295426776e+01
2.550000000000000000e+02 1.343031138689074737e+02 6.290338666158393721e+01
2.550000000000000000e+02 1.360606357744017885e+02 6.337532460235178888e+01
2.550000000000000000e+02 1.378623961465279990e+02 6.408280844247060770e+01
2.550000000000000000e+02 1.401643025001955607e+02 6.480048785378488674e+01
2.550000000000000000e+02 1.427467512221134029e+02 6.576698701810941827e+01
2.549999790667978345e+02 1.451460178989895837e+02 6.670098683521933935e+01
2.549999900842726674e+02 1.475823925327962627e+02 6.743670295455622465e+01
2.549999933895151116e+02 1.485707206199753330e+02 6.782355954779876583e+01
2.549999900842726674e+02 1.376130596739488396e+02 6.390919617605484149e+01
2.549999834737877791e+02 1.184189769393234570e+02 5.747531589854668255e+01
2.549999889825251955e+02 1.114531112798008934e+02 5.507271753728588948e+01
2.550000000000000000e+02 1.115395081138193234e+02 5.483755063906862404e+01
2.549999801685453349e+02 1.132365562017916574e+02 5.543612563887582212e+01
2.550000000000000000e+02 1.141665765069977425e+02 5.577064261625363883e+01
2.549999680493230301e+02 1.148324506499759252e+02 5.609614289224138162e+01
2.549999372003935321e+02 1.174570830794723548e+02 5.703998461960515698e+01
2.550000000000000000e+02 1.208081648302372457e+02 5.798273671870954615e+01
2.549999834737877791e+02 1.227317476249078680e+02 5.879892116886593811e+01
2.549999845755352510e+02 1.235623308129023457e+02 5.905840253225640879e+01
2.549999944912625836e+02 1.238979131800949460e+02 5.917291375851237945e+01
2.550000000000000000e+02 1.244712207031572717e+02 5.929904401371014444e+01
2.549999746598079184e+02 1.260426089821065148e+02 5.996761192928103412e+01
2.550000000000000000e+02 1.285147617636332882e+02 6.082941974265382612e+01
2.549999063514640625e+02 1.300966232541433953e+02 6.129501712666460378e+01
2.550000000000000000e+02 1.317287740084548204e+02 6.168835199509942413e+01
2.549999790667978345e+02 1.330084228594974434e+02 6.209652519861752751e+01
2.549999988982525281e+02 1.339666236617899528e+02 6.247343080860552789e+01
2.550000000000000000e+02 1.352580601091391088e+02 6.290419975122541985e+01
2.550000000000000000e+02 1.363181240765978828e+02 6.317918159993566007e+01
2.550000000000000000e+02 1.374290931847002639e+02 6.347546353270922737e+01
2.549999922877676397e+02 1.388084887439968611e+02 6.394264302610370265e+01
2.549999988982525281e+02 1.350212890665885084e+02 6.282606381982462551e+01
2.550000000000000000e+02 1.182363898379219336e+02 5.683274481655353583e+01
2.549999438108784204e+02 1.077034712757905339e+02 5.343915544445044219e+01
2.550000000000000000e+02 1.061541080307475653e+02 5.287661419777909799e+01
2.550000000000000000e+02 1.076836739752922085e+02 5.340024282514496434e+01
2.549999372003935321e+02 1.096168540922757586e+02 5.393787135776054242e+01
2.549999239794237553e+02 1.102197512474535870e+02 5.413196290636578567e+01
2.550000000000000000e+02 1.116054928722446675e+02 5.462645912682105376e+01
2.549999702528180023e+02 1.133669524232385015e+02 5.525833885125197042e+01
2.549999988982525281e+02 1.143256501136452528e+02 5.557942662857558247e+01
2.549999988982525281e+02 1.139770241580170307e+02 5.550268881472904070e+01
2.549998975374842018e+02 1.139319935349457751e+02 5.554678405418835041e+01
2.549998975374842018e+02 1.145859346509498664e+02 5.555677249685726338e+01
2.550000000000000000e+02 1.166452538371110421e+02 5.615538605782631976e+01
2.550000000000000000e+02 1.192393854893246186e+02 5.726401064728766244e+01
2.550000000000000000e+02 1.219797069131349190e+02 5.823939320155699306e+01
2.549999933895151116e+02 1.242428714183566569e+02 5.888645170104302196e+01
2.549999900842726674e+02 1.263988876757425004e+02 5.952594890756228807e+01
2.550000000000000000e+02 1.290136715845001731e+02 6.059480592167236779e+01
2.549999405056359763e+02 1.315936556973015001e+02 6.137059369866545211e+01
2.549999779650503626e+02 1.343948773149091664e+02 6.248065827208535694e+01
2.549999118602014789e+02 1.375949678785521826e+02 6.346645784879397212e+01
2.550000000000000000e+02 1.397360422365914587e+02 6.432264013952530490e+01
2.550000000000000000e+02 1.363421487821834148e+02 6.298266510512323890e+01
2.549999834737877791e+02 1.199343733095062134e+02 5.752749796452152964e+01
2.549999702528180023e+02 1.088864076311437543e+02 5.374881369339910009e+01
2.549999944912625836e+02 1.075170533983951913e+02 5.344047974492342234e+01
2.550000000000000000e+02 1.089214542185360131e+02 5.382286544688530228e+01
2.550000000000000000e+02 1.104626931776490721e+02 5.414103689862491109e+01
2.549999460143733927e+02 1.110889782283680205e+02 5.443069292204365439e+01
2.549999944912625836e+02 1.119986878187493176e+02 5.472391199681815266e+01
2.549999834737877791e+02 1.138491134788888672e+02 5.533377219608020425e+01
2.549999955930100839e+02 1.147668559101591086e+02 5.568323327629953923e+01
2.549999702528180023e+02 1.143218347621161968e+02 5.559547468239374268e+01
2.549999581335956975e+02 1.137977566217778076e+02 5.536261263990815706e+01
2.550000000000000000e+02 1.143987907219641045e+02 5.560224051367874409e+01
2.549999966947575558e+02 1.164209127096487748e+02 5.627810530282080492e+01
2.549999614388381417e+02 1.194757819377314405e+02 5.714861031081397869e+01
2.550000000000000000e+02 1.221585150206742867e+02 5.823187157149955340e+01
2.549999360986460601e+02 1.250315893037947461e+02 5.914094875882637581e+01
2.549999955930100839e+02 1.279294209545760594e+02 6.022856522730702977e+01
2.549999471161208930e+02 1.309698616976386347e+02 6.121917944051059379e+01
2.550000000000000000e+02 1.334694061250549453e+02 6.210798777941693061e+01
2.549999680493230301e+02 1.353722936950296969e+02 6.279081671439069368e+01
2.549999966947575558e+02 1.372724786784318667e+02 6.335410825109706678e+01
2.550000000000000000e+02 1.395387688412591274e+02 6.413542349520574248e+01
2.550000000000000000e+02 1.404286304507579359e+02 6.438676074121163140e+01
2.549999977965050277e+02 1.307276447172860969e+02 6.107803126539003813e+01
2.550000000000000000e+02 1.119639166682274691e+02 5.475301796178919034e+01
2.550000000000000000e+02 1.042475868975782447e+02 5.219569679468605017e+01
2.550000000000000000e+02 1.039884206339675359e+02 5.192780579276790576e+01
2.549999107584539786e+02 1.049419555356751346e+02 5.218143577528317678e+01
2.549999757615553904e+02 1.050867879543744294e+02 5.222473445131322478e+01
2.549999504213633372e+02 1.048536625942407312e+02 5.222698862666074859e+01
2.549999878807776952e+02 1.060750532419470460e+02 5.258856011519871743e+01
2.550000000000000000e+02 1.082487239009793427e+02 5.329324661846154498e+01
2.549999713545654743e+02 1.093339352547074981e+02 5.373996225413127803e+01
2.549999889825251955e+02 1.095346141515057070e+02 5.367863348056351924e+01
2.549997763452612105e+02 1.094704098170107613e+02 5.362285310731351018e+01
2.549999537266057814e+02 1.101904238312387321e+02 5.386091319441766245e+01
2.550000000000000000e+02 1.118044849936484297e+02 5.447500740925181617e+01
2.549999779650503626e+02 1.142717316936392820e+02 5.533713142415184905e+01
2.549999272846661995e+02 1.167341516379128876e+02 5.606092002525205231e+01
2.549999922877676397e+02 1.186923293035082878e+02 5.667132558951753651e+01
2.549999834737877791e+02 1.200209133706972580e+02 5.711152659232809015e+01
2.549999867790302233e+02 1.214362964097354762e+02 5.760701438551686948e+01
2.549999614388381417e+02 1.231256509950432445e+02 5.816171669885605411e+01
2.549999955930100839e+02 1.251791727859557994e+02 5.888713808972411101e+01
2.549999933895151116e+02 1.273859168026406650e+02 5.962470955182013910e+01
2.550000000000000000e+02 1.302383410327119861e+02 6.046872524511127267e+01
2.549999889825251955e+02 1.329910483017113449e+02 6.138032543417114084e+01
2.549999944912625836e+02 1.322068497844431079e+02 6.115023318485449977e+01
2.549999305899086437e+02 1.168915010097515648e+02 5.596956532756605185e+01
2.550000000000000000e+02 1.025418272922682661e+02 5.131317502691018007e+01
2.550000000000000000e+02 9.944751991133136926e+01 5.036539675579436448e+01
2.549999735580604465e+02 1.006700266292366308e+02 5.051825099790778495e+01
2.550000000000000000e+02 1.023017113443632979e+02 5.099491323187707792e+01
2.549999812702928068e+02 1.026838249146971975e+02 5.118980024216409674e+01
2.549999140636964228e+02 1.033724016662828973e+02 5.133239501172810293e+01
2.550000000000000000e+02 1.057861309823511107e+02 5.213529348900290472e+01
2.550000000000000000e+02 1.080239552954941900e+02 5.300936375184680571e+01
2.549999537266057814e+02 1.095520724421004104e+02 5.338177974084695876e+01
2.549999845755352510e+02 1.098749351346170187e+02 5.350548394809006680e+01
2.549999966947575558e+02 1.106161699070896418e+02 5.383704493697453586e+01
2.550000000000000000e+02 1.121678765690261343e+02 5.434204852316258894e+01
2.550000000000000000e+02 1.148966836299053966e+02 5.535302082633264575e+01
2.549999944912625836e+02 1.176952059661829679e+02 5.620610059615556509e+01
2.550000000000000000e+02 1.205672600311353904e+02 5.708052341819360009e+01
2.550000000000000000e+02 1.233272190020591665e+02 5.801792102453701716e+01
2.550000000000000000e+02 1.256937880171740431e+02 5.883620540539349264e+01
2.550000000000000000e+02 1.280507795414306713e+02 5.958355818163188644e+01
2.550000000000000000e+02 1.300393081466513934e+02 6.029728782822434852e+01
2.550000000000000000e+02 1.323286810209673661e+02 6.107431066414439869e+01
2.550000000000000000e+02 1.346416797682804827e+02 6.192741467241191344e+01
2.549999922877676397e+02 1.364882074458298291e+02 6.251714704693113589e+01
2.549999746598079184e+02 1.376601373438410576e+02 6.282549641987155553e+01
2.550000000000000000e+02 1.297956313508856283e+02 6.007596659060936872e+01
2.550000000000000000e+02 1.108839441237747252e+02 5.391780412912920895e+01
2.550000000000000000e+02 1.020678687466190127e+02 5.097662752892362903e+01
2.550000000000000000e+02 1.023701772381173782e+02 5.093636857419553365e+01
2.549999955930100839e+02 1.055696398056958145e+02 5.212007174579600388e+01
2.549999570318482256e+02 1.080111298530599413e+02 5.291364062539594215e+01
2.549999823720403072e+02 1.095731191242429645e+02 5.343280056497610531e+01
2.550000000000000000e+02 1.120146400205365751e+02 5.424646972563182601e+01
2.549999922877676397e+02 1.144419450690740518e+02 5.507573632538569086e+01
2.550000000000000000e+02 1.157160378075665790e+02 5.548863933084265199e+01
2.550000000000000000e+02 1.151887348523493131e+02 5.515500485319766000e+01
2.549999074532115344e+02 1.145957952909109139e+02 5.501543327872338551e+01
2.549997675312813783e+02 1.160249160192982032e+02 5.551936706810672462e+01
2.549999900842726674e+02 1.191713658033006169e+02 5.672655619077418976e+01
2.550000000000000000e+02 1.224321020570727256e+02 5.780822212110629010e+01
2.549999878807776952e+02 1.252315630822046870e+02 5.865748653940013924e+01
2.549999779650503626e+02 1.277076997826252267e+02 5.953211538821724957e+01
2.550000000000000000e+02 1.297894329195537182e+02 6.027047900675260905e+01
2.549999713545654743e+02 1.321273664158722170e+02 6.112942888715792122e+01
2.550000000000000000e+02 1.342837176044924945e+02 6.162758401099984695e+01
2.550000000000000000e+02 1.365873889576256772e+02 6.264688442338393060e+01
2.549999966947575558e+02 1.389042438211246804e+02 6.331903522176524035e+01
2.550000000000000000e+02 1.406442402294279077e+02 6.387323734174774614e+01
2.549999878807776952e+02 1.390866766778787849e+02 6.325604501299510929e+01
2.549999724563129462e+02 1.212861414489521792e+02 5.723458958253686291e+01
2.549999977965050277e+02 1.068131612550666603e+02 5.239112806822901547e+01
2.549999834737877791e+02 1.043752166310985814e+02 5.157932086081734013e+01
2.549999977965050277e+02 1.060327835980648956e+02 5.217807654721153199e+01
2.549999746598079184e+02 1.086152543549323610e+02 5.298593068465893907e+01
2.549999988982525281e+02 1.099781820946202799e+02 5.344841232679152654e+01
2.549999911860201394e+02 1.113404730242637868e+02 5.399142730284503955e+01
2.549999647440805859e+02 1.130508555620069018e+02 5.451106099384233517e+01
2.550000000000000000e+02 1.142056907460923725e+02 5.481504634500781492e+01
2.549999977965050277e+02 1.143500251749299537e+02 5.477367352357574504e+01
2.549999944912625836e+02 1.142048743512084457e+02 5.476595578246656970e+01
2.549999911860201394e+02 1.153001149122623445e+02 5.508502405665625901e+01
2.549999658458280578e+02 1.177558814034940866e+02 5.595220839773965338e+01
2.549999658458280578e+02 1.204796094084828013e+02 5.702379664385681934e+01
2.549999988982525281e+02 1.236858697580232018e+02 5.796069736208600176e+01
2.550000000000000000e+02 1.266655370082487764e+02 5.908964368384695121e+01
2.550000000000000000e+02 1.295122563898599708e+02 5.998735854939519641e+01
2.549999988982525281e+02 1.318636620543844629e+02 6.064273744586288473e+01
2.549999394038885043e+02 1.341649404119874589e+02 6.153659178823532017e+01
2.550000000000000000e+02 1.363632307202453831e+02 6.217294681093682840e+01
2.549999955930100839e+02 1.387625734176978085e+02 6.303914618977159989e+01
2.549999746598079184e+02 1.413507016478837102e+02 6.393882987806960472e+01
2.549999977965050277e+02 1.430933235204357743e+02 6.442181834607870883e+01
2.549999768633028907e+02 1.396471179938500597e+02 6.352909880361240624e+01
2.549999988982525281e+02 1.196587414297817702e+02 5.681247706988053636e+01
2.549999933895151116e+02 1.062575687297622693e+02 5.221993083229310173e+01
2.549999438108784204e+02 1.042710056420488485e+02 5.165459665575569659e+01
2.550000000000000000e+02 1.056056460151446146e+02 5.185233278503033461e+01
2.549999944912625836e+02 1.074642708800428323e+02 5.257564102422853125e+01
2.549999471161208930e+02 1.083662175576682216e+02 5.278004272576733769e+01
2.549999933895151116e+02 1.090741420967796955e+02 5.313876399357020119e+01
2.549999625405856136e+02 1.109670180873884107e+02 5.371242627932163316e+01
2.550000000000000000e+02 1.132662372789481395e+02 5.441333268697481174e+01
2.549999933895151116e+02 1.142504778829701735e+02 5.477626373190517484e+01
2.549999966947575558e+02 1.140488999602269189e+02 5.456112329766241942e+01
2.549999977965050277e+02 1.145172946810936878e+02 5.470544781077266805e+01
2.549999515231108091e+02 1.163108316100166491e+02 5.541699820084636485e+01
2.550000000000000000e+02 1.195757027220874988e+02 5.646257639241601112e+01
2.549998149064230688e+02 1.233715643381968192e+02 5.783148441743449553e+01
2.550000000000000000e+02 1.263916800437173436e+02 5.873410866976110611e+01
2.550000000000000000e+02 1.293633541159633182e+02 5.984743441572678080e+01
2.550000000000000000e+02 1.319367365578544025e+02 6.075010714494259645e+01
2.550000000000000000e+02 1.338714282723828148e+02 6.126268634681468228e+01
2.550000000000000000e+02 1.363784469547148603e+02 6.210624701839587658e+01
2.549999933895151116e+02 1.384956177993916242e+02 6.278185179513226188e+01
2.550000000000000000e+02 1.402709825053517250e+02 6.348037952997248823e+01
2.550000000000000000e+02 1.418252848843550851e+02 6.390734413853813578e+01
2.550000000000000000e+02 1.422272662670261241e+02 6.405431174385692827e+01
2.550000000000000000e+02 1.302014402043080565e+02 5.991307763243280249e+01
2.549999988982525281e+02 1.099780928530742585e+02 5.325969950939184372e+01
2.549998325343827901e+02 1.024025014074824043e+02 5.077117696378225276e+01
2.549999988982525281e+02 1.029715804237100514e+02 5.082620484350228196e+01
2.549999988982525281e+02 1.056829291939945961e+02 5.180053522892659856e+01
2.549999889825251955e+02 1.076544071551888493e+02 5.241428459679898566e+01
2.549999988982525281e+02 1.088769976059027158e+02 5.288061243939012002e+01
2.549999757615553904e+02 1.115905553798880447e+02 5.369634407133153786e+01
2.549999746598079184e+02 1.147316484676345141e+02 5.494726155154690872e+01
2.549999911860201394e+02 1.167469473331651386e+02 5.553214513539925434e+01
2.549999482178683650e+02 1.176068006465054196e+02 5.579852894676245967e+01
2.550000000000000000e+02 1.181685949083841933e+02 5.594964463134978416e+01
2.549999394038885043e+02 1.191759016976826899e+02 5.625969069541199019e+01
2.549999702528180023e+02 1.209036334530198360e+02 5.697691839025878835e+01
2.550000000000000000e+02 1.235584614757466824e+02 5.780776269240642762e+01
2.549999988982525281e+02 1.260315529461278601e+02 5.855625687903583554e+01
2.550000000000000000e+02 1.284212377251558621e+02 5.950485595202550826e+01
2.550000000000000000e+02 1.308787637071158656e+02 6.022815758073880943e+01
2.550000000000000000e+02 1.332345609371023443e+02 6.088298009472824646e+01
2.550000000000000000e+02 1.362730846395467950e+02 6.197423122815096974e+01
2.549999911860201394e+02 1.391842904030082195e+02 6.304447644408796947e+01
2.549999735580604465e+02 1.417914854751120686e+02 6.402314110410522119e+01
2.549999746598079184e+02 1.436051954004246056e+02 6.467714832495821042e+01
2.550000000000000000e+02 1.440239299553020942e+02 6.470682168988231808e+01
2.549999636423331140e+02 1.315055456459490415e+02 6.052496945405106743e+01
2.549999405056359763e+02 1.130518427277504827e+02 5.437107075532502165e+01
2.550000000000000000e+02 1.075892354864049878e+02 5.253945633168768836e+01
2.550000000000000000e+02 1.091909493647874854e+02 5.310676043272233926e+01
2.549999856772827513e+02 1.123945104329977767e+02 5.415246532525238621e+01
2.549999768633028907e+02 1.146022096647492532e+02 5.501374650332893168e+01
2.550000000000000000e+02 1.170603691515112104e+02 5.576343718772344715e+01
2.550000000000000000e+02 1.199986635803047221e+02 5.669663383091921816e+01
2.549999790667978345e+02 1.220489473353686236e+02 5.734421786395401455e+01
2.549998049906957363e+02 1.224719412460103030e+02 5.756758725013744282e+01
2.550000000000000000e+02 1.219743766588185565e+02 5.743135947927007123e+01
2.550000000000000000e+02 1.225081182263187571e+02 5.758458060329488859e+01
2.550000000000000000e+02 1.245882758643484465e+02 5.825117749262104638e+01
2.549999955930100839e+02 1.278477682452137287e+02 5.942468068603611897e+01
2.549999911860201394e+02 1.310793963305198417e+02 6.051233461393115931e+01
2.550000000000000000e+02 1.339601145376682041e+02 6.152901176556135709e+01
2.550000000000000000e+02 1.364852437451040998e+02 6.238298284909695468e+01
2.550000000000000000e+02 1.388311649106647963e+02 6.312445119203568566e+01
2.550000000000000000e+02 1.410896535995742909e+02 6.400345287660758231e+01
2.550000000000000000e+02 1.430970297989641438e+02 6.474303172261524253e+01
2.550000000000000000e+02 1.448164631922692536e+02 6.530307861298805960e+01
2.550000000000000000e+02 1.460231267813879583e+02 6.561473873711092608e+01
2.550000000000000000e+02 1.431898696522554530e+02 6.461096525198617258e+01
2.550000000000000000e+02 1.242647884810097310e+02 5.814610383529316096e+01
2.550000000000000000e+02 1.105334540114074997e+02 5.368160379177412977e+01
2.549999977965050277e+02 1.091249855395643067e+02 5.318723537402674140e+01
2.549999944912625836e+02 1.117687387966052910e+02 5.393600169228412966e+01
2.550000000000000000e+02 1.149990965670650240e+02 5.518418794049241427e+01
2.549999878807776952e+02 1.174538538576035478e+02 5.583944013599970901e+01
2.549999988982525281e+02 1.202437693425542307e+02 5.684745534892893915e+01
2.549999327934036160e+02 1.231321964768319077e+02 5.778959157119106749e+01
2.549999922877676397e+02 1.238671358641941964e+02 5.800285022073510532e+01
2.550000000000000000e+02 1.230567851669533042e+02 5.782974035117099021e+01
2.549999603370906698e+02 1.221454593130163744e+02 5.743769012029980559e+01
2.549999977965050277e+02 1.227267104354216229e+02 5.759735977233489734e+01
2.549999856772827513e+02 1.246510115694503043e+02 5.835992107081041524e+01
2.550000000000000000e+02 1.266684324006306355e+02 5.891939615424023913e+01
2.549999735580604465e+02 1.290916058961118154e+02 5.976278495321429318e+01
2.550000000000000000e+02 1.312781460674776213e+02 6.055525318708002658e+01
2.549999713545654743e+02 1.330444742405930185e+02 6.098072492780799791e+01
2.549999834737877791e+02 1.352605346339829566e+02 6.169522139064770982e+01
2.550000000000000000e+02 1.376892433088121095e+02 6.253470449479920035e+01
2.550000000000000000e+02 1.401468860760051598e+02 6.348099540681474906e+01
2.549999812702928068e+02 1.423678448386986588e+02 6.422688836763991560e+01
2.549999900842726674e+02 1.434415264050310270e+02 6.470160491555655824e+01
2.549999966947575558e+02 1.338733100570815395e+02 6.134928149537982023e+01
2.549999988982525281e+02 1.130003150997797547e+02 5.421421496635814208e+01
2.550000000000000000e+02 1.038818761437515974e+02 5.118325035338550322e+01
2.549999955930100839e+02 1.036339719428986257e+02 5.087926610396750249e+01
2.549999647440805859e+02 1.052855244703624464e+02 5.162840040588377377e+01
2.549999845755352510e+02 1.067034922089926852e+02 5.195429180222751597e+01
2.550000000000000000e+02 1.075533339429669439e+02 5.226388725156971304e+01
2.550000000000000000e+02 1.089913898434306674e+02 5.276381508710966273e+01
2.549999647440805859e+02 1.111845955870606417e+02 5.342403836725430466e+01
2.550000000000000000e+02 1.122976271664487058e+02 5.377417261518494485e+01
2.550000000000000000e+02 1.124685897301710185e+02 5.369725080950896512e+01
2.549999889825251955e+02 1.124175016994454950e+02 5.378836863148639935e+01
2.549999878807776952e+02 1.131072815592811764e+02 5.393239016403918384e+01
2.549999680493230301e+02 1.149449489835828615e+02 5.462284649682862181e+01
2.549999878807776952e+02 1.176334728512894259e+02 5.547913455531818983e+01
2.549999757615553904e+02 1.207389078817913060e+02 5.652068696158977446e+01
2.549999548283532533e+02 1.239302825211067329e+02 5.765135311116962669e+01
2.549999856772827513e+02 1.266582302189502798e+02 5.853846806419662130e+01
2.549999933895151116e+02 1.288657179151852858e+02 5.935956300287886478e+01
2.550000000000000000e+02 1.311339207116407408e+02 6.025357599688866372e+01
2.549999779650503626e+02 1.332147162614623142e+02 6.078724815429752937e+01
2.549999966947575558e+02 1.354505915833102847e+02 6.162100327329176963e+01
2.549999988982525281e+02 1.358931448169942371e+02 6.174143639226176816e+01
2.549999889825251955e+02 1.240915155528183220e+02 5.774622348506967029e+01
2.549998920287467854e+02 1.063777848044783809e+02 5.171409652850385896e+01
2.549999988982525281e+02 1.006388141230806212e+02 4.988889978394731628e+01
2.549999955930100839e+02 1.013709671910617374e+02 5.012921624989395752e+01
2.549999933895151116e+02 1.033138316684092644e+02 5.080653314221687111e+01
2.549999933895151116e+02 1.040781028789763383e+02 5.107107373004322426e+01
2.549999977965050277e+02 1.047345394530264429e+02 5.137764928953813381e+01
2.549999966947575558e+02 1.062484771095434439e+02 5.187826681900161674e+01
2.550000000000000000e+02 1.086071862581240168e+02 5.248468626087837663e+01
2.549999944912625836e+02 1.097079366583337787e+02 5.280340528111637610e+01
2.549999702528180023e+02 1.098038470818565315e+02 5.285821832007747645e+01
2.550000000000000000e+02 1.101311619359466079e+02 5.292081189975419875e+01
2.550000000000000000e+02 1.107297104938142382e+02 5.318319636775890302e+01
2.549999977965050277e+02 1.119691378495431593e+02 5.361045073591223087e+01
2.550000000000000000e+02 1.139521180544461600e+02 5.417707836399313237e+01
2.550000000000000000e+02 1.159589907552368828e+02 5.487585399201673653e+01
2.549999735580604465e+02 1.179881881652489000e+02 5.550524486888654252e+01
2.550000000000000000e+02 1.200220922405026585e+02 5.627636674529470895e+01
2.549999988982525281e+02 1.229294496000105710e+02 5.723188148722689306e+01
2.550000000000000000e+02 1.261573152176667350e+02 5.850672892274436521e+01
2.550000000000000000e+02 1.295216168364643181e+02 5.972384809546421280e+01
2.550000000000000000e+02 1.331147844596314087e+02 6.090441349023686257e+01
2.550000000000000000e+02 1.335094612564989234e+02 6.091936640705823436e+01
2.549999823720403072e+02 1.201544694039215671e+02 5.638813572206877467e+01
2.549999944912625836e+02 1.047089656904816763e+02 5.129694298126258190e+01
2.550000000000000000e+02 1.010181887491750672e+02 5.013808641886896567e+01
2.549999801685453349e+02 1.013655256602497161e+02 5.017610441921932107e+01
2.549999922877676397e+02 1.026886064987676974e+02 5.071725634028131680e+01
2.549999823720403072e+02 1.031731947041202062e+02 5.072822093121900622e+01
2.549999944912625836e+02 1.035037949692006549e+02 5.082121833440019287e+01
2.550000000000000000e+02 1.054231977339257753e+02 5.147483112965474561e+01
2.549999724563129462e+02 1.073135738594985469e+02 5.206541846021975317e+01
2.549999405056359763e+02 1.075081788224302528e+02 5.212377251558697111e+01
2.549999559301007253e+02 1.075281821497076464e+02 5.218234802219800628e+01
2.549999504213633372e+02 1.081732553002317019e+02 5.234415175910511664e+01
2.549999746598079184e+02 1.094996601109018997e+02 5.284020805399443788e+01
2.550000000000000000e+02 1.114809193862385115e+02 5.351427699474135835e+01
2.549999801685453349e+02 1.133164747606178224e+02 5.411893143715246879e+01
2.550000000000000000e+02 1.146379734897520990e+02 5.451836227440342952e+01
2.549999812702928068e+02 1.156515525274638065e+02 5.476886329407072651e+01
2.549999195724338392e+02 1.163787223915852991e+02 5.507889613716315580e+01
2.550000000000000000e+02 1.171344264137348290e+02 5.524314134648966501e+01
2.550000000000000000e+02 1.185461296161842313e+02 5.574905167085514535e+01
2.550000000000000000e+02 1.203238190093307054e+02 5.625778026527876108e+01
2.549999559301007253e+02 1.216595589264131831e+02 5.667317211829683288e+01
2.549998799095245090e+02 1.151278875424310542e+02 5.449497327711483052e+01
2.549999360986460601e+02 1.006154824166610666e+02 4.973500108522127050e+01
2.550000000000000000e+02 9.442662306684631801e+01 4.767940911079062261e+01
2.550000000000000000e+02 9.483507391072980397e+01 4.755670749375584450e+01
2.549999856772827513e+02 9.716372187927271398e+01 4.847391337400250677e+01
2.549999614388381417e+02 9.901854241011668023e+01 4.919028831629847787e+01
2.550000000000000000e+02 1.002315289280327590e+02 4.953401480087566711e+01
2.549999977965050277e+02 1.021549045941768270e+02 5.017585542428846423e+01
2.549999988982525281e+02 1.034950327714788472e+02 5.051803064841144675e+01
2.549999867790302233e+02 1.032813510509018329e+02 5.046799809177336016e+01
2.549999316916561440e+02 1.022481763324809521e+02 5.008231265610384497e+01
2.550000000000000000e+02 1.022383377274695420e+02 5.002386495220068241e+01
2.549999735580604465e+02 1.037027771748770704e+02 5.059739392650683243e+01
2.550000000000000000e+02 1.057815014394330859e+02 5.122089816658201755e+01
2.549999261829187276e+02 1.079422474987577800e+02 5.203511048874619860e+01
2.549999944912625836e+02 1.100398226627253422e+02 5.277330333642189686e+01
2.549999085549590063e+02 1.118568444409678193e+02 5.344707480534876254e+01
2.550000000000000000e+02 1.127572001952296574e+02 5.386822769594854066e+01
2.549999261829187276e+02 1.138549857929662181e+02 5.391632999099872592e+01
2.549999889825251955e+02 1.154213798505810047e+02 5.431782550303035606e+01
2.550000000000000000e+02 1.173342051828405062e+02 5.503465987402618964e+01
2.549999338951510879e+02 1.187172089651396050e+02 5.541153573683219236e+01
2.550000000000000000e+02 1.123043368086121347e+02 5.328743600224315458e+01
2.549999933895151116e+02 9.807348655702810447e+01 4.885233388677782074e+01
2.549997664295338780e+02 9.252784391323078239e+01 4.705794640879899760e+01
2.550000000000000000e+02 9.294012112611814302e+01 4.707974558447153157e+01
2.549999911860201394e+02 9.551058173368780047e+01 4.793546734475551574e+01
2.549998732990396206e+02 9.690393092483988369e+01 4.834910301228779161e+01
2.549999900842726674e+02 9.735991996906292911e+01 4.855766931930735097e+01
2.549999966947575558e+02 9.874215362987233391e+01 4.905842236371108100e+01
2.549999261829187276e+02 1.002975941140242497e+02 4.950887622858616055e+01
2.549999933895151116e+02 1.005295130606655221e+02 4.955924261471119507e+01
2.549999735580604465e+02 9.986621590504699952e+01 4.936279442824263697e+01
2.549999526248582811e+02 9.956652296207013819e+01 4.922606976926102362e+01
2.549998655868072319e+02 1.001312985526343340e+02 4.942514231823094661e+01
2.550000000000000000e+02 1.017209879590017749e+02 4.980583793955592853e+01
2.549999184706863673e+02 1.038539809992629301e+02 5.062510728266102689e+01
2.549999988982525281e+02 1.060855738286496148e+02 5.124380790371608185e+01
2.549999878807776952e+02 1.080843519906924399e+02 5.195093808289328052e+01
2.549999614388381417e+02 1.097027231892504773e+02 5.250222167379681082e+01
2.549999977965050277e+02 1.109998049906957363e+02 5.295880566165995873e+01
2.549999889825251955e+02 1.121759479710769227e+02 5.327764036538353309e+01
2.549999867790302233e+02 1.135746119920806336e+02 5.378343610801091756e+01
2.550000000000000000e+02 1.154530837361138538e+02 5.429895367041665111e+01
2.549997994819583482e+02 1.162820528640476709e+02 5.457616545602980551e+01
2.549999735580604465e+02 1.064072697705831274e+02 5.132005213469083316e+01
2.549999779650503626e+02 9.199315814813876102e+01 4.686708187856759622e+01
2.549999922877676397e+02 8.795117936559176997e+01 4.565902678237953438e+01
2.549999900842726674e+02 8.885475222250011029e+01 4.562556120262348003e+01
2.550000000000000000e+02 9.049345947607500307e+01 4.632571181150422746e+01
2.550000000000000000e+02 9.150596210649710827e+01 4.656498382083822918e+01
2.549999680493230301e+02 9.198447527623564213e+01 4.673143583037055038e+01
2.549999856772827513e+02 9.374516250224480984e+01 4.733406085392040552e+01
2.550000000000000000e+02 9.624868974680741474e+01 4.810936937075896225e+01
2.550000000000000000e+02 9.746327269682443273e+01 4.851953783896638583e+01
2.549999944912625836e+02 9.757206915889291565e+01 4.851846253342426252e+01
2.549999977965050277e+02 9.789716729704984743e+01 4.880574539276747004e+01
2.550000000000000000e+02 9.947413262175136595e+01 4.919029933377329655e+01
2.550000000000000000e+02 1.014551197654599974e+02 4.970354509287180633e+01
2.549999878807776952e+02 1.038909358132934670e+02 5.059351026663390627e+01
2.549999460143733927e+02 1.064740367697204562e+02 5.148496390124375921e+01
2.550000000000000000e+02 1.088085427296234542e+02 5.231807229446625485e+01
2.549999812702928068e+02 1.104391565461979212e+02 5.276075002561562854e+01
2.550000000000000000e+02 1.116070507431837626e+02 5.323822865446885544e+01
2.549999812702928068e+02 1.128002641990461115e+02 5.353927454335321556e+01
2.550000000000000000e+02 1.140409872098134798e+02 5.400970639531360717e+01
2.550000000000000000e+02 1.156399852806536472e+02 5.447938685549149795e+01
2.549999977965050277e+02 1.174539684393416366e+02 5.509743854727984314e+01
2.549999493196158369e+02 1.148554132709891178e+02 5.411055595279673014e+01
2.549999988982525281e+02 9.971246153524104727e+01 4.920490079314801335e+01
2.549999933895151116e+02 8.848681263351802784e+01 4.543153355537217664e+01
2.550000000000000000e+02 8.661511553474966263e+01 4.507645135950130566e+01
2.549999801685453349e+02 8.795856217546651123e+01 4.543048799701205809e+01
2.549999878807776952e+02 8.924496143332940790e+01 4.580310009706395391e+01
2.550000000000000000e+02 8.981613707501468014e+01 4.577430041789281745e+01
2.549999988982525281e+02 9.010674941524752057e+01 4.594493686436056379e+01
2.549997807522511550e+02 9.196367869077143098e+01 4.670083148882442714e+01
2.549999768633028907e+02 9.367552214567525937e+01 4.722324268522303470e+01
2.549999944912625836e+02 9.366455865648505608e+01 4.707928174878174588e+01
2.549999944912625836e+02 9.296925463477622031e+01 4.686188163045406441e+01
2.550000000000000000e+02 9.296810551215283169e+01 4.696230260816681579e+01
2.549999966947575558e+02 9.389204527300751124e+01 4.717308563111951969e+01
2.549999966947575558e+02 9.575000798766923538e+01 4.756059115362877066e+01
2.549999977965050277e+02 9.749172863078128159e+01 4.821395605569994558e+01
2.549999625405856136e+02 9.911668387228984045e+01 4.874583016121870571e+01
2.550000000000000000e+02 1.005681061732013148e+02 4.923149036687089364e+01
2.549999713545654743e+02 1.018918072955514731e+02 4.960007447812976267e+01
2.549999856772827513e+02 1.032789470378968133e+02 5.000317523624220684e+01
2.550000000000000000e+02 1.049387318225437298e+02 5.049637580165901340e+01
2.549999845755352510e+02 1.073516480489704747e+02 5.142028691707918142e+01
2.550000000000000000e+02 1.100311177558725859e+02 5.225445298788408621e+01
2.549999955930100839e+02 1.098990865411629443e+02 5.225925991214665345e+01
2.549999702528180023e+02 9.844344124215417935e+01 4.842876596569819725e+01
2.549999988982525281e+02 8.551339008801861041e+01 4.445965015110466823e+01
2.550000000000000000e+02 8.247099594667101030e+01 4.335793902709087178e+01
2.549999955930100839e+02 8.348973006084951010e+01 4.364563173649725769e+01
2.550000000000000000e+02 8.459827752798713618e+01 4.405927070927197775e+01
2.549999173689388670e+02 8.509605585419032536e+01 4.421029384707083665e+01
2.549999933895151116e+02 8.585846841675581231e+01 4.441080858349427984e+01
2.550000000000000000e+02 8.787769060506869323e+01 4.503214458452551838e+01
2.549999746598079184e+02 8.906285689732484911e+01 4.549631300205255258e+01
2.549999944912625836e+02 8.932968801816561211e+01 4.546365500320057862e+01
2.549999900842726674e+02 8.916816302337136335e+01 4.544657571373956273e+01
2.549999988982525281e+02 8.962297760477893860e+01 4.550164545986388731e+01
2.549999900842726674e+02 9.108424291769175341e+01 4.597624632429496216e+01
2.550000000000000000e+02 9.304153698180684273e+01 4.666077856087540709e+01
2.550000000000000000e+02 9.490916753062032285e+01 4.732235699042250587e+01
2.550000000000000000e+02 9.681079029448608253e+01 4.778974691758597970e+01
2.549999416073834766e+02 9.827157855073932069e+01 4.841576204017191998e+01
2.550000000000000000e+02 9.973443699051064470e+01 4.885042676188702870e+01
2.550000000000000000e+02 1.016958152325403262e+02 4.940718052903710600e+01
2.549999922877676397e+02 1.036524173992369242e+02 5.008076580263956856e+01
2.549999944912625836e+02 1.066422978486176874e+02 5.099670467328229506e+01
2.549999966947575558e+02 1.096242512248677627e+02 5.193869877011928793e+01
2.550000000000000000e+02 1.073106773653692159e+02 5.121688890749617684e+01
2.549998677903022042e+02 9.278761944319886368e+01 4.651165483573495862e+01
2.550000000000000000e+02 8.330627698592738284e+01 4.374436043007814590e+01
2.549999878807776952e+02 8.287118919317930477e+01 4.350423676994080324e+01
2.549999966947575558e+02 8.472441769891224794e+01 4.403159260903719741e+01
2.549999922877676397e+02 8.634822712303984815e+01 4.454267012909175349e+01
2.550000000000000000e+02 8.713095701091501155e+01 4.478770868474487088e+01
2.549999966947575558e+02 8.835043833023559046e+01 4.526082990230805336e+01
2.550000000000000000e+02 9.046737119745628775e+01 4.576264503128412287e+01
2.549999790667978345e+02 9.191044225245661892e+01 4.617380617397253673e+01
2.549999955930100839e+02 9.220400176720296770e+01 4.633072696604083518e+01
2.549998655868072319e+02 9.251608826760124771e+01 4.653670306473097185e+01
2.549999944912625836e+02 9.363630544406483125e+01 4.688186732977175097e+01
2.549999944912625836e+02 9.563851665126055934e+01 4.754537491915927916e+01
2.549999647440805859e+02 9.858522292207671001e+01 4.858436796603092489e+01
2.550000000000000000e+02 1.013458264152772728e+02 4.947241609917490024e+01
2.550000000000000000e+02 1.039253599133585766e+02 5.014615561742479599e+01
2.549999955930100839e+02 1.061117976222085844e+02 5.096825755330529972e+01
2.549999449126259208e+02 1.080701493639060971e+02 5.161102364460270309e+01
2.549999922877676397e+02 1.100902849008812865e+02 5.225937339213727029e+01
2.550000000000000000e+02 1.122937512188081541e+02 5.294772208199425023e+01
2.549999801685453349e+02 1.150723616728493113e+02 5.385954151880297047e+01
2.549999008427266460e+02 1.179191680925115264e+02 5.495043458429415040e+01
2.549999493196158369e+02 1.166792581713856407e+02 5.446998344073534781e+01
2.550000000000000000e+02 1.005538638835056275e+02 4.902240623853494128e+01
2.550000000000000000e+02 8.586677779626265306e+01 4.446763671859937261e+01
2.550000000000000000e+02 8.307732945224420007e+01 4.363480155875233635e+01
2.549999955930100839e+02 8.430680362122362226e+01 4.386690780246549082e+01
2.550000000000000000e+02 8.678830142489002242e+01 4.467772453889113393e+01
2.549999933895151116e+02 8.869434990838969668e+01 4.528892556483839371e+01
2.549998666885547038e+02 8.999018673518067146e+01 4.568911220086178560e+01
2.549999845755352510e+02 9.201394481787563961e+01 4.629410708324473234e+01
2.549999988982525281e+02 9.396800966012192191e+01 4.688390446086538077e+01
2.549999889825251955e+02 9.442463992137929552e+01 4.704590651231919196e+01
2.550000000000000000e+02 9.406172870790361173e+01 4.706980231344936527e+01
2.549999922877676397e+02 9.433732973869854277e+01 4.707810177722885925e+01
2.549999724563129462e+02 9.581115607465000039e+01 4.755785771812671925e+01
2.549999966947575558e+02 9.835333592611240761e+01 4.838272944717616753e+01
2.549999977965050277e+02 1.017267578105633277e+02 4.940576258002818122e+01
2.550000000000000000e+02 1.048520540429174730e+02 5.040921104964584032e+01
2.550000000000000000e+02 1.073164648448904757e+02 5.128283730825462072e+01
2.550000000000000000e+02 1.097649895499251329e+02 5.214807926852780895e+01
2.549999713545654743e+02 1.116980539834231081e+02 5.279427289624072728e+01
2.549999845755352510e+02 1.135530574043490333e+02 5.336612831612220020e+01
2.550000000000000000e+02 1.159851065775426378e+02 5.420814433773408325e+01
2.550000000000000000e+02 1.187674288188495808e+02 5.510807922445791007e+01
2.550000000000000000e+02 1.204169265872600505e+02 5.558182623459068594e+01
2.549999845755352510e+02 1.116166205218096366e+02 5.263084077655569359e+01
2.550000000000000000e+02 9.194604412057965703e+01 4.634904682316622626e+01
2.549999977965050277e+02 8.371300139150706343e+01 4.383975964276939408e+01
2.549999944912625836e+02 8.379038042238795470e+01 4.377513884772638164e+01
2.549999944912625836e+02 8.572959260683370530e+01 4.432181713415648261e+01
2.549999966947575558e+02 8.779643562654726452e+01 4.490816053342206260e+01
2.549999449126259208e+02 8.844019879931559558e+01 4.520875140059648345e+01
2.549999966947575558e+02 8.996543157101478982e+01 4.561983982795111103e+01
2.550000000000000000e+02 9.229822100834132925e+01 4.630569416150957096e+01
2.550000000000000000e+02 9.411086113684915233e+01 4.694124711204441525e+01
2.549999812702928068e+02 9.498854733492792946e+01 4.712553531155766251e+01
2.549999856772827513e+02 9.504883055013557680e+01 4.737770217341725498e+01
2.550000000000000000e+02 9.588503485378157620e+01 4.751048147466696747e+01
2.550000000000000000e+02 9.761746886737053330e+01 4.811584984944620658e+01
2.549999019444741180e+02 1.000166198607611534e+02 4.884101783839347632e+01
2.550000000000000000e+02 1.021053942658450637e+02 4.950436126740623166e+01
2.549999581335956975e+02 1.041640623192445503e+02 5.016339025328073120e+01
2.550000000000000000e+02 1.062010028105578243e+02 5.079636070771851308e+01
2.549999713545654743e+02 1.080953253956099758e+02 5.144378719086342500e+01
2.550000000000000000e+02 1.097112231710716372e+02 5.192843489057995043e+01
2.549999768633028907e+02 1.120138401518648692e+02 5.278071479173116387e+01
2.549999724563129462e+02 1.146713399122347994e+02 5.347460747491596322e+01
2.550000000000000000e+02 1.168232631777261901e+02 5.415307679510471672e+01
2.549999988982525281e+02 1.137029402335043642e+02 5.317802256158493179e+01
2.550000000000000000e+02 9.568963663266306696e+01 4.726176087893006894e+01
2.549999724563129462e+02 8.306116240969802789e+01 4.352503445715248631e+01
2.549999856772827513e+02 8.178881153397404091e+01 4.299297415630932306e+01
2.549999966947575558e+02 8.420223236074738793e+01 4.354936544853792668e+01
2.550000000000000000e+02 8.729943843930858804e+01 4.472367732460455869e+01
2.549999911860201394e+02 8.931123595134242521e+01 4.525940534281424021e+01
2.549999933895151116e+02 9.140546400646064740e+01 4.600505151220350797e+01
2.549998942322417577e+02 9.423242575048284664e+01 4.675440396012114519e+01
2.550000000000000000e+02 9.574575634413743330e+01 4.728320088492358053e+01
2.549999790667978345e+02 9.526123204013886436e+01 4.709043694203376162e+01
2.550000000000000000e+02 9.427828709115527772e+01 4.682990781678820724e+01
2.549999338951510879e+02 9.445361808364246770e+01 4.696940447243373029e+01
2.549999845755352510e+02 9.606092112699953134e+01 4.761879096434855541e+01
2.550000000000000000e+02 9.862373230180389783e+01 4.822850132595309702e+01
2.549999944912625836e+02 1.008611842242981567e+02 4.895229543579070963e+01
2.549999702528180023e+02 1.032532619988563880e+02 4.975067454489565932e+01
2.549999438108784204e+02 1.053509616602893857e+02 5.041111156405174398e+01
2.549999944912625836e+02 1.075875993913946900e+02 5.104354767096091194e+01
2.550000000000000000e+02 1.097037180672264327e+02 5.171935847447636547e+01
2.550000000000000000e+02 1.122020384531906103e+02 5.249464275287032677e+01
2.550000000000000000e+02 1.154965080113568092e+02 5.366949889219290526e+01
2.549999636423331140e+02 1.166801803340277957e+02 5.399705613072895005e+01
2.549999889825251955e+02 1.049675039580278337e+02 5.023583345544368228e+01
2.550000000000000000e+02 8.779996562547857764e+01 4.488405209502792559e+01
2.550000000000000000e+02 8.294902104227514883e+01 4.331866283111643412e+01
2.549999889825251955e+02 8.448786810760547894e+01 4.370321456862730258e+01
2.549999966947575558e+02 8.748393817433831998e+01 4.461359953021487712e+01
2.550000000000000000e+02 8.998875446345448381e+01 4.533846123336223854e+01
2.550000000000000000e+02 9.234332655024134340e+01 4.619121598767805636e+01
2.549999592353431694e+02 9.574259212537005226e+01 4.732510144339937597e+01
2.549999603370906698e+02 9.818596175393791725e+01 4.809923990441238573e+01
2.549999405056359763e+02 9.877405803344684898e+01 4.828354132489541684e+01
2.549999977965050277e+02 9.862187034855985246e+01 4.825896464382156381e+01
2.549999559301007253e+02 9.959010145992559160e+01 4.859613573088275018e+01
2.550000000000000000e+02 1.016572221200045334e+02 4.926593540013816153e+01
2.550000000000000000e+02 1.043150898640333395e+02 5.002187850149121573e+01
2.549999988982525281e+02 1.072369969007843338e+02 5.110862128421889850e+01
2.549999867790302233e+02 1.102608100708533811e+02 5.214277104916107675e+01
2.549999955930100839e+02 1.134401448136889883e+02 5.315219539711937102e+01
2.549999735580604465e+02 1.165973796037895767e+02 5.409603051399825091e+01
2.549999812702928068e+02 1.195634964617379694e+02 5.516036154945359016e+01
2.550000000000000000e+02 1.223705981056553753e+02 5.622813995277910237e+01
2.549999691510705020e+02 1.249303199805211051e+02 5.699783726969346276e+01
2.549999801685453349e+02 1.268762010424734683e+02 5.777093898632621460e+01
2.549999504213633372e+02 1.230647243593062967e+02 5.631460840038384674e+01
2.550000000000000000e+02 1.017298999943810855e+02 4.921394283473016884e+01
2.549999283864136999e+02 8.693495723567150435e+01 4.451324906434095396e+01
2.549998501623424829e+02 8.528835816488532373e+01 4.410749529829261917e+01
2.549999955930100839e+02 8.752210270710374118e+01 4.476563958093932882e+01
2.549998457553525668e+02 9.023983500229714139e+01 4.569692028526446137e+01
2.549999966947575558e+02 9.244800027323337588e+01 4.637336569532936181e+01
2.549999460143733927e+02 9.433832020968458210e+01 4.697299396572904584e+01
2.549999900842726674e+02 9.690853072057591078e+01 4.778115769421879833e+01
2.550000000000000000e+02 9.864160815469415411e+01 4.834625279155267918e+01
2.549998766042820648e+02 9.888832026477194859e+01 4.839812746998013893e+01
2.550000000000000000e+02 9.886309795967383707e+01 4.835361466822526921e+01
2.549999823720403072e+02 9.940464320458679026e+01 4.854788910691247139e+01
2.549997994819583482e+02 1.014991334756056602e+02 4.911830674633035443e+01
2.549999966947575558e+02 1.047568828919549304e+02 5.027966537725486518e+01
2.549999856772827513e+02 1.083014854861295504e+02 5.140130490971730381e+01
2.549999988982525281e+02 1.117715504561785451e+02 5.267594521670822161e+01
2.550000000000000000e+02 1.151013178001628319e+02 5.365370313854805318e+01
2.550000000000000000e+02 1.177946992725161408e+02 5.464264489907441913e+01
2.550000000000000000e+02 1.202518782040193912e+02 5.550002258582337333e+01
2.549999977965050277e+02 1.228199072548969895e+02 5.638025602407979164e+01
2.550000000000000000e+02 1.251519519109259164e+02 5.716779503971248744e+01
2.550000000000000000e+02 1.273086887111647769e+02 5.778780784201822485e+01
2.549999691510705020e+02 1.238286033477698993e+02 5.668351862889729631e+01
2.549999922877676397e+02 1.027801495952730590e+02 4.955451832150974667e+01
2.549999900842726674e+02 8.889973547042964697e+01 4.517174370268683248e+01
2.550000000000000000e+02 8.734553335044714117e+01 4.487819740891027465e+01
2.549997565138065454e+02 8.895784934484585449e+01 4.544382795552024845e+01
2.549999812702928068e+02 9.093645230700414572e+01 4.614068323768329094e+01
2.549999955930100839e+02 9.168833657063468934e+01 4.612718903452766739e+01
2.549999834737877791e+02 9.240234716283497107e+01 4.612127595579348593e+01
2.549998810112719809e+02 9.437126135763935508e+01 4.694592072486170053e+01
2.550000000000000000e+02 9.635599995152311692e+01 4.742303687879345375e+01
2.550000000000000000e+02 9.714275452294884872e+01 4.768361558267568512e+01
2.550000000000000000e+02 9.728609517555794639e+01 4.785313375544951953e+01
2.550000000000000000e+02 9.813683042673984858e+01 4.801964195410340608e+01
2.550000000000000000e+02 1.001902078887323171e+02 4.863352573516855415e+01
2.550000000000000000e+02 1.027099815016597830e+02 4.947709522072960198e+01
2.549999658458280578e+02 1.053892914551770588e+02 5.039078101777229080e+01
2.549999812702928068e+02 1.083588876316726015e+02 5.143517813604157851e+01
2.549999746598079184e+02 1.112148738113521915e+02 5.230573162092395023e+01
2.549999900842726674e+02 1.135899439100357142e+02 5.302989481616792489e+01
2.549999713545654743e+02 1.160762916061164560e+02 5.389025052635985702e+01
2.550000000000000000e+02 1.187359364688332164e+02 5.479518955014548709e+01
2.549999966947575558e+02 1.216954957257706411e+02 5.574026082769881185e+01
2.550000000000000000e+02 1.241665511668056752e+02 5.655819264936115331e+01
2.550000000000000000e+02 1.201934007529342239e+02 5.523932268971816484e+01
2.549999944912625836e+02 9.963313902180247794e+01 4.840371222796477468e+01
2.549999988982525281e+02 8.631349122843742805e+01 4.446659666897666341e+01
2.550000000000000000e+02 8.455741922262900800e+01 4.378778580706859458e+01
2.549999977965050277e+02 8.618441930746357116e+01 4.409748922766399915e+01
2.549999944912625836e+02 8.812169572158400399e+01 4.496664018800218798e+01
2.549999878807776952e+02 8.865462199594777815e+01 4.504964914851446167e+01
2.549998116011806246e+02 8.981481387628917901e+01 4.536883090269476071e+01
2.549999988982525281e+02 9.255253737953768223e+01 4.612148638956248448e+01
2.549999658458280578e+02 9.427073571391584039e+01 4.671240865136192610e+01
2.549999294881611718e+02 9.444460028050491474e+01 4.675011595892244998e+01
2.549998534675849271e+02 9.428176530795494159e+01 4.675810913690204274e+01
2.549999504213633372e+02 9.536419585103932661e+01 4.702878425470638746e+01
2.549998997409791741e+02 9.733967425733956702e+01 4.775734452414975095e+01
2.549999977965050277e+02 1.001899831322460557e+02 4.862242452754313859e+01
2.549999900842726674e+02 1.032028713742867581e+02 4.960739669189300827e+01
2.549999140636964228e+02 1.055104891868993349e+02 5.026199334764870486e+01
2.549999955930100839e+02 1.076527765689159537e+02 5.104747540073310574e+01
2.550000000000000000e+02 1.097863193811704718e+02 5.185129163366014637e+01
2.549999768633028907e+02 1.119881099411776972e+02 5.238681252334327354e+01
2.550000000000000000e+02 1.142414369431355112e+02 5.327234206174413345e+01
2.550000000000000000e+02 1.173089244851258570e+02 5.421855474968847943e+01
2.550000000000000000e+02 1.176142870206434452e+02 5.427805572418412794e+01
2.549998259238979017e+02 1.050956195621875793e+02 5.000785435779690147e+01
2.550000000000000000e+02 8.876480335460072979e+01 4.498138597629700541e+01
2.549999944912625836e+02 8.416185331554378024e+01 4.363120765846709759e+01
2.549999834737877791e+02 8.552282214820927209e+01 4.390072483966820016e+01
2.549999988982525281e+02 8.870235190034914297e+01 4.496650687655690604e+01
2.549999812702928068e+02 9.039822552550600676e+01 4.550664629168323927e+01
2.549999966947575558e+02 9.182613984040085597e+01 4.589895984020254360e+01
2.549999162671913950e+02 9.459200307607896718e+01 4.681503863277544752e+01
2.549999834737877791e+02 9.629579385863918617e+01 4.726963066119171941e+01
2.549999713545654743e+02 9.623463585593108860e+01 4.734265228078255205e+01
2.549999878807776952e+02 9.598282375676059530e+01 4.719816801428746089e+01
