2.549997087780259903e+02 8.824908303687156979e-05 1.209731667631890994e+00
2.549998367391963825e+02 4.853699567027936271e-05 1.325046744436171098e+00
2.550000000000000000e+02 1.640117481591792910e+02 8.921269352748132064e+01
2.550000000000000000e+02 1.637565991009624611e+02 8.844447422850997498e+01
2.550000000000000000e+02 1.639447461459970725e+02 8.815395935026612051e+01
2.550000000000000000e+02 1.646565742809078756e+02 8.785075535699512272e+01
2.549999955875458397e+02 1.659414787236976281e+02 8.818583933151319343e+01
2.549999779377292271e+02 1.647386580623810630e+02 8.753091420534458678e+01
2.549999029260086729e+02 1.559849568406828269e+02 8.330022668983204426e+01
2.549999106478034321e+02 1.491168991478448049e+02 8.048505887868509490e+01
2.549998753481702067e+02 1.482102148313615260e+02 8.000777474421555269e+01
2.549999536692314166e+02 1.496101442320950810e+02 8.044505556934447554e+01
2.549998301205151563e+02 1.510740211246242382e+02 8.116990485645735021e+01
2.549999316069606436e+02 1.517261741264719603e+02 8.122233584291663533e+01
2.549999150602575639e+02 1.524818234466782485e+02 8.150667328534790101e+01
2.549998775543972727e+02 1.540559708778025936e+02 8.214951049336752931e+01
2.549999051322357388e+02 1.549804395907448793e+02 8.259206309809437130e+01
2.549998819668514329e+02 1.554704746145997092e+02 8.282268773613523649e+01
2.549998918948732864e+02 1.553582736273130820e+02 8.272530376989051604e+01
2.549998819668514329e+02 1.553768169658862064e+02 8.271284410247925223e+01
2.549999282976200448e+02 1.559196172196023156e+02 8.293033065828299755e+01
2.549999194727117242e+02 1.566509881139516267e+02 8.326950718402692075e+01
2.549999779377292271e+02 1.575328115606298809e+02 8.355432779018779854e+01
2.549999580816855484e+02 1.584319880863737922e+02 8.393273654890928981e+01
2.549999481536637234e+02 1.593325137199746280e+02 8.425302335842916079e+01
2.549998985135545126e+02 1.600331595929511082e+02 8.459400678414826302e+01
2.549999349163012710e+02 1.609897465596646668e+02 8.485673643859794879e+01
2.549999746283886282e+02 1.621456837925043430e+02 8.553912247318055506e+01
2.549999503598907893e+02 1.632277322743443335e+02 8.593113262182509970e+01
2.549999702159344679e+02 1.643467008631863564e+02 8.637973139185351101e+01
2.549999316069606436e+02 1.658223038526240316e+02 8.715630677587490993e+01
2.549999823501833873e+02 1.666096158407104042e+02 8.734883428476875622e+01
2.549999172664846583e+02 1.618277135214141822e+02 8.524475331623507657e+01
2.549999757315021611e+02 1.526200159951463036e+02 8.117066600479854799e+01
2.549999029260086729e+02 1.484531094012851327e+02 7.910544993243429701e+01
2.549999194727117242e+02 1.485155698960315362e+02 7.921689197760679235e+01
2.549999327100741766e+02 1.498197380105347349e+02 7.977976117591903460e+01
2.549998179862662369e+02 1.506603171451421588e+02 7.984536885358924962e+01
2.549998223987203971e+02 1.507083047902705459e+02 8.006095474476710194e+01
2.549998819668514329e+02 1.512323521138413298e+02 8.019602327569565148e+01
2.549999227820523515e+02 1.522041973470119274e+02 8.055923443920465843e+01
2.549998775543972727e+02 1.527169565097487691e+02 8.071419872590387001e+01
2.549998896886461921e+02 1.527045828851934459e+02 8.071745732329499390e+01
2.549999459474366290e+02 1.527762212845757119e+02 8.067364937536196123e+01
2.549999117509169650e+02 1.536246038443506734e+02 8.110915749703538324e+01
2.549999338131877096e+02 1.551849491188880563e+02 8.173413750310250236e+01
2.549999911750917079e+02 1.569708822150519723e+02 8.283701718099335665e+01
2.549999205758252572e+02 1.589876594688508362e+02 8.351910868426132595e+01
2.549999227820523515e+02 1.603192267174098902e+02 8.412991809381981057e+01
2.549999779377292271e+02 1.615110305838228442e+02 8.448283720801963170e+01
2.549999316069606436e+02 1.628065127823281273e+02 8.514487521028101469e+01
2.549999095446898991e+02 1.637421086015278036e+02 8.547379608946251039e+01
2.549999724221615622e+02 1.645303714734839104e+02 8.573187612034968197e+01
2.549999823501833873e+02 1.656433380215658815e+02 8.623095226276164738e+01
2.549999757315021611e+02 1.662844874658724166e+02 8.670817572598659240e+01
2.549999282976200448e+02 1.674191081327045652e+02 8.705474531866192933e+01
2.549999911750917079e+02 1.684826077604037380e+02 8.763808168555748068e+01
2.549999117509169650e+02 1.636202862579631017e+02 8.526880891315738609e+01
2.549999470505501904e+02 1.540457935523013759e+02 8.093310057637683030e+01
2.549999790408427884e+02 1.496903306582830169e+02 7.901469236921209927e+01
2.549997882022007047e+02 1.496834020021510696e+02 7.888291332285375290e+01
2.549998632139212873e+02 1.510161672320123500e+02 7.955266429497255842e+01
2.549999029260086729e+02 1.518085789139847179e+02 7.994623203993270977e+01
2.549999227820523515e+02 1.521526025206144368e+02 7.992095750255094799e+01
2.549999591847990814e+02 1.532272822040208382e+02 8.044927166928655993e+01
2.549998874824191262e+02 1.553104084277874222e+02 8.129532114392874576e+01
2.549999856595240146e+02 1.560839370122169782e+02 8.167705909930779740e+01
2.549999371225283369e+02 1.558748396348694314e+02 8.164216210253439954e+01
2.549999602879126428e+02 1.560474857284686152e+02 8.168674884862524266e+01
2.549999591847990814e+02 1.568735136923967843e+02 8.209992553983619246e+01
2.549999294007335777e+02 1.578188047764816133e+02 8.251588318027633306e+01
2.549999029260086729e+02 1.591791268856347017e+02 8.317282700421941399e+01
2.549999481536637234e+02 1.603127801218940363e+02 8.352794462370039241e+01
2.549999669065938690e+02 1.610912594798819555e+02 8.401059430241858195e+01
2.549999856595240146e+02 1.618997324949670542e+02 8.433612310747083995e+01
2.549999360194148039e+02 1.629059452304128399e+02 8.463803094233473701e+01
2.549999558754584825e+02 1.639475965913791811e+02 8.500733901436805695e+01
2.549998996166680456e+02 1.651636590276054051e+02 8.545753509279943216e+01
2.549999393287554028e+02 1.662218879788202059e+02 8.611936350348860003e+01
2.549999746283886282e+02 1.675613237362455550e+02 8.683558864896168927e+01
2.549999834532969203e+02 1.679488651719478298e+02 8.702839414246710703e+01
2.549998753481702067e+02 1.618531954441410790e+02 8.383895424836600796e+01
2.549998268111745290e+02 1.532186293814290821e+02 8.002569482363972497e+01
2.549999227820523515e+02 1.498835685722953031e+02 7.848705882352940932e+01
2.549999713190480009e+02 1.503589818262044560e+02 7.885958909020710905e+01
2.549999271945064834e+02 1.523214825845950315e+02 7.956631642811836969e+01
2.549999823501833873e+02 1.539741088221505265e+02 8.048925401946995350e+01
2.549998941011003524e+02 1.552420043572984696e+02 8.105327045586166435e+01
2.549999271945064834e+02 1.566909561236590207e+02 8.153946443837732261e+01
2.549999227820523515e+02 1.574583138909572142e+02 8.191080665177463516e+01
2.549998720388296078e+02 1.572748528722318611e+02 8.166012630650010351e+01
2.549999591847990814e+02 1.571047924767656809e+02 8.169160254819227873e+01
2.549999635972532417e+02 1.578158782162654177e+02 8.186679242161000047e+01
2.549999492567772563e+02 1.589567038967485644e+02 8.261062298337056120e+01
2.549999757315021611e+02 1.604712192162378415e+02 8.326933399520144974e+01
2.549999183695981912e+02 1.620664912716141259e+02 8.397200077217947012e+01
2.549999691128209349e+02 1.632746576211356455e+02 8.425004605499020727e+01
2.549999525661178552e+02 1.640411836408262332e+02 8.456049860731916112e+01
2.549999007197815786e+02 1.646752797771710561e+02 8.490790105071565108e+01
2.549999647003667747e+02 1.651799553239017087e+02 8.509732219188660451e+01
2.549999305038471107e+02 1.658418587463114591e+02 8.547122473180552049e+01
2.549999437412095631e+02 1.666682970684757663e+02 8.585892280963018663e+01
2.549999316069606436e+02 1.681005598301205168e+02 8.644433854554479524e+01
2.549999624941397087e+02 1.692785858084443475e+02 8.710862579631007918e+01
2.549999139571440310e+02 1.675895479992278183e+02 8.619155456275336746e+01
2.549999073384628048e+02 1.587379487603761561e+02 8.213061967402994412e+01
2.549999525661178552e+02 1.517025134441962564e+02 7.900869915336035376e+01
2.549998830699649659e+02 1.503990149196106074e+02 7.837506853092854442e+01
2.549998466672182360e+02 1.520698579741319918e+02 7.909062629271117828e+01
2.549999536692314166e+02 1.547343007639061341e+02 8.041071454179422062e+01
2.549999647003667747e+02 1.564371727200021951e+02 8.113087008080306362e+01
2.549999680097074020e+02 1.574268453710598124e+02 8.149744353437577615e+01
2.549998830699649659e+02 1.584244670582719721e+02 8.184760376161716522e+01
2.549999294007335777e+02 1.589997981302225583e+02 8.213236590276054017e+01
2.549999029260086729e+02 1.586200060671244501e+02 8.190771131518711456e+01
2.549999426380960301e+02 1.583221389371501004e+02 8.170697002288960675e+01
2.549999757315021611e+02 1.586496754088414605e+02 8.188225255784450951e+01
2.549999371225283369e+02 1.597431620749565582e+02 8.257694382394308263e+01
2.549999680097074020e+02 1.614268663302170239e+02 8.326316207495656840e+01
2.549999183695981912e+02 1.626887664432861698e+02 8.373620142853202708e+01
2.549997804804059456e+02 1.641076693968726659e+02 8.425546234246159827e+01
2.549999735252750952e+02 1.649625823887923559e+02 8.467675243374424099e+01
2.549999823501833873e+02 1.653923951352693109e+02 8.500446430048812374e+01
2.549999282976200448e+02 1.658842116874879480e+02 8.517873969278288371e+01
2.549999834532969203e+02 1.663225404704779180e+02 8.535636082843826955e+01
2.549999922782052408e+02 1.667164976145169817e+02 8.566004246987121462e+01
2.549999867626375476e+02 1.677304464852044816e+02 8.604117812525853992e+01
2.549999525661178552e+02 1.686059082761093180e+02 8.652025371611372861e+01
2.549999018228951115e+02 1.642303168693637758e+02 8.412455696202532351e+01
2.549999933813187738e+02 1.556300201318220786e+02 8.030203138358015735e+01
2.549998654201483816e+02 1.511434202035244425e+02 7.838465017511927613e+01
2.549999305038471107e+02 1.512948412895397325e+02 7.839044593364772595e+01
2.549999349163012710e+02 1.531410363751689090e+02 7.929029094619563978e+01
2.549999382256418698e+02 1.538926659496428613e+02 7.955709329582747102e+01
2.549999481536637234e+02 1.540781853782300459e+02 7.965093737072888302e+01
2.549999459474366290e+02 1.544798488734452917e+02 7.978275723228813376e+01
2.549999635972532417e+02 1.549266440528391513e+02 8.006717078955351496e+01
2.549999404318689642e+02 1.548275987976062424e+02 8.009145031852403918e+01
2.549999735252750952e+02 1.542673318441300694e+02 7.956741733542925488e+01
2.549999889688646135e+02 1.539366393646066058e+02 7.962213066379857196e+01
2.549999702159344679e+02 1.544757563222194676e+02 7.992178042525027593e+01
2.549999768346156941e+02 1.557055492126526985e+02 8.034109594329996185e+01
2.549999382256418698e+02 1.571213149113372367e+02 8.099693444747801152e+01
2.549999172664846583e+02 1.582093301343040821e+02 8.152510300322660441e+01
2.549999889688646135e+02 1.594846970574446345e+02 8.197418273075756190e+01
2.549999040291222059e+02 1.605607291580485878e+02 8.238740134028294904e+01
2.549999338131877096e+02 1.613569245194561574e+02 8.274621328700256129e+01
2.549998466672182360e+02 1.621430230826507852e+02 8.302687515512533878e+01
2.549999988968864670e+02 1.627026833236811001e+02 8.339307465320868573e+01
2.549999305038471107e+02 1.635283163729626779e+02 8.362921596205289632e+01
2.549999415349824972e+02 1.644701502992195401e+02 8.422320840572515976e+01
2.549999117509169650e+02 1.639924260224483703e+02 8.378658283003778706e+01
2.549999492567772563e+02 1.568723664543173015e+02 8.079028156973056696e+01
2.549998841730785273e+02 1.497392890433247885e+02 7.750321723063346724e+01
2.549998808637379000e+02 1.477250621880257029e+02 7.672444554755797697e+01
2.549999525661178552e+02 1.485605317007253063e+02 7.725681255343205578e+01
2.549999647003667747e+02 1.508936609580541131e+02 7.826762416921761201e+01
2.549999404318689642e+02 1.527910129340062326e+02 7.898408096853368932e+01
2.549999856595240146e+02 1.536914084002095819e+02 7.946776316152339348e+01
2.549999007197815786e+02 1.545708634621218494e+02 7.970729213204269570e+01
2.549999117509169650e+02 1.548571291470174458e+02 7.960170431041615302e+01
2.549999205758252572e+02 1.540337938832354325e+02 7.933538291828686795e+01
2.549998565952400611e+02 1.530757221256997980e+02 7.908988830975428641e+01
2.549999260913929504e+02 1.528687063235983601e+02 7.898111579934364102e+01
2.549998543890129952e+02 1.534327106257411515e+02 7.912649733873858793e+01
2.549999062353492718e+02 1.547058867653953200e+02 7.972531811036651561e+01
2.549999327100741766e+02 1.554500570861255824e+02 8.009665701442321506e+01
2.549999635972532417e+02 1.561285910482336305e+02 8.010337607898293300e+01
2.549999635972532417e+02 1.566380154987452045e+02 8.041429304211135332e+01
2.549999282976200448e+02 1.570335898072308964e+02 8.053989134331651201e+01
2.549999316069606436e+02 1.572101618819116879e+02 8.062232150244064144e+01
2.549999580816855484e+02 1.577659358539477807e+02 8.070147872369763320e+01
2.549999062353492718e+02 1.582002581285678957e+02 8.120586304845426184e+01
2.549999613910261758e+02 1.591786128347260103e+02 8.155800446760983391e+01
2.549999448443230960e+02 1.596400441245415323e+02 8.167944623700394402e+01
2.549998301205151563e+02 1.548351021758914499e+02 7.940194258294035023e+01
2.549998643170348203e+02 1.468603325887316942e+02 7.594424864179146084e+01
2.549998632139212873e+02 1.429117586387579024e+02 7.446862138385593255e+01
2.549998554921265281e+02 1.431314823088166293e+02 7.461171506577314005e+01
2.549995411047682126e+02 1.453320978461708251e+02 7.546739472160172113e+01
2.549995289705192931e+02 1.474968952869474208e+02 7.621416177160034522e+01
2.549998786575108340e+02 1.492750834229613019e+02 7.706149085794655207e+01
2.549999536692314166e+02 1.511314668652271109e+02 7.804946912660984992e+01
2.549999448443230960e+02 1.522425801825652911e+02 7.827592840793138862e+01
2.549998918948732864e+02 1.522377055238410435e+02 7.825847715176084307e+01
2.549999580816855484e+02 1.523469325170293018e+02 7.833579548275005777e+01
2.549999823501833873e+02 1.529170149747662890e+02 7.852164694851217064e+01
2.549998753481702067e+02 1.540624627009734979e+02 7.892018532307437795e+01
2.549999481536637234e+02 1.553030616916246061e+02 7.961478392763575584e+01
2.549999216789388186e+02 1.566660180359063474e+02 8.035952124872451918e+01
2.549999922782052408e+02 1.575875403325887305e+02 8.075957640440142882e+01
2.549999867626375476e+02 1.579966332974821341e+02 8.103265988251840213e+01
2.549999823501833873e+02 1.582501287885055490e+02 8.110746973332230425e+01
2.549999271945064834e+02 1.583429469678166583e+02 8.112450290946195253e+01
2.549999448443230960e+02 1.580089903753343776e+02 8.090832795565484048e+01
2.549999525661178552e+02 1.578784280632084176e+02 8.075006205013650629e+01
2.549999613910261758e+02 1.582146703069413434e+02 8.090994953255564326e+01
2.549999658034803360e+02 1.574643512313504914e+02 8.056870246270096914e+01
2.549999316069606436e+02 1.508619508562918838e+02 7.767834202035244573e+01
2.549999680097074020e+02 1.443683450539146804e+02 7.490248255701717994e+01
2.549999371225283369e+02 1.426647615895866181e+02 7.397916880394915040e+01
2.549998841730785273e+02 1.434345671658255412e+02 7.454797937177683309e+01
2.549998885855326591e+02 1.461210799481536640e+02 7.572728165246408594e+01
2.549998246049474631e+02 1.485347960618846628e+02 7.660342627064891019e+01
2.549999260913929504e+02 1.505513460742946847e+02 7.751940652491657602e+01
2.549998378423099155e+02 1.512164860318248145e+02 7.783266319185902660e+01
2.549998709357160465e+02 1.503755472822040247e+02 7.725659965251924177e+01
2.549999183695981912e+02 1.492348341193017234e+02 7.686852761920521004e+01
2.549999271945064834e+02 1.495514442513995732e+02 7.699174650450898127e+01
2.549999360194148039e+02 1.506611444802956328e+02 7.745506963404208989e+01
2.549998996166680456e+02 1.523458194754695114e+02 7.822758225090316841e+01
2.549999139571440310e+02 1.542272204296627365e+02 7.912659882518407528e+01
2.549999249882794174e+02 1.555848818289622386e+02 7.969162130112242437e+01
2.549999271945064834e+02 1.567753045972256700e+02 8.004616419845012842e+01
2.549999569785720155e+02 1.575123565262954628e+02 8.037363889578334408e+01
2.549999900719781465e+02 1.587454929538622821e+02 8.097375582581837250e+01
2.549999691128209349e+02 1.603281001627092337e+02 8.186426629160806101e+01
2.549999073384628048e+02 1.624185973911364727e+02 8.266197512478971987e+01
2.549999547723449496e+02 1.631768500592923488e+02 8.306465789691404211e+01
2.549999624941397087e+02 1.596158032045448181e+02 8.129284024158187094e+01
2.549998830699649659e+02 1.520410578858829069e+02 7.785107746614819746e+01
2.549999194727117242e+02 1.476031405642425796e+02 7.595375196492098269e+01
2.549998687294889805e+02 1.474694696781666323e+02 7.611554893687433321e+01
2.549999018228951115e+02 1.498874184385427952e+02 7.705590358787678440e+01
2.549999216789388186e+02 1.523299390529770392e+02 7.819815338793745241e+01
2.549999216789388186e+02 1.543886732301922109e+02 7.910752930145335426e+01
2.549999073384628048e+02 1.564249358815256130e+02 8.006559774964837572e+01
2.549999051322357388e+02 1.566052706764843663e+02 7.987080223932048284e+01
2.549999260913929504e+02 1.559757822453876202e+02 7.960761699897962274e+01
2.549999216789388186e+02 1.560420760596784362e+02 7.968448305341827620e+01
2.549999790408427884e+02 1.570063020876423820e+02 8.008499820744050623e+01
2.549998521827859008e+02 1.586232326742230043e+02 8.081138633793882775e+01
2.549999404318689642e+02 1.597055315628361143e+02 8.150853644411351695e+01
2.549999503598907893e+02 1.607222117426436228e+02 8.171724442238217989e+01
2.549999624941397087e+02 1.613436684040704847e+02 8.207526102424091619e+01
2.549998797606243670e+02 1.618831273268801283e+02 8.223505474200932497e+01
2.549998521827859008e+02 1.626548865171947682e+02 8.254822315986872638e+01
2.549999040291222059e+02 1.636238614489396355e+02 8.299493891508782895e+01
2.549999117509169650e+02 1.644473180552108431e+02 8.357750310250682446e+01
2.549999249882794174e+02 1.654825614296351546e+02 8.388055707233667135e+01
2.549997959239954639e+02 1.651481812415542834e+02 8.366091613579327202e+01
2.549998499765588349e+02 1.581553062518959791e+02 8.056145280052949431e+01
2.549998907917597535e+02 1.497324574611841967e+02 7.696094095584787453e+01
2.549998874824191262e+02 1.462605642425746737e+02 7.537827859132401898e+01
2.549998775543972727e+02 1.465840611124899908e+02 7.529462397617274405e+01
2.549999459474366290e+02 1.484717266484653067e+02 7.642464686577865507e+01
2.549999757315021611e+02 1.496259959736355825e+02 7.672853368632966919e+01
2.549998632139212873e+02 1.504021168748793400e+02 7.723949477399960983e+01
2.549999393287554028e+02 1.519280218416480466e+02 7.793216182675601544e+01
2.549999327100741766e+02 1.525955875458481614e+02 7.821976558837317839e+01
2.549999404318689642e+02 1.523190380849949008e+02 7.812393701221698450e+01
2.549999503598907893e+02 1.519974981384958994e+02 7.791334822536609295e+01
2.549999459474366290e+02 1.521095380712059750e+02 7.799206751054852305e+01
2.549999316069606436e+02 1.530584925953503728e+02 7.827896969195553822e+01
2.549999349163012710e+02 1.545322456633849129e+02 7.901289650037230672e+01
2.549999635972532417e+02 1.560087940211246291e+02 7.964631201566420771e+01
2.549999316069606436e+02 1.577842078265905457e+02 8.035423733487769482e+01
2.549999294007335777e+02 1.595980121894045851e+02 8.116913929566200636e+01
2.549999746283886282e+02 1.611468222056755053e+02 8.195122031935136420e+01
2.549999294007335777e+02 1.623147072612448767e+02 8.224523647996470288e+01
2.549999812470698544e+02 1.627725920410358356e+02 8.232685254129781072e+01
2.549999801439563214e+02 1.634708573949973811e+02 8.288241250930751391e+01
2.549999569785720155e+02 1.632465900002757735e+02 8.288328838145666566e+01
2.549999503598907893e+02 1.562674564959598342e+02 7.967250544662309153e+01
2.549998499765588349e+02 1.483680582443948026e+02 7.601461846060506389e+01
2.549999150602575639e+02 1.453595168362703873e+02 7.492899699401560554e+01
2.549999404318689642e+02 1.459580541077190503e+02 7.520730702407544754e+01
2.549999051322357388e+02 1.473986133862827899e+02 7.576180469374810400e+01
2.549998907917597535e+02 1.482887157000634204e+02 7.618274289181213987e+01
2.549999117509169650e+02 1.489441614958219589e+02 7.646374451890460477e+01
2.549999647003667747e+02 1.502033049281597243e+02 7.700441576349246020e+01
2.549998720388296078e+02 1.509225481922726999e+02 7.728329610325143051e+01
2.549999316069606436e+02 1.510403728523758389e+02 7.732773834146880176e+01
2.549999294007335777e+02 1.506458928325197917e+02 7.718768704668927683e+01
2.549998852761920602e+02 1.508349466368825915e+02 7.727311326218250542e+01
2.549997760679517853e+02 1.520861641984501205e+02 7.781950304735114798e+01
2.549999470505501904e+02 1.535107360525082072e+02 7.834685860842226646e+01
2.549999084415763377e+02 1.548522026419569215e+02 7.899173657648714197e+01
2.549999768346156941e+02 1.562692865613193192e+02 7.966370590993078338e+01
2.549998974104409797e+02 1.567959262017043045e+02 7.984934557789360099e+01
2.549999128540304980e+02 1.567887592730481856e+02 7.986805548661095600e+01
2.549999503598907893e+02 1.567359080003309373e+02 7.948083064449409108e+01
2.549999867626375476e+02 1.564522191886599956e+02 7.934039546620336125e+01
2.549999095446898991e+02 1.565989994760210777e+02 7.935797027109015289e+01
2.549999503598907893e+02 1.569744176939411489e+02 7.965247621411434409e+01
2.549998720388296078e+02 1.544958506384269583e+02 7.834153498248807068e+01
2.549999338131877096e+02 1.465757943796365339e+02 7.520994677477179380e+01
2.549999249882794174e+02 1.409172775157882995e+02 7.271533272662088621e+01
2.549998257080609960e+02 1.399143575742533301e+02 7.229991009624666276e+01
2.549998543890129952e+02 1.403078238327679799e+02 7.260360387192851306e+01
2.549997705523840921e+02 1.410622950277157202e+02 7.289931662116323707e+01
2.549999095446898991e+02 1.411489092964893359e+02 7.298273186067676477e+01
2.549999547723449496e+02 1.419558412619618935e+02 7.331670830920272408e+01
2.549999294007335777e+02 1.436380894073522541e+02 7.397168859104823468e+01
2.549998775543972727e+02 1.444885303769890470e+02 7.432790491161303237e+01
2.549999426380960301e+02 1.447976933895921263e+02 7.447192520890212108e+01
2.549999680097074020e+02 1.454198913433165217e+02 7.477472105016408932e+01
2.549999205758252572e+02 1.464157193679159548e+02 7.523031907559085596e+01
2.549998885855326591e+02 1.475858271972642797e+02 7.563934475055845041e+01
2.549998334298557552e+02 1.489899109235818173e+02 7.622184385427870268e+01
2.549997727586111864e+02 1.507710719505805059e+02 7.677078845040125543e+01
2.549998576983535941e+02 1.518795984666721779e+02 7.750793524723532357e+01
2.549998797606243670e+02 1.527247819971870513e+02 7.782555914067455660e+01
2.549999735252750952e+02 1.532471889909269009e+02 7.779747717933868500e+01
2.549999128540304980e+02 1.537439861007694333e+02 7.800615537354181583e+01
2.549999713190480009e+02 1.544780530046054992e+02 7.837094398941010809e+01
2.549999558754584825e+02 1.555736554424864266e+02 7.888069606464244998e+01
2.549998852761920602e+02 1.569633744243126330e+02 7.943896969195554902e+01
2.549999536692314166e+02 1.553963950249579398e+02 7.866384269600948187e+01
2.549998808637379000e+02 1.475977661950856259e+02 7.525732660434074717e+01
2.549999073384628048e+02 1.421279920575825315e+02 7.314641846612062182e+01
2.549999305038471107e+02 1.413382807975510786e+02 7.276365130581065443e+01
2.549999768346156941e+02 1.420069716775599034e+02 7.312375168914260826e+01
2.549998113675850107e+02 1.426571181158820707e+02 7.344586746090841700e+01
2.549999294007335777e+02 1.428993761892942871e+02 7.357339069523730757e+01
2.549998996166680456e+02 1.437510107277791462e+02 7.390130222553156614e+01
2.549999558754584825e+02 1.453484062767160196e+02 7.456185984942500511e+01
2.549999227820523515e+02 1.461550547420093267e+02 7.499478447919251778e+01
2.549998764512837397e+02 1.463654526902181487e+02 7.504393811533051917e+01
2.549999393287554028e+02 1.466329290422216616e+02 7.515600893521965986e+01
2.549997617274757999e+02 1.469516792145831516e+02 7.536645431731061251e+01
2.549998918948732864e+02 1.477797280825128894e+02 7.558231157441879589e+01
2.549999349163012710e+02 1.492945037367971111e+02 7.627062243181379131e+01
2.549999194727117242e+02 1.506927917045861989e+02 7.681303880201869561e+01
2.549999018228951115e+02 1.516680036402746623e+02 7.718763078789883991e+01
2.549999327100741766e+02 1.525965240892418819e+02 7.774262706489065522e+01
2.549998764512837397e+02 1.536311684730150944e+02 7.807134828052177511e+01
2.549999602879126428e+02 1.547338330437660261e+02 7.864169107305369266e+01
2.549999647003667747e+02 1.559641510162433349e+02 7.918973883786988210e+01
2.549999382256418698e+02 1.573412945037368047e+02 7.973005377678497041e+01
2.549999955875458397e+02 1.568690317420920621e+02 7.954362538264250304e+01
2.549997716554976535e+02 1.500534436446871212e+02 7.652081961335871085e+01
2.549998687294889805e+02 1.427226882876920229e+02 7.326597391136482429e+01
2.549997286340696689e+02 1.401725225448829235e+02 7.225210225862497282e+01
2.549998874824191262e+02 1.409486754364193075e+02 7.271770662695458043e+01
2.549999029260086729e+02 1.429781484239265410e+02 7.367881635917376570e+01
2.549998290174016233e+02 1.442785019718154444e+02 7.422944651278233152e+01
2.549999139571440310e+02 1.455858426408537980e+02 7.474655414908579587e+01
2.549999470505501904e+02 1.465354314552825485e+02 7.505443534375775982e+01
2.549998665232619146e+02 1.468453203165935861e+02 7.521167645679931013e+01
2.549999437412095631e+02 1.466416756294641743e+02 7.511037312815420819e+01
2.549999150602575639e+02 1.467905871321805762e+02 7.506399271945065266e+01
2.549999525661178552e+02 1.475160100383332065e+02 7.547756984087587284e+01
2.549999691128209349e+02 1.490918661923278421e+02 7.602243071068089364e+01
2.549999018228951115e+02 1.502535870494470771e+02 7.656634510907035462e+01
2.549999205758252572e+02 1.509038713769614617e+02 7.691863655166707758e+01
2.549999371225283369e+02 1.515286263478668616e+02 7.697775350927994964e+01
2.549999812470698544e+02 1.520827555776178315e+02 7.727954772344943990e+01
2.549999073384628048e+02 1.529321232177821912e+02 7.757887096329389465e+01
2.549999294007335777e+02 1.539032426022448306e+02 7.816926174126471949e+01
2.549998775543972727e+02 1.549815118171037795e+02 7.859710873941700982e+01
2.549999084415763377e+02 1.566226127244146653e+02 7.927507901050715589e+01
2.549997981302225583e+02 1.586122114668652330e+02 8.001166873500454813e+01
2.549999349163012710e+02 1.559044483053418162e+02 7.886206558009983780e+01
2.549999459474366290e+02 1.463503665094729911e+02 7.477648382559775087e+01
2.549999327100741766e+02 1.401347872369763650e+02 7.212236066297123216e+01
2.549999393287554028e+02 1.398367094123162531e+02 7.184043903918811225e+01
2.549997959239954639e+02 1.417402421334215887e+02 7.281663164281184208e+01
2.549998841730785273e+02 1.433984015884834946e+02 7.362915639392184630e+01
2.549998963073274183e+02 1.446616607374313901e+02 7.410091944513389706e+01
2.549997584181351726e+02 1.462814075728744285e+02 7.466561098701083665e+01
2.549999128540304980e+02 1.473550823198477815e+02 7.522204903339675752e+01
2.549999294007335777e+02 1.471236777805355587e+02 7.512809464714155183e+01
2.549999349163012710e+02 1.466938319406525011e+02 7.495339345302114964e+01
2.549998532858994622e+02 1.466760938749620777e+02 7.482263037423126661e+01
2.549999238851658845e+02 1.473382995504812243e+02 7.497605692065856431e+01
2.549999437412095631e+02 1.488850114448029558e+02 7.564409475745290479e+01
2.549999139571440310e+02 1.505514949946223169e+02 7.628977468905986825e+01
2.549998543890129952e+02 1.516682143349604246e+02 7.681735197595212128e+01
2.549999095446898991e+02 1.529434124817296947e+02 7.729643859794269645e+01
2.549999900719781465e+02 1.537401020380022487e+02 7.772276660875320431e+01
2.549999492567772563e+02 1.545025002068337869e+02 7.820170541352969451e+01
2.549999282976200448e+02 1.557722942003805713e+02 7.874766719064560050e+01
2.549999911750917079e+02 1.567788588290449923e+02 7.923342654642729599e+01
2.549999382256418698e+02 1.579588273903091533e+02 7.966349631835856826e+01
2.549999746283886282e+02 1.591834985245856444e+02 8.016990044400320414e+01
2.549999602879126428e+02 1.553018030390778108e+02 7.857647500068944169e+01
2.549999834532969203e+02 1.456251631229144152e+02 7.423984225476407062e+01
2.549999547723449496e+02 1.398075839055734946e+02 7.193026888392488161e+01
2.549999216789388186e+02 1.396044278977413740e+02 7.162747745511707365e+01
2.549999360194148039e+02 1.417875039298419892e+02 7.277938832354320198e+01
2.549999338131877096e+02 1.442384600535010009e+02 7.387969333443645326e+01
2.549998952042138853e+02 1.455495358649789068e+02 7.445925815614572230e+01
2.549998742450566738e+02 1.472459115854499316e+02 7.508337111497201022e+01
2.549999294007335777e+02 1.486681988913709063e+02 7.574438542787015649e+01
2.549998499765588349e+02 1.490834880450070443e+02 7.588381456661426228e+01
2.549999216789388186e+02 1.487617958688398119e+02 7.569490527012493430e+01
2.549998521827859008e+02 1.486426761534430909e+02 7.567903587876782012e+01
2.549998963073274183e+02 1.491492876644328476e+02 7.589668017980750392e+01
2.549999128540304980e+02 1.506300444003198891e+02 7.646194534072419913e+01
2.549998576983535941e+02 1.526200899037533532e+02 7.725884338545544949e+01
2.549999547723449496e+02 1.539436055265988159e+02 7.794631808278866458e+01
2.549999415349824972e+02 1.551865089214307432e+02 7.842446705827197206e+01
2.549999713190480009e+02 1.561720272469043778e+02 7.885306527674360666e+01
2.549998499765588349e+02 1.570848040594578094e+02 7.911415791070295711e+01
2.549999095446898991e+02 1.579388367667742159e+02 7.954708143735693682e+01
2.549999602879126428e+02 1.591684355092247927e+02 7.992518683985549899e+01
2.549999602879126428e+02 1.599149995863324136e+02 8.051735142439535764e+01
2.549999602879126428e+02 1.612095066324701520e+02 8.085106974435343830e+01
2.549999150602575639e+02 1.597790375334381281e+02 8.026891591517056668e+01
2.549999040291222059e+02 1.504511039408731108e+02 7.610776205840986108e+01
2.549998135738120766e+02 1.422669534761865293e+02 7.274891370894349052e+01
2.549999757315021611e+02 1.404064907200573487e+02 7.191825046192879256e+01
2.549997517994539464e+02 1.413412967099638706e+02 7.242377319985659767e+01
2.549997948208819309e+02 1.429325721849921536e+02 7.307357326052783719e+01
2.549998918948732864e+02 1.441519737458978057e+02 7.357177794324481113e+01
2.549999040291222059e+02 1.455341386062160325e+02 7.421768842558120127e+01
2.549999073384628048e+02 1.477333134772896415e+02 7.517822564187419232e+01
2.549999238851658845e+02 1.488468249634593690e+02 7.551160420286258557e+01
2.549998841730785273e+02 1.488259827362731187e+02 7.567869060423043948e+01
2.549999249882794174e+02 1.490200281293952287e+02 7.555932930696891958e+01
2.549999691128209349e+02 1.495839143983894530e+02 7.594637985714679473e+01
2.549998091613579447e+02 1.508571258376768469e+02 7.641245415184357626e+01
2.549999205758252572e+02 1.521283671161854443e+02 7.704503902264140436e+01
2.549999161633711253e+02 1.535142329224235311e+02 7.753945120101487021e+01
2.549999889688646135e+02 1.546676716030997625e+02 7.807820854361435181e+01
2.549999073384628048e+02 1.555276798764512876e+02 7.822928325197871402e+01
2.549999437412095631e+02 1.563326251344419688e+02 7.853013871652740363e+01
2.549999735252750952e+02 1.572203965693169039e+02 7.909597308402967997e+01
2.549998896886461921e+02 1.582669854664791274e+02 7.951848652822592101e+01
2.549999426380960301e+02 1.599717470560657375e+02 8.021373817600176892e+01
2.549998588014671270e+02 1.619170789553514851e+02 8.108400099280218853e+01
2.549999779377292271e+02 1.626560889109511550e+02 8.148869143156559858e+01
2.549998532858994622e+02 1.574567176856677975e+02 7.912048867929730989e+01
2.549999316069606436e+02 1.475127337911254415e+02 7.475390198836215916e+01
2.549999768346156941e+02 1.424790623534927363e+02 7.272787954000165200e+01
2.549998874824191262e+02 1.425389912026695356e+02 7.267073936184881688e+01
2.549998830699649659e+02 1.449070461377237393e+02 7.376667935247235164e+01
2.549999161633711253e+02 1.471516395024957831e+02 7.473243429579989083e+01
2.549999922782052408e+02 1.487255541766636213e+02 7.528797661399299557e+01
2.549999602879126428e+02 1.510119555445244259e+02 7.646465900002758076e+01
2.549999547723449496e+02 1.523510195526874611e+02 7.706624086484102065e+01
2.549999260913929504e+02 1.520793072446981569e+02 7.694964727944623917e+01
2.549998896886461921e+02 1.511335396155649278e+02 7.640311078017704460e+01
2.549998643170348203e+02 1.507910460274123636e+02 7.632844654036016152e+01
2.549999051322357388e+02 1.513557342599487185e+02 7.644145610987010286e+01
2.549999613910261758e+02 1.526521210115551241e+02 7.705990458067896043e+01
2.549998378423099155e+02 1.537806193982515595e+02 7.759382587352803284e+01
2.549999757315021611e+02 1.550528623038526348e+02 7.811956647637957474e+01
2.549999525661178552e+02 1.561150117205813501e+02 7.861174154049805907e+01
2.549999481536637234e+02 1.571363713080168907e+02 7.900881498028184069e+01
2.549999580816855484e+02 1.583715694547861403e+02 7.951407738341468701e+01
2.549999282976200448e+02 1.595747938556575889e+02 8.007655056396679072e+01
2.549999735252750952e+02 1.609884327514409392e+02 8.062723587325226049e+01
2.549999415349824972e+02 1.623690477372383612e+02 8.129929014643832375e+01
2.549999470505501904e+02 1.611879120818510387e+02 8.053398747966134863e+01
2.549999658034803360e+02 1.527686042855960977e+02 7.695051542980061754e+01
2.549999823501833873e+02 1.449434863903367159e+02 7.365195775075149243e+01
2.549999768346156941e+02 1.435149345026336789e+02 7.306472408372631833e+01
2.549999492567772563e+02 1.454060152781225099e+02 7.405779432448085231e+01
2.549999669065938690e+02 1.486742163757204764e+02 7.525366426739472558e+01
2.549999757315021611e+02 1.508957138523482513e+02 7.619837401064503979e+01
2.549999371225283369e+02 1.526311651636744671e+02 7.702152615757977117e+01
2.549999746283886282e+02 1.540802647472491174e+02 7.770077604037395247e+01
2.549999062353492718e+02 1.540902424091999592e+02 7.761462507928628440e+01
2.549999106478034321e+02 1.527893339952014458e+02 7.692985962880229067e+01
2.549999029260086729e+02 1.523036628885027994e+02 7.681062960205179024e+01
2.549999691128209349e+02 1.533159758418135254e+02 7.713675188218746825e+01
2.549999470505501904e+02 1.548603028046661620e+02 7.792040043021428630e+01
2.549999216789388186e+02 1.559037588593805879e+02 7.840788726179641799e+01
2.549999624941397087e+02 1.572285353409999686e+02 7.891759190314662931e+01
2.549997617274757999e+02 1.588623943079341529e+02 7.956618405449380305e+01
2.549999624941397087e+02 1.605743371666528674e+02 8.051877002840517150e+01
2.549999790408427884e+02 1.626426198946526540e+02 8.141981191914177884e+01
2.549999735252750952e+02 1.640321998841730817e+02 8.211102727448222538e+01
2.549999492567772563e+02 1.652503527205537637e+02 8.248085601610546291e+01
2.549999580816855484e+02 1.664778025978323797e+02 8.307561071123245711e+01
2.549999834532969203e+02 1.659884195140784868e+02 8.286369818813601285e+01
2.549999260913929504e+02 1.576383354016712133e+02 7.896273020600645509e+01
2.549999437412095631e+02 1.479071454179421323e+02 7.474697222911667893e+01
2.549999977937729341e+02 1.437110107277791542e+02 7.306677918424753670e+01
2.549998907917597535e+02 1.441565704200104676e+02 7.333802818455089323e+01
2.549998334298557552e+02 1.464265475304045765e+02 7.424650175119273854e+01
2.549999095446898991e+02 1.481276600204076033e+02 7.506918948732798924e+01
2.549998775543972727e+02 1.491949289870659925e+02 7.559874134745318486e+01
2.549999492567772563e+02 1.500467676015553877e+02 7.596930145335208806e+01
2.549999249882794174e+02 1.499144756074018972e+02 7.560883263009844768e+01
2.549998863793055932e+02 1.485049844185212748e+02 7.517323625934199072e+01
2.549998874824191262e+02 1.471137287995366876e+02 7.456709412316263297e+01
2.549999801439563214e+02 1.469241576349245690e+02 7.449794986348969417e+01
2.549996094978075689e+02 1.476569107305369357e+02 7.464856788284934908e+01
2.549997220153884427e+02 1.493561379995036020e+02 7.536792476765671722e+01
2.549998874824191262e+02 1.510206282231598607e+02 7.628561595102175374e+01
2.549999415349824972e+02 1.520752290339483181e+02 7.654564297730344435e+01
2.549999084415763377e+02 1.528246214941672747e+02 7.679678552715037654e+01
2.549998852761920602e+02 1.533614605223242506e+02 7.700593695706130859e+01
2.549999470505501904e+02 1.539225868012465241e+02 7.727753564435619182e+01
2.549999360194148039e+02 1.545667731171230912e+02 7.755812029453132084e+01
2.549998907917597535e+02 1.555281762775433663e+02 7.815901271338351819e+01
2.549999635972532417e+02 1.566458045834367567e+02 7.849333443644687236e+01
2.549999812470698544e+02 1.537850417804252459e+02 7.718557568737762153e+01
2.549999271945064834e+02 1.438073070240754419e+02 7.299699401560906153e+01
2.549999624941397087e+02 1.369958544993243379e+02 7.044088910951160187e+01
2.549999459474366290e+02 1.356564220512396162e+02 6.961796530707923125e+01
2.549997076749124290e+02 1.369833705634152352e+02 7.046942775985218077e+01
2.549998268111745290e+02 1.393597639337028795e+02 7.148927387551363211e+01
2.549998455641046746e+02 1.400571412812663823e+02 7.150224097515236110e+01
2.549998896886461921e+02 1.405884823915501443e+02 7.186074184385428509e+01
2.549999205758252572e+02 1.426990441521193702e+02 7.277576018311684436e+01
2.549999238851658845e+02 1.441926014175008959e+02 7.319891233005157005e+01
2.549998135738120766e+02 1.445758771131518756e+02 7.345236810898761348e+01
2.549998874824191262e+02 1.448424831085739584e+02 7.369560685033506786e+01
2.549997782741788797e+02 1.456675745291084070e+02 7.412229668238603608e+01
2.549999779377292271e+02 1.466511712307989228e+02 7.444457792118254247e+01
2.549999658034803360e+02 1.477735980805824454e+02 7.495553239017125691e+01
2.549998963073274183e+02 1.492972924078210610e+02 7.544514381842751050e+01
2.549999602879126428e+02 1.507623010948401827e+02 7.599456165025785026e+01
2.549999128540304980e+02 1.521505749979316704e+02 7.662610076942169712e+01
2.549999503598907893e+02 1.536064465955158482e+02 7.726430048812774487e+01
2.549998874824191262e+02 1.544372267725655661e+02 7.764818510245166294e+01
2.549999106478034321e+02 1.549452436502026842e+02 7.783658586360000697e+01
2.549999801439563214e+02 1.554082038553818279e+02 7.805379333167866207e+01
2.549999459474366290e+02 1.560222354595846639e+02 7.832791814897548477e+01
2.549998808637379000e+02 1.550704271807175871e+02 7.766473180552108602e+01
2.549998885855326591e+02 1.473112931248448660e+02 7.446466451559527400e+01
2.549998808637379000e+02 1.387876307878988484e+02 7.086079479330409470e+01
2.549999183695981912e+02 1.357291249551860233e+02 6.969546785802928923e+01
2.549998742450566738e+02 1.363247345633049292e+02 7.005040015443589141e+01
2.549998378423099155e+02 1.378404070488955142e+02 7.069838669645072571e+01
2.549998124706985436e+02 1.390534943879098648e+02 7.114930972670362053e+01
2.549999106478034321e+02 1.397528198339814196e+02 7.148533024461542595e+01
2.549999591847990814e+02 1.408080185323074431e+02 7.186750944540966657e+01
2.549997529025675078e+02 1.415478392763575073e+02 7.204436391715617560e+01
2.549998852761920602e+02 1.417682568048316512e+02 7.230068448195029873e+01
2.549998279142880904e+02 1.420859479881966934e+02 7.231521359035879470e+01
2.549998698326025135e+02 1.429062199056837983e+02 7.293890957226773253e+01
2.549999492567772563e+02 1.444676892529163581e+02 7.344451173437026625e+01
2.549998632139212873e+02 1.457833429855767804e+02 7.399442265795207163e+01
2.549999536692314166e+02 1.469571473483908335e+02 7.441493064173630501e+01
2.549998422547640757e+02 1.477682226083119588e+02 7.473416728716803448e+01
2.549999271945064834e+02 1.482538440749014228e+02 7.492614323929289810e+01
2.549998488734453019e+02 1.487912898155042569e+02 7.508112186646810926e+01
2.549999481536637234e+02 1.495688403518932148e+02 7.541995642701525071e+01
2.549998952042138853e+02 1.502312545158710577e+02 7.572678304514492709e+01
2.549999040291222059e+02 1.504829078072860682e+02 7.583703703703703525e+01
2.549999426380960301e+02 1.509750078596839558e+02 7.605791015140233924e+01
2.549998235018339301e+02 1.510992802184164816e+02 7.608905656214665214e+01
2.549998610076942214e+02 1.464147353906400895e+02 7.409993988031217782e+01
2.549999437412095631e+02 1.375923024737321043e+02 7.022519290697995586e+01
2.549999139571440310e+02 1.318221350762527209e+02 6.814657290201593298e+01
2.549995653732660514e+02 1.313843997683461566e+02 6.775386999806954691e+01
2.549995587545848252e+02 1.329565218830148012e+02 6.862860483715286364e+01
2.549997484901133475e+02 1.337237594109373617e+02 6.891270841951407533e+01
2.549999503598907893e+02 1.339329384186867458e+02 6.873655663109126124e+01
2.549998532858994622e+02 1.351118369598191009e+02 6.928226910454758070e+01
2.549999305038471107e+02 1.365173889302556347e+02 6.988094536830203651e+01
2.549999746283886282e+02 1.372437141832823215e+02 6.999598466672182440e+01
2.549999779377292271e+02 1.376456302914977528e+02 7.033435812581009827e+01
2.549998146769256095e+02 1.384363795813684135e+02 7.048194258294034853e+01
2.549998985135545126e+02 1.401687587214914004e+02 7.125120983977275557e+01
2.549998334298557552e+02 1.423018934943879117e+02 7.223148506660048440e+01
2.549998588014671270e+02 1.438604969526488446e+02 7.283409723945837300e+01
2.549998599045806884e+02 1.446995394500978875e+02 7.314750723918258757e+01
2.549998929979868194e+02 1.456834957668017978e+02 7.352950883869722531e+01
2.549999062353492718e+02 1.464118606767601420e+02 7.394593861173160576e+01
2.549999768346156941e+02 1.472438355257714875e+02 7.419205537629960645e+01
2.549999735252750952e+02 1.481387297647610239e+02 7.461577672981991327e+01
2.549998841730785273e+02 1.495417864923747402e+02 7.535910096246655598e+01
2.549999658034803360e+02 1.506594677477179403e+02 7.564212569978765544e+01
2.549999426380960301e+02 1.497603441714238386e+02 7.542664129505529047e+01
2.549997992333360912e+02 1.423556415984115233e+02 7.210310912550674800e+01
2.549999492567772563e+02 1.347088078100438508e+02 6.920442900085491544e+01
2.549998929979868194e+02 1.323432106119522302e+02 6.822237665811753971e+01
2.549998830699649659e+02 1.335518347535920043e+02 6.866129340062326492e+01
2.549997606243622670e+02 1.361288613110504286e+02 6.994608532583215776e+01
2.549999691128209349e+02 1.378476269270014711e+02 7.038609966630815507e+01
2.549999371225283369e+02 1.393111265547006496e+02 7.117218057968617018e+01
2.549999062353492718e+02 1.406516036513058054e+02 7.170462811284851057e+01
2.549998235018339301e+02 1.408929384186867537e+02 7.176815421527260241e+01
2.549998676263754476e+02 1.403813331127106210e+02 7.163539560409255103e+01
2.549999271945064834e+02 1.405589586608201671e+02 7.163640936543393423e+01
2.549999007197815786e+02 1.415495093902540020e+02 7.209080499710432832e+01
2.549998632139212873e+02 1.430046551391301932e+02 7.273990568379250021e+01
2.549999393287554028e+02 1.440153365875182772e+02 7.305979537243871391e+01
2.549999305038471107e+02 1.446109638454537958e+02 7.328155869942914080e+01
2.549998786575108340e+02 1.449960629877830058e+02 7.352364689335649928e+01
2.549998654201483816e+02 1.459273908607043495e+02 7.383551143101404080e+01
2.549998676263754476e+02 1.467251151374755125e+02 7.416563360083836187e+01
2.549999183695981912e+02 1.477536074570475080e+02 7.449745235928408249e+01
2.549998632139212873e+02 1.490563271834753607e+02 7.526238327679875795e+01
2.549998885855326591e+02 1.511349030638978377e+02 7.614489727255177343e+01
2.549999536692314166e+02 1.524539069523730745e+02 7.643458812498276700e+01
2.549998488734453019e+02 1.489010981495270300e+02 7.510762858167176148e+01
2.549999327100741766e+02 1.403639370122169794e+02 7.132528281073329879e+01
2.549998709357160465e+02 1.357176680179807420e+02 6.955523785885662846e+01
2.549998212956068642e+02 1.355201665701442266e+02 6.939192851824273589e+01
2.549997948208819309e+02 1.369921612751992370e+02 7.015106588345605587e+01
2.549998775543972727e+02 1.387216039270842032e+02 7.088767436088359375e+01
2.549998643170348203e+02 1.397693301343040844e+02 7.124095309009679511e+01
2.549999922782052408e+02 1.409284200656352652e+02 7.173657979647555294e+01
2.549999382256418698e+02 1.419053429304211136e+02 7.226974435343757364e+01
2.549999194727117242e+02 1.422173288105678353e+02 7.231620308320233903e+01
2.549998974104409797e+02 1.419805730674829647e+02 7.228998097129147027e+01
2.549998952042138853e+02 1.418426441631504815e+02 7.214898541132346566e+01
2.549998896886461921e+02 1.420322627616447448e+02 7.219439949256776856e+01
2.549998499765588349e+02 1.427985736741954099e+02 7.231070185598852618e+01
2.549998201924933028e+02 1.439762411406194076e+02 7.287545075976944986e+01
2.549997959239954639e+02 1.452297917873196980e+02 7.340841455006756178e+01
2.549999018228951115e+02 1.463241951407848660e+02 7.383122693803260006e+01
2.549999316069606436e+02 1.475926532638371782e+02 7.427074156807589134e+01
2.549997738617247194e+02 1.492086230385262411e+02 7.504584539863765258e+01
2.549999117509169650e+02 1.503256269821571323e+02 7.539483522241526714e+01
2.549999889688646135e+02 1.510545886765395380e+02 7.570344888447642973e+01
2.549999503598907893e+02 1.520360729158048514e+02 7.620117371280439045e+01
2.549999426380960301e+02 1.523540365682137860e+02 7.636693748104023882e+01
2.549999227820523515e+02 1.470161771600342036e+02 7.412997655883731341e+01
2.549999327100741766e+02 1.367898237776122983e+02 6.983015360856016684e+01
2.549999525661178552e+02 1.300201935964259121e+02 6.732140316042028871e+01
2.549998952042138853e+02 1.288349576680179780e+02 6.679651416122004548e+01
2.549998433578776087e+02 1.304470246270097391e+02 6.756616971401781768e+01
2.549996503130084591e+02 1.320743476462315016e+02 6.806591985880146467e+01
2.549997385620914940e+02 1.331338793745346152e+02 6.844627450980392780e+01
2.549997683461570261e+02 1.348979796475552178e+02 6.927979261465486616e+01
2.549997926146548650e+02 1.364837627202779800e+02 6.981045972256694654e+01
2.549998819668514329e+02 1.377727950139268103e+02 7.044475883180275844e+01
2.549998312236286893e+02 1.380172758611180086e+02 7.059551915280880507e+01
2.549997639337028659e+02 1.379128418962521607e+02 7.050317972477317596e+01
2.549998069551308504e+02 1.382462303852624075e+02 7.060997324949670428e+01
2.549998588014671270e+02 1.397603397589696783e+02 7.127601776012795654e+01
2.549999139571440310e+02 1.415026899423623092e+02 7.196084939742422648e+01
2.549999790408427884e+02 1.435124315380160454e+02 7.264845867460908835e+01
2.549999459474366290e+02 1.450602641956923549e+02 7.337648713493835828e+01
2.549998499765588349e+02 1.459618157248834791e+02 7.373882242629822770e+01
2.549999647003667747e+02 1.471353906400816243e+02 7.432298502523372008e+01
2.549998455641046746e+02 1.479432845205592741e+02 7.462655194285872540e+01
2.549999580816855484e+02 1.486608565676622220e+02 7.493907062684426990e+01
2.549999426380960301e+02 1.496741369515457336e+02 7.536288795124238504e+01
2.549998742450566738e+02 1.505638112572736418e+02 7.587452965996524767e+01
2.549997959239954639e+02 1.500812840241581796e+02 7.561327928076997296e+01
2.549999404318689642e+02 1.424700388847521992e+02 7.249528474118199028e+01
2.549999029260086729e+02 1.338723090924133317e+02 6.875099307796254777e+01
2.549998929979868194e+02 1.302646623093681910e+02 6.748403629243540536e+01
2.549998179862662369e+02 1.305343084857009046e+02 6.742571578279694222e+01
2.549998124706985436e+02 1.318860935991837096e+02 6.827052535782245002e+01
2.549997804804059456e+02 1.328505623121259873e+02 6.859706571798902530e+01
2.549998543890129952e+02 1.334418245497917894e+02 6.873397644852596500e+01
2.549999161633711253e+02 1.348240081630401903e+02 6.935677780535561965e+01
2.549998168831527039e+02 1.358306268442679539e+02 6.983839166046165303e+01
2.549999271945064834e+02 1.360569504426242986e+02 6.994724911061470607e+01
2.549997650368164273e+02 1.358526880119136138e+02 6.980881056782769178e+01
2.549997727586111864e+02 1.361379255949918559e+02 6.989562339703813620e+01
2.549997683461570261e+02 1.366681669010782798e+02 7.011573646617577538e+01
2.549996646534844729e+02 1.373206563525550905e+02 7.043233667025178590e+01
2.549999382256418698e+02 1.380206216044786345e+02 7.061083919362400252e+01
2.549998985135545126e+02 1.385667466423981580e+02 7.069148010258956560e+01
2.549997595212487340e+02 1.388429773034389427e+02 7.095174650450897502e+01
2.549998632139212873e+02 1.393366702517856766e+02 7.105413419376189665e+01
2.549998422547640757e+02 1.404288386972229148e+02 7.160685915997903805e+01
2.549999647003667747e+02 1.420415984115165031e+02 7.213586497890295846e+01
2.549999249882794174e+02 1.440483318165522064e+02 7.303411268304790838e+01
2.549999536692314166e+02 1.461906511127657780e+02 7.387430793414412733e+01
2.549999360194148039e+02 1.470770116654256583e+02 7.432942941452249386e+01
2.549998301205151563e+02 1.421118446816138601e+02 7.220754309037258167e+01
2.549998819668514329e+02 1.333661939825156537e+02 6.856047433882132225e+01
2.549998268111745290e+02 1.287157684564683962e+02 6.692972725517773824e+01
2.549996503130084591e+02 1.289452072474559543e+02 6.691437301784286262e+01
2.549998488734453019e+02 1.307001527812250004e+02 6.778780728606491834e+01
2.549998091613579447e+02 1.323885430627947244e+02 6.839963156007831913e+01
2.549998488734453019e+02 1.337302490278812002e+02 6.894699539450097348e+01
2.549998268111745290e+02 1.355984468161385621e+02 6.971789525936956977e+01
2.549996569316896853e+02 1.365977408234742541e+02 7.010182510134855249e+01
2.549998654201483816e+02 1.359241124072695186e+02 6.964017208571192441e+01
2.549999238851658845e+02 1.353566685971153447e+02 6.939759410937371342e+01
2.549999282976200448e+02 1.355585615399465098e+02 6.935416673561125833e+01
2.549998643170348203e+02 1.363222955792724918e+02 6.972032983094784697e+01
2.549998201924933028e+02 1.375183354016712087e+02 7.029994980833401996e+01
2.549998874824191262e+02 1.388427412371418370e+02 7.086186040098176875e+01
2.549999437412095631e+02 1.396759725324729118e+02 7.117158048592150976e+01
2.549998929979868194e+02 1.400712478971898065e+02 7.137361021483135914e+01
2.549999426380960301e+02 1.404051261686109058e+02 7.139904249744904519e+01
2.549998665232619146e+02 1.410066043407517782e+02 7.158860594026640456e+01
2.549997407683185884e+02 1.416779702710901461e+02 7.184103361738506521e+01
2.549998852761920602e+02 1.429243418548854265e+02 7.228586415156779310e+01
2.549998367391963825e+02 1.440115165053363171e+02 7.287243153801604478e+01
2.549998378423099155e+02 1.422801974573232826e+02 7.220190176773944302e+01
2.549998996166680456e+02 1.336668883924878060e+02 6.862892915253301851e+01
2.549999073384628048e+02 1.268324756625575702e+02 6.603775295772317122e+01
2.549998157800391709e+02 1.253113747552466890e+02 6.536874327790188488e+01
2.549997506963404135e+02 1.262781622128457570e+02 6.574291277129698585e+01
2.549996547254626194e+02 1.277826204462094211e+02 6.626581506301536706e+01
2.549997253247290416e+02 1.289836044234852750e+02 6.666073743140012198e+01
2.549998543890129952e+02 1.301035106588345514e+02 6.722000606712445858e+01
2.549998367391963825e+02 1.311194363089821024e+02 6.755661675077907091e+01
2.549999779377292271e+02 1.312212801632608148e+02 6.761814842392652736e+01
2.549998786575108340e+02 1.311109688094647083e+02 6.750486638537270778e+01
2.549997893053142377e+02 1.316170342792532040e+02 6.792695513085683956e+01
2.549997540056810408e+02 1.331863864758280158e+02 6.874029067041725227e+01
2.549998665232619146e+02 1.351421913350431510e+02 6.916940845536527149e+01
2.549998929979868194e+02 1.364556984087587352e+02 6.969528474118199313e+01
2.549998974104409797e+02 1.371107923112986384e+02 7.011211273820357803e+01
2.549998676263754476e+02 1.376910520945368432e+02 7.034212956068503786e+01
2.549999007197815786e+02 1.383731689694161844e+02 7.048443561953614278e+01
2.549998753481702067e+02 1.390851129312484602e+02 7.080556079534486003e+01
2.549998334298557552e+02 1.399890527012492782e+02 7.125526709136538273e+01
2.549997771710653183e+02 1.411542737376244361e+02 7.169394887068752098e+01
2.549998621108077543e+02 1.428043098645928239e+02 7.244174843495767391e+01
2.549999338131877096e+02 1.444544254157359262e+02 7.297366426739472445e+01
2.549998963073274183e+02 1.413235277570944106e+02 7.162500317145142503e+01
2.549999128540304980e+02 1.321811422740685487e+02 6.791408400209591889e+01
2.549998455641046746e+02 1.264974953807120528e+02 6.558723256391164114e+01
2.549997308402967349e+02 1.258887046689280425e+02 6.545868343399244793e+01
2.549997506963404135e+02 1.272901938722042985e+02 6.625781528363806672e+01
2.549998444609911417e+02 1.292060726400264628e+02 6.703019442376105985e+01
2.549998389454234484e+02 1.302384104133917901e+02 6.725573260527839636e+01
2.549998488734453019e+02 1.319687664432861709e+02 6.805532335015581680e+01
2.549998952042138853e+02 1.337958765615950938e+02 6.860094536830203538e+01
2.549998235018339301e+02 1.345670830920272465e+02 6.888540084388185392e+01
2.549998709357160465e+02 1.354919147293235255e+02 6.938854857836243184e+01
2.549997826866330115e+02 1.369746316979675100e+02 7.005980971291469928e+01
2.549999536692314166e+02 1.392463031907558957e+02 7.099734149637350811e+01
2.549998367391963825e+02 1.420835950470202249e+02 7.203137254901960773e+01
2.549998885855326591e+02 1.445381440114723830e+02 7.304286809519869905e+01
2.549998389454234484e+02 1.464065370508259605e+02 7.370053114916852621e+01
2.549998896886461921e+02 1.475143983894542430e+02 7.437113703427925770e+01
2.549999624941397087e+02 1.486339141226110598e+02 7.487082761093185468e+01
2.549999040291222059e+02 1.496336670251785677e+02 7.525536416535672402e+01
2.549998808637379000e+02 1.503182184716361860e+02 7.559077686770910987e+01
2.549999724221615622e+02 1.510783320923306121e+02 7.589595102175891839e+01
2.549999448443230960e+02 1.524049353299688505e+02 7.632413446954028302e+01
2.549999294007335777e+02 1.530695766801798072e+02 7.678433578776095203e+01
2.549996249413970872e+02 1.485984203414136289e+02 7.456773834146879665e+01
2.549997970271090253e+02 1.390479589641763880e+02 7.074821212873335696e+01
2.549998874824191262e+02 1.328051559526764152e+02 6.838189018504729688e+01
2.549999271945064834e+02 1.318131127106257452e+02 6.794645817820799039e+01
2.549999106478034321e+02 1.329021416949339596e+02 6.818032486693692817e+01
2.549996117040346348e+02 1.344180756184330221e+02 6.889773034389564543e+01
2.549996867157552174e+02 1.352129715120928779e+02 6.899978930531425192e+01
2.549998952042138853e+02 1.363513582085436155e+02 6.955901161026999091e+01
2.549998731419431408e+02 1.377208924188522019e+02 7.007566366068228092e+01
2.549997826866330115e+02 1.380423750034472334e+02 7.021200297840655935e+01
2.549997661399299602e+02 1.378210507156449012e+02 7.022547971649981946e+01
2.549999635972532417e+02 1.377991417776674723e+02 7.008808802846033359e+01
2.549998466672182360e+02 1.383136107663881376e+02 7.024118805328038206e+01
2.549999305038471107e+02 1.391556978572019432e+02 7.066670858498110874e+01
2.549997948208819309e+02 1.404876280301149905e+02 7.133214969250710169e+01
2.549998433578776087e+02 1.417925319213480009e+02 7.171279225614296138e+01
2.549998599045806884e+02 1.426165643528860301e+02 7.224019635420975760e+01
2.549998974104409797e+02 1.432219883621521603e+02 7.241111497200849101e+01
2.549998819668514329e+02 1.437883400899037554e+02 7.274846805107415548e+01
2.549998268111745290e+02 1.445121623783127802e+02 7.298732743167590797e+01
2.549998433578776087e+02 1.455508651167921528e+02 7.339783127878436630e+01
2.549999459474366290e+02 1.467409944568544802e+02 7.384094757452911040e+01
2.549999051322357388e+02 1.463016144066627930e+02 7.351388985411323063e+01
2.549999183695981912e+02 1.387500234411626820e+02 7.045725269573371463e+01
2.549998918948732864e+02 1.308124111304155974e+02 6.737939052977027643e+01
2.549998742450566738e+02 1.283408058244394851e+02 6.652847191197153620e+01
2.549998764512837397e+02 1.292050213728248025e+02 6.662272082954137886e+01
2.549997882022007047e+02 1.313236987396927873e+02 6.770715755219106313e+01
2.549999128540304980e+02 1.328893577121425267e+02 6.817296158407104656e+01
2.549999018228951115e+02 1.349045508949008649e+02 6.910755467306472610e+01
2.549998808637379000e+02 1.365600187529301479e+02 6.983079231129863729e+01
2.549997209122749098e+02 1.371816331595929626e+02 6.998481674526350105e+01
2.549998212956068642e+02 1.374113025013099332e+02 7.011416232315711738e+01
2.549998422547640757e+02 1.374266788009155960e+02 7.012083616006177067e+01
2.549997970271090253e+02 1.378713162902291742e+02 7.030989658310581092e+01
2.549999106478034321e+02 1.391781914453545141e+02 7.081124513940596898e+01
2.549999525661178552e+02 1.408661945340724060e+02 7.126520393811533438e+01
2.549999536692314166e+02 1.419262855409392898e+02 7.176512947795151831e+01
2.549998952042138853e+02 1.430505612090124430e+02 7.232873224676649215e+01
2.549998808637379000e+02 1.438130354926780967e+02 7.275469071454179470e+01
2.549998499765588349e+02 1.442910576101045308e+02 7.288959267532611364e+01
2.549998698326025135e+02 1.447203585118998319e+02 7.301935964259121192e+01
2.549999084415763377e+02 1.452764468712942403e+02 7.325424781445630629e+01
2.549999669065938690e+02 1.452313184964562538e+02 7.318055100521220879e+01
2.549998830699649659e+02 1.409542571909213677e+02 7.134299771103940202e+01
2.549998996166680456e+02 1.318942621549323064e+02 6.762076169989796881e+01
2.549999194727117242e+02 1.261630192217534017e+02 6.544992250627396402e+01
2.549997319434102678e+02 1.253856705551418855e+02 6.514849673202614611e+01
2.549997837897465729e+02 1.265384319241057938e+02 6.570983811808829955e+01
2.549997319434102678e+02 1.281601798075066938e+02 6.620558616695623755e+01
2.549998411516505428e+02 1.295209376465072637e+02 6.665520642012079122e+01
2.549998665232619146e+02 1.313447340117481588e+02 6.749860952538540459e+01
2.549997870990871718e+02 1.325448244670582767e+02 6.791106036788836775e+01
2.549999128540304980e+02 1.328992934557789454e+02 6.808458453986376924e+01
2.549997120873665892e+02 1.332201969057665281e+02 6.818513885441659284e+01
2.549998510796723679e+02 1.339907018559885330e+02 6.865158158903504670e+01
2.549998532858994622e+02 1.354661095943299927e+02 6.913599514630043075e+01
2.549998554921265281e+02 1.372837417611207513e+02 6.986748407379829473e+01
2.549996955406635095e+02 1.388726731198808579e+02 7.044105126720167220e+01
2.549998941011003524e+02 1.400847334601913872e+02 7.099647224290559677e+01
2.549997142935936552e+02 1.417243231019552638e+02 7.162904056700035937e+01
2.549998599045806884e+02 1.426162411406193939e+02 7.184926284437825927e+01
2.549998731419431408e+02 1.433154893687432718e+02 7.227834753592013328e+01
2.549999658034803360e+02 1.443193226882876843e+02 7.271081657979647161e+01
2.549998952042138853e+02 1.453630611400678276e+02 7.304257356388406208e+01
2.549998852761920602e+02 1.453283616006177397e+02 7.300705110173464618e+01
2.549999779377292271e+02 1.398439712087366615e+02 7.074807754888172440e+01
2.549999382256418698e+02 1.314329632387413369e+02 6.754374672513168321e+01
2.549999007197815786e+02 1.274758445713025026e+02 6.589704531038857738e+01
2.549998036457902515e+02 1.273851565042331941e+02 6.582868205510051496e+01
2.549997915115413321e+02 1.290142930421113476e+02 6.635747938556575320e+01
2.549997540056810408e+02 1.302880637599624833e+02 6.691613248393591107e+01
2.549998687294889805e+02 1.309615145748876159e+02 6.728515484956288617e+01
2.549998135738120766e+02 1.319719996690659514e+02 6.756312401753950780e+01
2.549999470505501904e+02 1.324947905463169775e+02 6.781779322136731025e+01
2.549997705523840921e+02 1.321700471581037561e+02 6.785798626623645191e+01
2.549998775543972727e+02 1.317024549791787251e+02 6.759137696147375607e+01
2.549997937177683980e+02 1.321860654697884740e+02 6.782299660792587304e+01
2.549998411516505428e+02 1.331827384793579938e+02 6.805416066848680146e+01
2.549998510796723679e+02 1.341442365075425300e+02 6.848388957833485335e+01
2.549997584181351726e+02 1.348204693748104148e+02 6.879986652326191177e+01
2.549996944375499766e+02 1.347911221422464791e+02 6.873937287995366319e+01
2.549998444609911417e+02 1.342415620087697619e+02 6.866761534430931135e+01
2.549997893053142377e+02 1.341386404125644560e+02 6.844807699732494655e+01
2.549997484901133475e+02 1.342808284382670081e+02 6.847857918976310998e+01
2.549998312236286893e+02 1.350936532362593425e+02 6.888331926863573074e+01
2.549998643170348203e+02 1.366302738479357970e+02 6.933850252337221320e+01
2.549998323267422222e+02 1.366079346956785514e+02 6.937106753812636839e+01
2.549996392818730726e+02 1.306399183695981776e+02 6.712354981936515230e+01
2.549999194727117242e+02 1.229327398582499171e+02 6.400503902264141232e+01
2.549997981302225583e+02 1.198473665922064981e+02 6.294683213369736308e+01
2.549996150133752622e+02 1.203819111442045227e+02 6.309149333995201658e+01
2.549997297371832019e+02 1.218880119136262152e+02 6.372234852872232125e+01
2.549997517994539464e+02 1.221694161771600307e+02 6.375217340944816868e+01
2.549997915115413321e+02 1.222663975069634006e+02 6.392687901602272404e+01
2.549995267642922272e+02 1.233438151181710367e+02 6.423933261630953950e+01
2.549996392818730726e+02 1.239119042497449072e+02 6.440094095584788647e+01
2.549995797137420368e+02 1.237081150547420094e+02 6.433951959405422372e+01
2.549996370756460067e+02 1.235145583409172332e+02 6.420290891039960002e+01
2.549996425912136999e+02 1.242269589917542305e+02 6.471607622514547131e+01
2.549997231185019757e+02 1.253843821185295440e+02 6.495342875265436078e+01
2.549997054686853630e+02 1.262795091144756015e+02 6.542078155594164457e+01
2.549998301205151563e+02 1.272937867129974308e+02 6.574626403022530496e+01
2.549998588014671270e+02 1.282513543476462416e+02 6.602991423292242246e+01
2.549997584181351726e+02 1.287565715231240233e+02 6.628973718319957698e+01
2.549998124706985436e+02 1.292205123962383766e+02 6.657064283941424776e+01
2.549997176029342825e+02 1.300754408317476134e+02 6.668982874162323071e+01
2.549997815835194785e+02 1.311544976696726508e+02 6.724502468216540763e+01
2.549998389454234484e+02 1.325584699815228475e+02 6.782892694630595543e+01
2.549997727586111864e+02 1.331573381870329058e+02 6.798608532583216402e+01
2.549998632139212873e+02 1.285849116130277707e+02 6.634997821350762592e+01
2.549997540056810408e+02 1.206908844212790655e+02 6.319887482419127878e+01
2.549998907917597535e+02 1.169252430986459217e+02 6.189132676980778314e+01
2.549996017760128098e+02 1.172090808306444956e+02 6.176620391053749159e+01
2.549996800970739912e+02 1.186848084719119782e+02 6.266418576431978948e+01
2.549997352527508951e+02 1.196083274040980626e+02 6.281021262513444015e+01
2.549997749648382523e+02 1.200685551970436507e+02 6.296681834477813311e+01
2.549996194258293940e+02 1.211829568958385011e+02 6.364197567634649033e+01
2.549997076749124290e+02 1.227786746090841348e+02 6.398037450704613605e+01
2.549999007197815786e+02 1.234946427291028925e+02 6.419315297426987854e+01
2.549993182758335308e+02 1.236026386475828076e+02 6.417853341055128169e+01
2.549998709357160465e+02 1.240055850638427017e+02 6.437365654559995676e+01
2.549997915115413321e+02 1.247653732660434116e+02 6.467587104602741022e+01
2.549999845564104817e+02 1.256881310498883124e+02 6.510080803066655619e+01
2.549998455641046746e+02 1.270981440114723853e+02 6.559334822536609977e+01
2.549998985135545126e+02 1.285299908993133045e+02 6.599449105099142798e+01
2.549998709357160465e+02 1.299703339676236169e+02 6.670851769118335994e+01
2.549998279142880904e+02 1.310230319075590728e+02 6.709612200435729790e+01
2.549998246049474631e+02 1.322788351121039057e+02 6.763848432199884542e+01
2.549999591847990814e+02 1.332527188990926845e+02 6.801158820771627234e+01
2.549999459474366290e+02 1.341865817269242314e+02 6.830785361683351198e+01
2.549998742450566738e+02 1.358127508893852848e+02 6.903380160503019169e+01
2.549999602879126428e+02 1.372219475469512702e+02 6.957221367309230686e+01
2.549996933344364436e+02 1.347293643308237563e+02 6.862323818979068335e+01
2.549998301205151563e+02 1.265288160833953839e+02 6.544051074156807601e+01
2.549998621108077543e+02 1.210447599349162999e+02 6.325795427594385245e+01
2.549997661399299602e+02 1.193988119467196185e+02 6.262751054852320465e+01
2.549996447974407658e+02 1.193758969691955514e+02 6.252774275392295067e+01
2.549995267642922272e+02 1.195838802018697749e+02 6.268811670941231284e+01
2.549996514161219920e+02 1.196284658448470850e+02 6.275390088524861198e+01
2.549994903615454689e+02 1.202150574997931614e+02 6.290645597198091821e+01
2.549999260913929504e+02 1.216262838862689932e+02 6.340324977248283034e+01
2.549997341496373622e+02 1.225191792835277624e+02 6.371855823060588619e+01
2.549997716554976535e+02 1.227712705110173488e+02 6.387281431841372381e+01
2.549995477234494388e+02 1.226495253854002954e+02 6.381521414191555408e+01
2.549995179393839067e+02 1.230953674746973263e+02 6.403718375113759009e+01
2.549998433578776087e+02 1.241850649458095432e+02 6.439222415267092003e+01
2.549997407683185884e+02 1.247833959350266184e+02 6.468141860400982068e+01
2.549998345329693166e+02 1.257571705137751366e+02 6.502047158103748359e+01
2.549997286340696689e+02 1.266905887868508813e+02 6.544454482777639726e+01
2.549995885386503289e+02 1.278542687736135264e+02 6.584872783431234211e+01
2.549998036457902515e+02 1.291379631008521471e+02 6.637862717520201272e+01
2.549997771710653183e+02 1.301557541159923801e+02 6.667926312015664791e+01
2.549999227820523515e+02 1.313202537161137400e+02 6.717644521662391810e+01
2.549998709357160465e+02 1.322276285816717802e+02 6.761208460880835958e+01
2.549999183695981912e+02 1.340074427070406102e+02 6.818470202145556414e+01
2.549999194727117242e+02 1.348879909544689895e+02 6.850626733956592318e+01
2.549998764512837397e+02 1.305907691459143507e+02 6.697126389233612542e+01
2.549997948208819309e+02 1.232091293676401591e+02 6.396207605967844501e+01
2.549998621108077543e+02 1.194519467196161173e+02 6.261993436474449481e+01
2.549997043655718301e+02 1.194941628747138793e+02 6.249619591296433896e+01
2.549996128071481678e+02 1.206615581478723698e+02 6.328079644797441006e+01
2.549997562119081067e+02 1.216667152036623349e+02 6.355857367419541504e+01
2.549997286340696689e+02 1.222179664101927727e+02 6.365127271724442437e+01
2.549997164998207495e+02 1.238124133366426776e+02 6.431244587849204208e+01
2.549998235018339301e+02 1.252603105264609411e+02 6.480745594440307400e+01
2.549998301205151563e+02 1.257369272772400137e+02 6.499478116985190468e+01
2.549997804804059456e+02 1.261695044262430656e+02 6.545219161082154358e+01
2.549996337663054078e+02 1.268167066545324246e+02 6.561655221863709642e+01
2.549997848928601059e+02 1.279480257025454364e+02 6.595188659992830083e+01
2.549996712721656991e+02 1.294076489892722179e+02 6.648936322771021423e+01
2.549998025426767185e+02 1.307832999641487959e+02 6.693486335181049185e+01
2.549998223987203971e+02 1.319595212487245135e+02 6.744821819585780531e+01
