2.550000000000000000e+02 0.000000000000000000e+00 2.303212710528499088e+02
2.550000000000000000e+02 0.000000000000000000e+00 2.302271821676484365e+02
2.550000000000000000e+02 0.000000000000000000e+00 2.368952913520838592e+02
2.550000000000000000e+02 0.000000000000000000e+00 2.374744201996736592e+02
2.550000000000000000e+02 0.000000000000000000e+00 2.379666506264000532e+02
2.550000000000000000e+02 0.000000000000000000e+00 2.391622777178572505e+02
2.550000000000000000e+02 0.000000000000000000e+00 2.391629104787189988e+02
2.550000000000000000e+02 0.000000000000000000e+00 2.381957332890843304e+02
2.549999070770762444e+02 4.424901131115351396e-05 2.373894753726596321e+02
2.550000000000000000e+02 0.000000000000000000e+00 2.373906501839099406e+02
2.550000000000000000e+02 0.000000000000000000e+00 2.378411737050250281e+02
2.550000000000000000e+02 1.880582980724024547e-05 2.381799518792001891e+02
2.549999336264830276e+02 7.854199507729749000e-05 2.383906369092065631e+02
2.550000000000000000e+02 0.000000000000000000e+00 2.387125971404076381e+02
2.550000000000000000e+02 0.000000000000000000e+00 2.386190757487762255e+02
2.550000000000000000e+02 0.000000000000000000e+00 2.382841317514311754e+02
2.550000000000000000e+02 0.000000000000000000e+00 2.380028385740756107e+02
2.550000000000000000e+02 0.000000000000000000e+00 2.380563389474266387e+02
2.550000000000000000e+02 0.000000000000000000e+00 2.381073901380015911e+02
2.550000000000000000e+02 0.000000000000000000e+00 2.381920440277662578e+02
2.550000000000000000e+02 0.000000000000000000e+00 2.382749146823750550e+02
2.549999314140324600e+02 3.761165961448049094e-05 2.385132365386211006e+02
2.550000000000000000e+02 0.000000000000000000e+00 2.386168666168865400e+02
2.550000000000000000e+02 0.000000000000000000e+00 2.388157039741143421e+02
2.549999115019773797e+02 5.420503885616305867e-05 2.389913990984263990e+02
2.549999789817196358e+02 5.531126413894189246e-06 2.392572349899056974e+02
2.550000000000000000e+02 0.000000000000000000e+00 2.388798318537570253e+02
2.550000000000000000e+02 0.000000000000000000e+00 2.372238657042506702e+02
2.550000000000000000e+02 0.000000000000000000e+00 2.358977007107497457e+02
2.549999225642302179e+02 3.761165961448049094e-05 2.355577621062529374e+02
2.550000000000000000e+02 0.000000000000000000e+00 2.358349567189358140e+02
2.550000000000000000e+02 0.000000000000000000e+00 2.363365955916922587e+02
2.550000000000000000e+02 0.000000000000000000e+00 2.366905179899886491e+02
2.550000000000000000e+02 0.000000000000000000e+00 2.370144815951768464e+02
2.549999292015818924e+02 6.305484111839376282e-05 2.371751940042589695e+02
2.549999922564230133e+02 1.769960452446140491e-05 2.370481738986144649e+02
2.550000000000000000e+02 0.000000000000000000e+00 2.370128211510273957e+02
2.549999823003954873e+02 1.769960452446140491e-05 2.372141984015044613e+02
2.550000000000000000e+02 0.000000000000000000e+00 2.375302547083713591e+02
2.550000000000000000e+02 0.000000000000000000e+00 2.377804375120993257e+02
2.550000000000000000e+02 0.000000000000000000e+00 2.379273962222406453e+02
2.550000000000000000e+02 0.000000000000000000e+00 2.379940540391050661e+02
2.550000000000000000e+02 0.000000000000000000e+00 2.380122669321607418e+02
2.549998783152188935e+02 9.624159960175889829e-05 2.380592593821731668e+02
2.550000000000000000e+02 0.000000000000000000e+00 2.380178821316961262e+02
2.550000000000000000e+02 0.000000000000000000e+00 2.381562543211925060e+02
2.550000000000000000e+02 0.000000000000000000e+00 2.381047860836859513e+02
2.550000000000000000e+02 0.000000000000000000e+00 2.369057562432589350e+02
2.549999181393290826e+02 6.969219281506679263e-05 2.350728504659973908e+02
2.549999181393290826e+02 7.190464338062446019e-05 2.341462219641029776e+02
2.550000000000000000e+02 0.000000000000000000e+00 2.342935169667302659e+02
2.549999081833015282e+02 1.736773693962775477e-04 2.346041162642772235e+02
2.550000000000000000e+02 0.000000000000000000e+00 2.348086186011781251e+02
2.550000000000000000e+02 0.000000000000000000e+00 2.349907530628612449e+02
2.549996294145302613e+02 3.971348765176027987e-04 2.355837528692718195e+02
2.549999867252965942e+02 1.769960452446140491e-05 2.359195453414087638e+02
2.550000000000000000e+02 0.000000000000000000e+00 2.358112613733786986e+02
2.550000000000000000e+02 0.000000000000000000e+00 2.357829939987278465e+02
2.550000000000000000e+02 0.000000000000000000e+00 2.358100655438479976e+02
2.550000000000000000e+02 0.000000000000000000e+00 2.358957106114660291e+02
2.550000000000000000e+02 0.000000000000000000e+00 2.362270084902790472e+02
2.550000000000000000e+02 0.000000000000000000e+00 2.363526203711385847e+02
2.550000000000000000e+02 0.000000000000000000e+00 2.365883779971791228e+02
2.550000000000000000e+02 0.000000000000000000e+00 2.367425293841090763e+02
2.550000000000000000e+02 0.000000000000000000e+00 2.368989938881053092e+02
2.550000000000000000e+02 0.000000000000000000e+00 2.371389197710113592e+02
2.550000000000000000e+02 0.000000000000000000e+00 2.373942542658812442e+02
2.550000000000000000e+02 0.000000000000000000e+00 2.371929566636245568e+02
2.549998727840924744e+02 2.024392267485273481e-04 2.359925882906053687e+02
2.550000000000000000e+02 0.000000000000000000e+00 2.342424093586658955e+02
2.550000000000000000e+02 0.000000000000000000e+00 2.333781719627202165e+02
2.550000000000000000e+02 0.000000000000000000e+00 2.333664293813435222e+02
2.549999303078071762e+02 3.539920904892280982e-05 2.335176194031914463e+02
2.550000000000000000e+02 8.849802262230702454e-06 2.336642196963411493e+02
2.549999690256920815e+02 8.849802262230702454e-06 2.338203512265272934e+02
2.550000000000000000e+02 0.000000000000000000e+00 2.342596919162587596e+02
2.549999977875494324e+02 1.659337924168256774e-05 2.345819663154401269e+02
2.549997422495091257e+02 2.112890290107580454e-04 2.347146005143947605e+02
2.550000000000000000e+02 0.000000000000000000e+00 2.348092115379297127e+02
2.550000000000000000e+02 0.000000000000000000e+00 2.348715185707569333e+02
2.550000000000000000e+02 0.000000000000000000e+00 2.351249536768162898e+02
2.549998285350811784e+02 1.427030614784700934e-04 2.354152072789623560e+02
2.549999115019773797e+02 6.637351696673027095e-05 2.356738903177632096e+02
2.550000000000000000e+02 0.000000000000000000e+00 2.360087314361569781e+02
2.550000000000000000e+02 0.000000000000000000e+00 2.361004076440167125e+02
2.550000000000000000e+02 0.000000000000000000e+00 2.361862662131142940e+02
2.550000000000000000e+02 0.000000000000000000e+00 2.362886916120467902e+02
2.550000000000000000e+02 0.000000000000000000e+00 2.364967239138250363e+02
2.550000000000000000e+02 0.000000000000000000e+00 2.366817898725075224e+02
2.550000000000000000e+02 0.000000000000000000e+00 2.360651079952432383e+02
2.549998263226306108e+02 1.404906109129124123e-04 2.343014497082330934e+02
2.550000000000000000e+02 0.000000000000000000e+00 2.329109953261981900e+02
2.550000000000000000e+02 0.000000000000000000e+00 2.326442556486628632e+02
2.549998550844879617e+02 1.183661052573356553e-04 2.328908199894908648e+02
2.550000000000000000e+02 6.637351696673027264e-06 2.332532216045797782e+02
2.550000000000000000e+02 0.000000000000000000e+00 2.334472822810365358e+02
2.550000000000000000e+02 0.000000000000000000e+00 2.339821344616831311e+02
2.549998440222351235e+02 1.283221328023452068e-04 2.343823601316408087e+02
2.550000000000000000e+02 0.000000000000000000e+00 2.344489161757792033e+02
2.549998650405154876e+02 1.073038524295472768e-04 2.346245803257833416e+02
2.550000000000000000e+02 0.000000000000000000e+00 2.347979645454796866e+02
2.550000000000000000e+02 0.000000000000000000e+00 2.350335484941508355e+02
2.550000000000000000e+02 0.000000000000000000e+00 2.354805553250919559e+02
2.549998108354766373e+02 1.825271716585082451e-04 2.358188556099449613e+02
2.550000000000000000e+02 0.000000000000000000e+00 2.360366204817611049e+02
2.550000000000000000e+02 0.000000000000000000e+00 2.361634248734754919e+02
2.550000000000000000e+02 0.000000000000000000e+00 2.363515019773776942e+02
2.550000000000000000e+02 0.000000000000000000e+00 2.364749213197267750e+02
2.550000000000000000e+02 0.000000000000000000e+00 2.367390414557924601e+02
2.550000000000000000e+02 0.000000000000000000e+00 2.371576979451865270e+02
2.550000000000000000e+02 0.000000000000000000e+00 2.374540711855969448e+02
2.550000000000000000e+02 0.000000000000000000e+00 2.367302690893000374e+02
2.550000000000000000e+02 0.000000000000000000e+00 2.350434768660637701e+02
2.550000000000000000e+02 0.000000000000000000e+00 2.342475875992145689e+02
2.549999092895268120e+02 6.194861583561492226e-05 2.342361492297906409e+02
2.550000000000000000e+02 0.000000000000000000e+00 2.344783395558505390e+02
2.550000000000000000e+02 0.000000000000000000e+00 2.346624596919162684e+02
2.549996780884427210e+02 3.385049365303244252e-04 2.349209878591775293e+02
2.550000000000000000e+02 0.000000000000000000e+00 2.353263021654360045e+02
2.550000000000000000e+02 0.000000000000000000e+00 2.354757808567714790e+02
2.550000000000000000e+02 0.000000000000000000e+00 2.355016941840205789e+02
2.549998694654166229e+02 1.006665007328742470e-04 2.354523908293924137e+02
2.550000000000000000e+02 0.000000000000000000e+00 2.356705318178046866e+02
2.549999015459498253e+02 7.854199507729749000e-05 2.361362769988108141e+02
2.549997610553389222e+02 2.201388312729887428e-04 2.364974042423739604e+02
2.549998318537570299e+02 1.415968361956912393e-04 2.367853922951408947e+02
2.550000000000000000e+02 0.000000000000000000e+00 2.369722691446112890e+02
2.550000000000000000e+02 0.000000000000000000e+00 2.370985657789208858e+02
2.550000000000000000e+02 0.000000000000000000e+00 2.371912331646339851e+02
2.550000000000000000e+02 0.000000000000000000e+00 2.373195475538593371e+02
2.549999280953566085e+02 9.181669847064354961e-05 2.375058558035343879e+02
2.550000000000000000e+02 0.000000000000000000e+00 2.377631129179457332e+02
2.550000000000000000e+02 0.000000000000000000e+00 2.377554047401753508e+02
2.550000000000000000e+02 0.000000000000000000e+00 2.366832865953151384e+02
2.549997544179872193e+02 2.179263807074310617e-04 2.349938847866368121e+02
2.550000000000000000e+02 0.000000000000000000e+00 2.342834503166569959e+02
2.550000000000000000e+02 0.000000000000000000e+00 2.344143665477474485e+02
2.550000000000000000e+02 0.000000000000000000e+00 2.347184103542686557e+02
2.550000000000000000e+02 0.000000000000000000e+00 2.349377294726070886e+02
2.549998572969385293e+02 8.739179733952820092e-05 2.351646018971763681e+02
2.549997488868608002e+02 3.473547387925550955e-04 2.356848120799800768e+02
2.549998827401200288e+02 9.181669847064354961e-05 2.359005293287978020e+02
2.549998827401200288e+02 8.960424790508586849e-05 2.358857147598108384e+02
2.549999214580049340e+02 1.316408086506817149e-04 2.360025398932492635e+02
2.550000000000000000e+02 0.000000000000000000e+00 2.362406371857628926e+02
2.550000000000000000e+02 0.000000000000000000e+00 2.365425647833181131e+02
2.549998882712464479e+02 1.471279626095854556e-04 2.368986210901850029e+02
2.550000000000000000e+02 0.000000000000000000e+00 2.372069747504079089e+02
2.550000000000000000e+02 0.000000000000000000e+00 2.374384457534777084e+02
2.549999955750988647e+02 7.743576979451865283e-06 2.376054935147542722e+02
2.549999767692690682e+02 5.531126413894189246e-05 2.377893426256257214e+02
2.550000000000000000e+02 0.000000000000000000e+00 2.379625465306009460e+02
2.550000000000000000e+02 0.000000000000000000e+00 2.381782748416715094e+02
2.550000000000000000e+02 0.000000000000000000e+00 2.384064282751182304e+02
2.550000000000000000e+02 0.000000000000000000e+00 2.385604004535523757e+02
2.550000000000000000e+02 0.000000000000000000e+00 2.376654243756740925e+02
2.550000000000000000e+02 0.000000000000000000e+00 2.360752321690312101e+02
2.550000000000000000e+02 0.000000000000000000e+00 2.351987499654304656e+02
2.550000000000000000e+02 0.000000000000000000e+00 2.351109289526812063e+02
2.550000000000000000e+02 0.000000000000000000e+00 2.353397981138859052e+02
2.549999369451588791e+02 6.084239055283608170e-05 2.354892745927708120e+02
2.550000000000000000e+02 0.000000000000000000e+00 2.356151840482314128e+02
2.550000000000000000e+02 0.000000000000000000e+00 2.360340097900937621e+02
2.550000000000000000e+02 0.000000000000000000e+00 2.364669797284217054e+02
2.550000000000000000e+02 0.000000000000000000e+00 2.367099112254210524e+02
2.549998915899222993e+02 1.172598799745568147e-04 2.367450371968251375e+02
2.549999922564230133e+02 2.876185735224978679e-05 2.369282446970325395e+02
2.550000000000000000e+02 0.000000000000000000e+00 2.371749351475427829e+02
2.549999557509886756e+02 9.513537431898005773e-05 2.375021543737382217e+02
2.549999867252965942e+02 1.659337924168256774e-05 2.377008844271135786e+02
2.550000000000000000e+02 3.761165961448049094e-05 2.378653436212284760e+02
2.550000000000000000e+02 0.000000000000000000e+00 2.381069166735805709e+02
2.550000000000000000e+02 0.000000000000000000e+00 2.382983401089632025e+02
2.550000000000000000e+02 2.433695622113443471e-05 2.385185729693852181e+02
2.550000000000000000e+02 0.000000000000000000e+00 2.387032285184877765e+02
2.550000000000000000e+02 0.000000000000000000e+00 2.389087165021156522e+02
2.550000000000000000e+02 0.000000000000000000e+00 2.391695223872341671e+02
2.550000000000000000e+02 2.544318150391327188e-05 2.391537398711247420e+02
2.549998827401200288e+02 9.624159960175889829e-05 2.378272596034182413e+02
2.550000000000000000e+02 0.000000000000000000e+00 2.361316574020299299e+02
2.549999535385381364e+02 8.075444564285517112e-05 2.352601476810752388e+02
2.550000000000000000e+02 0.000000000000000000e+00 2.353786089217068991e+02
2.550000000000000000e+02 0.000000000000000000e+00 2.356695716142592403e+02
2.550000000000000000e+02 0.000000000000000000e+00 2.358439470118089503e+02
2.549999944688735809e+02 3.318675848336513632e-06 2.360270261898835713e+02
2.550000000000000000e+02 0.000000000000000000e+00 2.363736519262147624e+02
2.550000000000000000e+02 0.000000000000000000e+00 2.366861849055560185e+02
2.550000000000000000e+02 1.991205509001908264e-05 2.367548980889958159e+02
2.550000000000000000e+02 0.000000000000000000e+00 2.367146547194336108e+02
2.549996692386404504e+02 3.904975248209297824e-04 2.367405492408528858e+02
2.549997975607732599e+02 3.152742055919687870e-04 2.369893415194004263e+02
2.550000000000000000e+02 0.000000000000000000e+00 2.372821095716142565e+02
2.549999203517796502e+02 5.641748942172073302e-05 2.376636710086009145e+02
2.549999159268785149e+02 4.867391244226886943e-05 2.379583218562460161e+02
2.550000000000000000e+02 0.000000000000000000e+00 2.381563859620011669e+02
2.550000000000000000e+02 0.000000000000000000e+00 2.382121906026162321e+02
2.550000000000000000e+02 8.849802262230702454e-06 2.384286932713847307e+02
2.550000000000000000e+02 0.000000000000000000e+00 2.385823645565419326e+02
2.549999601758898109e+02 3.982411018003816528e-05 2.387917497718410402e+02
2.550000000000000000e+02 0.000000000000000000e+00 2.391286551066124559e+02
2.550000000000000000e+02 0.000000000000000000e+00 2.388178246079814073e+02
2.550000000000000000e+02 0.000000000000000000e+00 2.370981166514560812e+02
2.550000000000000000e+02 0.000000000000000000e+00 2.354885887330954972e+02
2.550000000000000000e+02 0.000000000000000000e+00 2.348811250311125889e+02
2.550000000000000000e+02 0.000000000000000000e+00 2.350310152382532749e+02
2.550000000000000000e+02 0.000000000000000000e+00 2.353319428081528883e+02
2.549998849525705964e+02 8.407312149119167924e-05 2.354932780220692052e+02
2.549998086230260697e+02 1.637213418512680234e-04 2.357518382698636685e+02
2.549996592826128960e+02 3.241240078541995115e-04 2.361995763157166834e+02
2.550000000000000000e+02 0.000000000000000000e+00 2.363907231947786158e+02
2.549999944688735809e+02 6.747974224950911151e-05 2.364865377914212274e+02
2.550000000000000000e+02 1.659337924168256774e-05 2.366430653502585812e+02
2.550000000000000000e+02 0.000000000000000000e+00 2.369277236649243719e+02
2.549999236704555017e+02 5.752371470449957357e-05 2.373732691722669301e+02
2.550000000000000000e+02 0.000000000000000000e+00 2.376695859951879299e+02
2.550000000000000000e+02 0.000000000000000000e+00 2.378697751597112813e+02
2.550000000000000000e+02 0.000000000000000000e+00 2.380601299814707374e+02
2.550000000000000000e+02 0.000000000000000000e+00 2.382110246411681658e+02
2.549998871650211640e+02 8.296689620841283868e-05 2.383904488509084842e+02
2.550000000000000000e+02 0.000000000000000000e+00 2.385785303797118218e+02
2.550000000000000000e+02 0.000000000000000000e+00 2.388481384994053940e+02
2.549999723443679329e+02 3.650543433170165038e-05 2.390845952598246527e+02
2.550000000000000000e+02 0.000000000000000000e+00 2.390949705467518527e+02
2.550000000000000000e+02 0.000000000000000000e+00 2.379326065433225494e+02
2.549998794214441773e+02 2.422633369285654998e-04 2.362274697862219739e+02
2.550000000000000000e+02 0.000000000000000000e+00 2.355434906938798179e+02
2.550000000000000000e+02 0.000000000000000000e+00 2.356095035814043399e+02
2.550000000000000000e+02 0.000000000000000000e+00 2.360427556071794015e+02
2.550000000000000000e+02 3.761165961448049094e-05 2.363333565640642746e+02
2.550000000000000000e+02 0.000000000000000000e+00 2.367231051743687544e+02
2.550000000000000000e+02 0.000000000000000000e+00 2.370911253076689036e+02
2.550000000000000000e+02 0.000000000000000000e+00 2.371946679941370064e+02
2.549999590696645271e+02 5.752371470449957357e-05 2.372577792527448253e+02
2.550000000000000000e+02 0.000000000000000000e+00 2.373174534693990552e+02
2.549999590696645271e+02 8.296689620841283868e-05 2.375561127243563249e+02
2.549999148206532311e+02 4.314278602837468018e-05 2.378727276749910118e+02
2.549999236704555017e+02 5.641748942172073302e-05 2.382644564285516822e+02
2.549998960148234062e+02 7.301086866340330075e-05 2.384509239746674325e+02
2.550000000000000000e+02 0.000000000000000000e+00 2.385822561464642320e+02
2.550000000000000000e+02 0.000000000000000000e+00 2.386503929865316991e+02
2.549998484471362588e+02 9.734782488453773885e-05 2.387737249370834434e+02
2.549998650405154876e+02 2.223512818385464239e-04 2.388011869797284135e+02
2.550000000000000000e+02 0.000000000000000000e+00 2.388621112309521948e+02
2.550000000000000000e+02 0.000000000000000000e+00 2.389499499433059668e+02
2.550000000000000000e+02 0.000000000000000000e+00 2.391322591885837596e+02
2.550000000000000000e+02 0.000000000000000000e+00 2.388166298846760185e+02
2.550000000000000000e+02 0.000000000000000000e+00 2.370284244586410125e+02
2.550000000000000000e+02 0.000000000000000000e+00 2.352238491108714413e+02
2.550000000000000000e+02 0.000000000000000000e+00 2.346137791421222971e+02
2.550000000000000000e+02 0.000000000000000000e+00 2.348925722503387874e+02
2.549998550844879617e+02 1.449155120440277745e-04 2.352860930888575410e+02
2.550000000000000000e+02 0.000000000000000000e+00 2.355419806963688245e+02
2.549999634945656624e+02 7.411709394618214131e-05 2.359021964102989557e+02
2.549998628280649484e+02 1.393843856301335853e-04 2.362947028402334126e+02
2.549998727840924744e+02 1.814209463757294181e-04 2.364704665505130095e+02
2.549999037584003929e+02 1.294283580851240338e-04 2.365717801930363180e+02
2.549998971210486900e+02 1.227910063884510175e-04 2.365097286982494040e+02
2.550000000000000000e+02 0.000000000000000000e+00 2.365910030697751552e+02
2.550000000000000000e+02 5.531126413894189246e-06 2.367814320086285704e+02
2.550000000000000000e+02 0.000000000000000000e+00 2.370060731768024596e+02
2.550000000000000000e+02 0.000000000000000000e+00 2.372525656129870981e+02
2.550000000000000000e+02 0.000000000000000000e+00 2.374151563925993571e+02
2.550000000000000000e+02 0.000000000000000000e+00 2.376019723996791981e+02
2.550000000000000000e+02 0.000000000000000000e+00 2.378411294560137037e+02
2.550000000000000000e+02 0.000000000000000000e+00 2.379745147819353406e+02
2.550000000000000000e+02 0.000000000000000000e+00 2.381899764927127308e+02
2.550000000000000000e+02 0.000000000000000000e+00 2.384841240078542057e+02
2.549998053043502182e+02 1.958018750518543047e-04 2.387656428551674423e+02
2.549998584031638131e+02 1.017727260156530875e-04 2.382827489698277077e+02
2.550000000000000000e+02 0.000000000000000000e+00 2.364285704803783403e+02
2.550000000000000000e+02 0.000000000000000000e+00 2.350102901075804027e+02
2.550000000000000000e+02 1.880582980724024547e-05 2.346532968278989983e+02
2.550000000000000000e+02 0.000000000000000000e+00 2.350731292347686576e+02
2.550000000000000000e+02 0.000000000000000000e+00 2.357278918111673534e+02
2.549998816338947449e+02 1.891645233551812885e-04 2.360291634171298938e+02
2.549999856190713103e+02 1.880582980724024547e-05 2.362489571061146592e+02
2.550000000000000000e+02 0.000000000000000000e+00 2.364924804336403099e+02
2.550000000000000000e+02 0.000000000000000000e+00 2.364514007577643326e+02
2.549998705716419067e+02 2.046516773140850021e-04 2.362043297657567962e+02
2.550000000000000000e+02 0.000000000000000000e+00 2.362031438922536495e+02
2.549999867252965942e+02 5.088636300782654377e-05 2.363558350618103248e+02
2.550000000000000000e+02 3.761165961448049094e-05 2.367232489836555089e+02
2.549999292015818924e+02 6.194861583561492226e-05 2.372266478608368629e+02
2.550000000000000000e+02 0.000000000000000000e+00 2.375069587101413333e+02
2.549999679194667976e+02 4.203656074559583962e-05 2.377618507148980882e+02
2.550000000000000000e+02 0.000000000000000000e+00 2.380101153239857297e+02
2.549998539782626779e+02 9.071047318786470905e-05 2.380504759534279060e+02
2.549999369451588791e+02 5.641748942172073302e-05 2.379868403440360680e+02
2.550000000000000000e+02 0.000000000000000000e+00 2.378582560358416913e+02
2.550000000000000000e+02 0.000000000000000000e+00 2.378448253546834792e+02
2.549999402638347306e+02 7.743576979451864944e-05 2.378428618048065459e+02
2.550000000000000000e+02 8.849802262230702454e-06 2.366719964600791002e+02
2.550000000000000000e+02 7.743576979451865283e-06 2.345968881882795358e+02
2.550000000000000000e+02 0.000000000000000000e+00 2.333917464531651831e+02
2.549998860587958802e+02 1.205785558228933364e-04 2.334989551702204267e+02
2.550000000000000000e+02 0.000000000000000000e+00 2.340137702923200322e+02
2.549998738903177582e+02 1.537653143062584719e-04 2.345991327193783036e+02
2.550000000000000000e+02 0.000000000000000000e+00 2.348643369562211376e+02
2.550000000000000000e+02 7.743576979451865283e-06 2.353827351420116827e+02
2.550000000000000000e+02 0.000000000000000000e+00 2.357278055255953007e+02
2.550000000000000000e+02 0.000000000000000000e+00 2.359235000967947258e+02
2.549999402638347306e+02 1.880582980724024343e-04 2.360206255703974136e+02
2.549998827401200288e+02 2.378384357974501376e-04 2.363181492851019243e+02
2.550000000000000000e+02 0.000000000000000000e+00 2.366710716557426792e+02
2.550000000000000000e+02 0.000000000000000000e+00 2.371585906689897456e+02
2.550000000000000000e+02 0.000000000000000000e+00 2.376346337011532341e+02
2.549999026521751091e+02 9.181669847064354961e-05 2.380147094775851144e+02
2.549998230039547593e+02 1.626151165684891692e-04 2.381739804751237557e+02
2.549999734505932167e+02 3.097430791780746113e-05 2.382218225061533872e+02
2.549999369451588791e+02 4.756768715949002887e-05 2.383577355568461655e+02
2.549998794214441773e+02 1.404906109129124123e-04 2.385621859011587844e+02
2.550000000000000000e+02 0.000000000000000000e+00 2.387758234464448606e+02
2.549996083962498972e+02 5.199258829060537891e-04 2.390275837274260766e+02
2.550000000000000000e+02 0.000000000000000000e+00 2.391324572029093645e+02
2.550000000000000000e+02 0.000000000000000000e+00 2.376606277828479676e+02
2.550000000000000000e+02 0.000000000000000000e+00 2.355539168671699883e+02
2.549999568572139594e+02 4.978013772504770321e-05 2.346129671727647406e+02
2.549998949085981224e+02 7.632954451173982243e-05 2.345701617854475955e+02
2.550000000000000000e+02 0.000000000000000000e+00 2.349437672502004943e+02
2.549999391576094467e+02 3.208053320058630169e-05 2.353277358334024711e+02
2.550000000000000000e+02 0.000000000000000000e+00 2.355418944107967718e+02
2.549999413700600144e+02 4.093033546281700584e-05 2.359566591996459977e+02
2.550000000000000000e+02 0.000000000000000000e+00 2.362254210569982718e+02
2.549999734505932167e+02 2.212450565557675698e-05 2.361990619209601903e+02
2.550000000000000000e+02 0.000000000000000000e+00 2.361486047733621092e+02
2.549999269891313247e+02 9.624159960175889829e-05 2.363288077657014981e+02
2.549997820736192864e+02 3.838601731242567662e-04 2.365775945131225910e+02
2.550000000000000000e+02 0.000000000000000000e+00 2.369644768937193930e+02
2.550000000000000000e+02 0.000000000000000000e+00 2.373972753671285147e+02
2.550000000000000000e+02 0.000000000000000000e+00 2.377330855388700002e+02
2.550000000000000000e+02 0.000000000000000000e+00 2.381143494012555664e+02
2.550000000000000000e+02 0.000000000000000000e+00 2.383702049282336475e+02
2.550000000000000000e+02 0.000000000000000000e+00 2.384347277303022850e+02
2.550000000000000000e+02 0.000000000000000000e+00 2.385981105672170202e+02
2.550000000000000000e+02 0.000000000000000000e+00 2.387680367266793837e+02
2.549998528720373940e+02 9.624159960175889829e-05 2.389807074310683390e+02
2.550000000000000000e+02 2.212450565557675614e-06 2.390361779916480032e+02
2.549999092895268120e+02 1.360657097817970500e-04 2.374399159268785127e+02
2.550000000000000000e+02 0.000000000000000000e+00 2.353374750407920715e+02
2.550000000000000000e+02 0.000000000000000000e+00 2.343147078182472001e+02
2.549999734505932167e+02 4.978013772504770321e-05 2.343034807378522544e+02
2.550000000000000000e+02 5.531126413894189246e-06 2.347796487734727293e+02
2.550000000000000000e+02 0.000000000000000000e+00 2.350790608147349303e+02
2.549998539782626779e+02 1.250034569540086715e-04 2.354466970878619350e+02
2.549999900439724456e+02 6.526729168395143039e-05 2.357933803479078563e+02
2.549998462346856911e+02 1.294283580851240338e-04 2.359902165435991037e+02
2.550000000000000000e+02 0.000000000000000000e+00 2.359001886114107265e+02
2.550000000000000000e+02 0.000000000000000000e+00 2.359377084543267244e+02
2.549999789817196358e+02 6.858596753228795207e-05 2.361473447827650034e+02
2.549999269891313247e+02 1.792084958101717370e-04 2.365108061616748216e+02
2.550000000000000000e+02 0.000000000000000000e+00 2.369598296413064418e+02
2.550000000000000000e+02 0.000000000000000000e+00 2.373299958516551840e+02
2.550000000000000000e+02 0.000000000000000000e+00 2.375624425454243749e+02
2.550000000000000000e+02 0.000000000000000000e+00 2.376388384634530837e+02
2.549997997732238275e+02 2.201388312729887428e-04 2.376780574684034377e+02
2.550000000000000000e+02 1.106225282778837807e-06 2.376729688321026686e+02
2.550000000000000000e+02 0.000000000000000000e+00 2.376926275616029329e+02
2.550000000000000000e+02 5.531126413894189246e-06 2.377174921872839377e+02
2.550000000000000000e+02 4.093033546281700584e-05 2.378917027572665290e+02
2.549998517658121102e+02 1.438092867612489204e-04 2.374545866865787218e+02
2.550000000000000000e+02 0.000000000000000000e+00 2.353607400647141787e+02
2.550000000000000000e+02 1.438092867612489339e-05 2.338230902403274456e+02
2.550000000000000000e+02 0.000000000000000000e+00 2.334082889460438537e+02
2.550000000000000000e+02 0.000000000000000000e+00 2.337435515362703597e+02
2.550000000000000000e+02 0.000000000000000000e+00 2.342558931386376742e+02
2.549998893774717317e+02 5.752371470449957357e-05 2.347233352692275901e+02
2.550000000000000000e+02 0.000000000000000000e+00 2.351568959318565248e+02
2.550000000000000000e+02 0.000000000000000000e+00 2.354555491025747358e+02
2.550000000000000000e+02 0.000000000000000000e+00 2.355246903951989736e+02
2.550000000000000000e+02 0.000000000000000000e+00 2.354664387842584006e+02
2.550000000000000000e+02 0.000000000000000000e+00 2.355955684615171890e+02
2.550000000000000000e+02 0.000000000000000000e+00 2.359092353217732807e+02
2.550000000000000000e+02 0.000000000000000000e+00 2.363415824552670017e+02
2.549999767692690682e+02 5.309881357338421811e-05 2.368738814679609561e+02
2.549999358389335953e+02 5.531126413894189246e-05 2.371992709975386617e+02
2.550000000000000000e+02 0.000000000000000000e+00 2.373237655908625925e+02
2.549998982272739738e+02 1.637213418512680234e-04 2.374566199286484789e+02
2.550000000000000000e+02 0.000000000000000000e+00 2.376419923117342705e+02
2.550000000000000000e+02 0.000000000000000000e+00 2.378956519815260435e+02
2.550000000000000000e+02 0.000000000000000000e+00 2.380986631267457483e+02
2.549998761027683258e+02 1.725711441134987207e-04 2.382803506734146310e+02
2.549998617218396646e+02 1.272159075195663526e-04 2.372934118753284167e+02
2.550000000000000000e+02 0.000000000000000000e+00 2.351496556873807435e+02
2.550000000000000000e+02 4.424901131115351227e-06 2.340192029646837568e+02
2.550000000000000000e+02 0.000000000000000000e+00 2.338823739594568565e+02
2.550000000000000000e+02 1.216847811056721736e-05 2.344442014436239958e+02
2.549999778754943520e+02 4.203656074559583962e-05 2.349735733842196908e+02
2.549998772089936097e+02 1.073038524295472768e-04 2.353671782958599579e+02
2.550000000000000000e+02 0.000000000000000000e+00 2.357940474017533745e+02
2.550000000000000000e+02 0.000000000000000000e+00 2.357766564340828097e+02
2.550000000000000000e+02 0.000000000000000000e+00 2.356639409275699109e+02
2.549999402638347306e+02 4.203656074559583962e-05 2.355404507868027224e+02
2.549998838463453126e+02 1.758898199618352289e-04 2.355558903730744760e+02
2.550000000000000000e+02 0.000000000000000000e+00 2.358074935700655317e+02
2.549999646007909462e+02 2.765563206947094623e-05 2.361410680605105199e+02
2.550000000000000000e+02 1.991205509001908264e-05 2.364376780331314478e+02
2.550000000000000000e+02 0.000000000000000000e+00 2.366393628142371313e+02
2.549999369451588791e+02 6.858596753228795207e-05 2.368760651566691422e+02
2.550000000000000000e+02 0.000000000000000000e+00 2.370290550070521931e+02
2.550000000000000000e+02 0.000000000000000000e+00 2.372211023534943024e+02
2.550000000000000000e+02 0.000000000000000000e+00 2.374336237174700557e+02
2.549999955750988647e+02 1.659337924168256774e-05 2.376710152382532613e+02
2.550000000000000000e+02 0.000000000000000000e+00 2.374357100583533793e+02
2.550000000000000000e+02 9.956027545009541320e-06 2.357068027323764454e+02
2.550000000000000000e+02 0.000000000000000000e+00 2.337650067756298711e+02
2.550000000000000000e+02 0.000000000000000000e+00 2.330747410050056772e+02
2.550000000000000000e+02 0.000000000000000000e+00 2.332467236372687296e+02
2.549997831798445702e+02 2.964683757847285652e-04 2.336846096407533366e+02
2.550000000000000000e+02 0.000000000000000000e+00 2.340318891562266685e+02
2.550000000000000000e+02 0.000000000000000000e+00 2.343124013385325952e+02
2.550000000000000000e+02 0.000000000000000000e+00 2.347112829447717104e+02
2.550000000000000000e+02 0.000000000000000000e+00 2.348830631378080227e+02
2.549998373848834206e+02 2.002267761829696670e-04 2.348431073868193266e+02
2.550000000000000000e+02 0.000000000000000000e+00 2.347656107746342684e+02
2.550000000000000000e+02 0.000000000000000000e+00 2.349861102353494289e+02
2.550000000000000000e+02 0.000000000000000000e+00 2.354085743521668235e+02
2.550000000000000000e+02 0.000000000000000000e+00 2.357631826101385570e+02
2.549999424762852982e+02 1.736773693962775477e-04 2.362129915097209505e+02
2.550000000000000000e+02 0.000000000000000000e+00 2.365465527254625329e+02
2.550000000000000000e+02 0.000000000000000000e+00 2.367775192898033652e+02
2.550000000000000000e+02 0.000000000000000000e+00 2.370613943969689501e+02
2.549999789817196358e+02 2.544318150391327188e-05 2.371700058076827418e+02
2.549998362786581367e+02 1.548715395890372989e-04 2.373342813684006671e+02
2.550000000000000000e+02 0.000000000000000000e+00 2.375390160126109720e+02
2.549998650405154876e+02 2.455820127769020350e-04 2.370968655106612459e+02
2.550000000000000000e+02 0.000000000000000000e+00 2.350809192732099859e+02
2.549998595093890970e+02 1.349594844990182230e-04 2.332230681158217749e+02
2.550000000000000000e+02 0.000000000000000000e+00 2.326512602671534182e+02
2.549999690256920815e+02 5.088636300782654377e-05 2.327589966536685324e+02
2.550000000000000000e+02 0.000000000000000000e+00 2.330906794988799504e+02
2.549999469011864335e+02 3.208053320058630169e-05 2.332290926187118032e+02
2.550000000000000000e+02 0.000000000000000000e+00 2.334728427224204097e+02
2.549999292015818924e+02 8.407312149119167924e-05 2.339670057247158468e+02
2.550000000000000000e+02 0.000000000000000000e+00 2.341689626372410657e+02
2.550000000000000000e+02 0.000000000000000000e+00 2.341361630576066943e+02
2.549997942420974084e+02 1.084100777123261173e-04 2.341061102353494334e+02
2.550000000000000000e+02 0.000000000000000000e+00 2.341494344423241785e+02
2.550000000000000000e+02 0.000000000000000000e+00 2.344077568516828478e+02
2.549999579634392433e+02 2.101828037279791981e-05 2.347472385851378647e+02
2.549998849525705964e+02 2.212450565557675698e-04 2.350280715727757865e+02
2.549998340662075691e+02 1.880582980724024343e-04 2.353174711690035679e+02
2.549999800879449197e+02 4.867391244226886943e-05 2.355130230371415223e+02
2.549998041981249344e+02 2.953621505019497382e-04 2.355861832462180985e+02
2.549999800879449197e+02 5.641748942172073302e-05 2.356666799413700630e+02
2.550000000000000000e+02 0.000000000000000000e+00 2.359046898420863272e+02
2.550000000000000000e+02 0.000000000000000000e+00 2.358830222074725498e+02
2.549998395973339882e+02 2.256699576868829321e-04 2.347310445532232563e+02
2.550000000000000000e+02 0.000000000000000000e+00 2.329324417157554024e+02
2.550000000000000000e+02 0.000000000000000000e+00 2.322132193921292185e+02
2.550000000000000000e+02 0.000000000000000000e+00 2.323863292679554320e+02
2.550000000000000000e+02 0.000000000000000000e+00 2.330035930197184655e+02
2.550000000000000000e+02 1.106225282778837849e-05 2.333823457507121191e+02
2.549998473409109749e+02 1.747835946790564018e-04 2.338942581376697376e+02
2.550000000000000000e+02 0.000000000000000000e+00 2.344419137697392159e+02
2.550000000000000000e+02 0.000000000000000000e+00 2.347205497939655459e+02
2.550000000000000000e+02 0.000000000000000000e+00 2.348140025996294185e+02
2.549999557509886756e+02 3.539920904892280982e-05 2.350005719184711950e+02
2.550000000000000000e+02 0.000000000000000000e+00 2.352206731380845781e+02
2.550000000000000000e+02 0.000000000000000000e+00 2.357119809729251472e+02
2.550000000000000000e+02 0.000000000000000000e+00 2.360549152354876981e+02
2.550000000000000000e+02 4.646146187671119508e-05 2.363526624076993414e+02
2.550000000000000000e+02 0.000000000000000000e+00 2.365196338394314068e+02
2.549999789817196358e+02 5.420503885616305867e-05 2.365550695539146488e+02
2.549998550844879617e+02 2.588567161702480675e-04 2.367952653557896951e+02
2.550000000000000000e+02 0.000000000000000000e+00 2.370519682513343867e+02
2.549999192455543664e+02 1.648275671340468504e-04 2.371828645703697589e+02
2.550000000000000000e+02 0.000000000000000000e+00 2.372060521585220840e+02
2.550000000000000000e+02 0.000000000000000000e+00 2.363014297961779846e+02
2.549999435825105820e+02 4.314278602837468018e-05 2.343494333360988833e+02
2.550000000000000000e+02 0.000000000000000000e+00 2.331160231201084230e+02
2.550000000000000000e+02 0.000000000000000000e+00 2.329811244779999413e+02
2.550000000000000000e+02 5.531126413894189246e-06 2.335427119112807191e+02
2.550000000000000000e+02 0.000000000000000000e+00 2.339196681324151541e+02
2.550000000000000000e+02 0.000000000000000000e+00 2.342300860090157357e+02
2.549998971210486900e+02 1.316408086506817149e-04 2.347789064963079682e+02
2.549998030918996790e+02 2.754500954119306353e-04 2.351654769213750455e+02
2.550000000000000000e+02 0.000000000000000000e+00 2.353896457313531982e+02
2.550000000000000000e+02 0.000000000000000000e+00 2.353427948781769317e+02
2.549999690256920815e+02 2.212450565557675698e-05 2.355091744793827218e+02
2.549997422495091257e+02 3.716916950136895607e-04 2.358498863353521813e+02
2.550000000000000000e+02 0.000000000000000000e+00 2.365112619264913292e+02
2.549999391576094467e+02 7.854199507729749000e-05 2.368594186786139062e+02
2.550000000000000000e+02 0.000000000000000000e+00 2.371299980641057630e+02
2.550000000000000000e+02 0.000000000000000000e+00 2.373381520506651157e+02
2.550000000000000000e+02 0.000000000000000000e+00 2.375523161591858070e+02
2.550000000000000000e+02 0.000000000000000000e+00 2.377242833042949144e+02
2.550000000000000000e+02 0.000000000000000000e+00 2.378577007107497536e+02
2.549999690256920815e+02 5.531126413894189246e-05 2.380476429104787144e+02
2.550000000000000000e+02 0.000000000000000000e+00 2.381642047622998462e+02
2.550000000000000000e+02 0.000000000000000000e+00 2.373156591719903759e+02
2.550000000000000000e+02 0.000000000000000000e+00 2.353493282446970341e+02
2.550000000000000000e+02 0.000000000000000000e+00 2.341512420144362352e+02
2.550000000000000000e+02 0.000000000000000000e+00 2.340436925799939161e+02
2.549997942420974084e+02 2.356259852318924835e-04 2.344739146547194366e+02
2.550000000000000000e+02 0.000000000000000000e+00 2.347563848557758774e+02
2.549999004397245415e+02 7.301086866340330075e-05 2.348615182942006072e+02
2.549999988937747162e+02 0.000000000000000000e+00 2.352680350673414580e+02
2.550000000000000000e+02 0.000000000000000000e+00 2.356449592079426907e+02
2.549998473409109749e+02 6.858596753228795207e-05 2.357778666445421720e+02
2.549999955750988647e+02 1.548715395890373057e-05 2.357141524931552397e+02
2.550000000000000000e+02 0.000000000000000000e+00 2.358856174119859475e+02
2.550000000000000000e+02 0.000000000000000000e+00 2.362186963135042390e+02
2.550000000000000000e+02 0.000000000000000000e+00 2.364354368207085315e+02
2.550000000000000000e+02 3.318675848336513632e-06 2.367215155286374113e+02
2.549997909234215570e+02 2.666002931496999108e-04 2.370341558118310843e+02
2.550000000000000000e+02 0.000000000000000000e+00 2.372174130921762298e+02
2.549998694654166229e+02 1.924831992035177966e-04 2.373330047844243609e+02
2.550000000000000000e+02 0.000000000000000000e+00 2.375222721867308167e+02
2.550000000000000000e+02 0.000000000000000000e+00 2.376842855167454900e+02
2.550000000000000000e+02 0.000000000000000000e+00 2.378657850051162939e+02
2.550000000000000000e+02 0.000000000000000000e+00 2.381957886003484646e+02
2.550000000000000000e+02 1.327470339334605453e-05 2.379779883293232672e+02
2.550000000000000000e+02 0.000000000000000000e+00 2.362744821482895077e+02
2.549998340662075691e+02 8.739179733952820092e-05 2.346591155728864067e+02
2.550000000000000000e+02 0.000000000000000000e+00 2.342003440360629440e+02
2.550000000000000000e+02 0.000000000000000000e+00 2.345390868110290796e+02
2.549999491136370011e+02 7.743576979451864944e-05 2.349037329572167323e+02
2.550000000000000000e+02 0.000000000000000000e+00 2.351079874996543140e+02
2.550000000000000000e+02 7.743576979451865283e-06 2.355210133023590231e+02
2.550000000000000000e+02 0.000000000000000000e+00 2.362336701789319306e+02
2.550000000000000000e+02 0.000000000000000000e+00 2.365303575873226691e+02
2.549998030918996790e+02 3.429298376614397332e-04 2.366277374927404082e+02
2.550000000000000000e+02 0.000000000000000000e+00 2.367864177659780296e+02
2.550000000000000000e+02 0.000000000000000000e+00 2.369815315689040176e+02
2.549996349456566804e+02 4.978013772504770321e-04 2.373298000497801468e+02
2.550000000000000000e+02 0.000000000000000000e+00 2.375611615365469049e+02
2.550000000000000000e+02 0.000000000000000000e+00 2.378902547083713728e+02
2.550000000000000000e+02 0.000000000000000000e+00 2.381166049946071439e+02
2.550000000000000000e+02 0.000000000000000000e+00 2.383206416106640120e+02
2.550000000000000000e+02 3.650543433170165038e-05 2.384949439973450467e+02
2.549999712381426491e+02 5.309881357338421811e-05 2.387016167482507853e+02
2.550000000000000000e+02 0.000000000000000000e+00 2.389403656074559592e+02
2.550000000000000000e+02 0.000000000000000000e+00 2.392412157415857621e+02
2.549998329599823137e+02 1.803147210929505911e-04 2.390462335794684634e+02
2.550000000000000000e+02 5.531126413894189246e-06 2.373871799551978654e+02
2.550000000000000000e+02 0.000000000000000000e+00 2.357076943499543802e+02
2.550000000000000000e+02 0.000000000000000000e+00 2.352608977018169867e+02
2.550000000000000000e+02 5.531126413894189246e-06 2.354593401366188345e+02
2.550000000000000000e+02 0.000000000000000000e+00 2.357320766614120942e+02
2.550000000000000000e+02 0.000000000000000000e+00 2.358859194114881461e+02
2.550000000000000000e+02 0.000000000000000000e+00 2.364364390608147346e+02
2.550000000000000000e+02 0.000000000000000000e+00 2.365994833927929335e+02
2.550000000000000000e+02 0.000000000000000000e+00 2.367546724190381440e+02
2.550000000000000000e+02 0.000000000000000000e+00 2.367427550540667482e+02
2.550000000000000000e+02 0.000000000000000000e+00 2.367482043198097301e+02
2.550000000000000000e+02 2.212450565557675614e-06 2.369434221079122835e+02
2.550000000000000000e+02 0.000000000000000000e+00 2.372588899029287290e+02
2.550000000000000000e+02 0.000000000000000000e+00 2.376974507038358411e+02
2.550000000000000000e+02 0.000000000000000000e+00 2.381121535440692583e+02
2.549998141541524888e+02 2.389446610802289917e-04 2.383475737713985438e+02
2.549999977875494324e+02 1.106225282778837807e-06 2.383808379656516934e+02
2.549999977875494324e+02 0.000000000000000000e+00 2.384297231671229724e+02
2.549999878315218780e+02 8.849802262230702454e-06 2.385899245001244537e+02
2.550000000000000000e+02 0.000000000000000000e+00 2.387510948864736235e+02
2.550000000000000000e+02 0.000000000000000000e+00 2.390084404989075892e+02
2.550000000000000000e+02 0.000000000000000000e+00 2.387044796592826117e+02
2.550000000000000000e+02 0.000000000000000000e+00 2.369772338836804124e+02
2.550000000000000000e+02 0.000000000000000000e+00 2.356756989961005502e+02
2.550000000000000000e+02 0.000000000000000000e+00 2.353034619320224579e+02
2.549998008794491113e+02 1.725711441134987207e-04 2.355755468901241727e+02
2.550000000000000000e+02 0.000000000000000000e+00 2.358496816836748735e+02
2.549997699051411928e+02 2.024392267485273481e-04 2.360056782543765053e+02
2.549999524323128526e+02 2.544318150391327188e-05 2.363031433391410019e+02
2.549998694654166229e+02 1.150474294089991471e-04 2.366772443928205973e+02
2.549998097292513535e+02 2.820874471086036515e-04 2.368333460549240783e+02
2.550000000000000000e+02 0.000000000000000000e+00 2.368833584999585185e+02
2.549998672529660553e+02 2.300948588179982943e-04 2.369753013081113977e+02
2.549998528720373940e+02 2.400508863630078187e-04 2.371614535800215720e+02
2.550000000000000000e+02 0.000000000000000000e+00 2.374552282972427406e+02
2.550000000000000000e+02 0.000000000000000000e+00 2.376654984927680516e+02
2.549998705716419067e+02 1.250034569540086715e-04 2.377576725020050219e+02
2.550000000000000000e+02 0.000000000000000000e+00 2.378650360905998582e+02
2.550000000000000000e+02 0.000000000000000000e+00 2.379399607290024505e+02
2.550000000000000000e+02 0.000000000000000000e+00 2.380106064880112910e+02
2.550000000000000000e+02 1.548715395890373057e-05 2.383044011172875400e+02
2.550000000000000000e+02 0.000000000000000000e+00 2.385994524184850150e+02
2.549999203517796502e+02 8.186067092563401168e-05 2.383621394396969038e+02
2.550000000000000000e+02 0.000000000000000000e+00 2.368815564589728808e+02
2.550000000000000000e+02 0.000000000000000000e+00 2.355674758704610099e+02
2.550000000000000000e+02 0.000000000000000000e+00 2.352160347354738690e+02
2.550000000000000000e+02 0.000000000000000000e+00 2.354833485439309584e+02
2.550000000000000000e+02 0.000000000000000000e+00 2.360394889239193503e+02
2.550000000000000000e+02 0.000000000000000000e+00 2.365386752952238680e+02
2.549999491136370011e+02 3.429298376614397603e-05 2.370944727453745884e+02
2.550000000000000000e+02 0.000000000000000000e+00 2.374747852540169788e+02
2.550000000000000000e+02 0.000000000000000000e+00 2.375236007632954340e+02
2.549998218977294755e+02 1.758898199618352289e-04 2.375580065820404343e+02
2.549999225642302179e+02 8.407312149119167924e-05 2.377715003180397559e+02
2.549997676926906252e+02 2.909372493708343760e-04 2.381496744932105400e+02
2.549999347327083115e+02 5.531126413894189246e-05 2.385551525208108501e+02
2.550000000000000000e+02 0.000000000000000000e+00 2.389198904836970030e+02
2.549999203517796502e+02 1.073038524295472768e-04 2.391948660084626113e+02
2.550000000000000000e+02 0.000000000000000000e+00 2.395020050333250481e+02
2.550000000000000000e+02 1.106225282778837807e-06 2.396232948920047647e+02
2.550000000000000000e+02 0.000000000000000000e+00 2.397958350618103509e+02
2.550000000000000000e+02 6.637351696673027264e-06 2.401564036616056796e+02
2.550000000000000000e+02 0.000000000000000000e+00 2.404970425067064923e+02
2.550000000000000000e+02 0.000000000000000000e+00 2.397761210210459240e+02
2.549999988937747162e+02 2.212450565557675614e-06 2.378947017340081231e+02
2.550000000000000000e+02 0.000000000000000000e+00 2.368541198595093817e+02
2.550000000000000000e+02 0.000000000000000000e+00 2.367482253380900943e+02
2.549999524323128526e+02 2.212450565557675698e-05 2.370712386957603997e+02
2.550000000000000000e+02 0.000000000000000000e+00 2.374358118310794055e+02
2.550000000000000000e+02 0.000000000000000000e+00 2.378210127492463926e+02
2.549999690256920815e+02 1.659337924168256774e-05 2.384281147155618328e+02
2.550000000000000000e+02 0.000000000000000000e+00 2.385373644182637918e+02
2.549997533117619355e+02 3.075306286125169437e-04 2.385374595536380866e+02
2.549997964545479761e+02 2.787687712602671705e-04 2.385486855278077485e+02
2.549999137144279473e+02 1.128349788434414660e-04 2.386964871816145433e+02
2.550000000000000000e+02 0.000000000000000000e+00 2.390602383915484381e+02
2.550000000000000000e+02 0.000000000000000000e+00 2.394365353024143417e+02
2.549999413700600144e+02 2.986808263502862396e-05 2.397551945573715955e+02
2.550000000000000000e+02 0.000000000000000000e+00 2.401589435548549432e+02
2.549997964545479761e+02 2.577504908874692405e-04 2.404366835366022315e+02
2.550000000000000000e+02 0.000000000000000000e+00 2.406551386929948251e+02
2.549998761027683258e+02 1.216847811056721634e-04 2.408094858817998158e+02
2.549999126082026635e+02 1.670400176996045315e-04 2.410384070355927975e+02
2.549999900439724456e+02 4.424901131115351227e-06 2.413333443955861526e+02
2.550000000000000000e+02 1.438092867612489339e-05 2.407105705356895839e+02
2.550000000000000000e+02 0.000000000000000000e+00 2.386435045216958315e+02
2.550000000000000000e+02 0.000000000000000000e+00 2.372720893830028501e+02
2.549998329599823137e+02 1.847396222240659262e-04 2.370667817140960665e+02
2.549999668132415138e+02 5.531126413894189246e-06 2.373547775104399875e+02
2.550000000000000000e+02 0.000000000000000000e+00 2.376047390691114174e+02
2.550000000000000000e+02 0.000000000000000000e+00 2.377725534445089863e+02
2.550000000000000000e+02 0.000000000000000000e+00 2.381235941259437539e+02
2.550000000000000000e+02 0.000000000000000000e+00 2.384269089300036057e+02
2.550000000000000000e+02 0.000000000000000000e+00 2.384983279404850691e+02
2.550000000000000000e+02 0.000000000000000000e+00 2.383866544981885625e+02
2.549999845128460549e+02 9.956027545009541320e-06 2.383553250919549669e+02
2.550000000000000000e+02 2.212450565557675614e-06 2.385408800022124467e+02
2.550000000000000000e+02 2.654940678669210906e-05 2.388843253408556677e+02
2.549999657070162300e+02 9.402914903620121717e-05 2.392326756824027143e+02
2.550000000000000000e+02 0.000000000000000000e+00 2.395150142426505226e+02
2.550000000000000000e+02 0.000000000000000000e+00 2.396419016012611110e+02
2.550000000000000000e+02 0.000000000000000000e+00 2.398032102657706162e+02
2.549999911501977294e+02 0.000000000000000000e+00 2.399695323432617045e+02
2.550000000000000000e+02 0.000000000000000000e+00 2.402138134351060614e+02
2.550000000000000000e+02 0.000000000000000000e+00 2.405431433391410110e+02
2.550000000000000000e+02 6.637351696673027264e-06 2.407560507757404764e+02
2.550000000000000000e+02 0.000000000000000000e+00 2.393421532675129413e+02
2.549999800879449197e+02 1.548715395890373057e-05 2.376106330374180686e+02
2.549999756630437844e+02 4.867391244226886943e-05 2.370069150142426508e+02
2.549998694654166229e+02 2.234575071213252509e-04 2.370365850825520511e+02
2.550000000000000000e+02 0.000000000000000000e+00 2.373206681600707952e+02
2.549997898171962731e+02 2.422633369285654998e-04 2.376288514616001635e+02
2.549998561907132455e+02 1.891645233551812885e-04 2.377403700323570774e+02
2.550000000000000000e+02 0.000000000000000000e+00 2.381066445421610069e+02
2.549999081833015282e+02 1.194723305401144958e-04 2.383900815841145970e+02
2.549999955750988647e+02 1.880582980724024547e-05 2.383432794048507901e+02
2.550000000000000000e+02 0.000000000000000000e+00 2.383639978981719594e+02
2.549995829530683977e+02 5.409441632788517191e-04 2.383649492519151636e+02
2.549999701319173653e+02 1.880582980724024547e-05 2.386241422605713751e+02
2.549997533117619355e+02 3.827539478414779392e-04 2.389773699493901802e+02
2.550000000000000000e+02 0.000000000000000000e+00 2.393438822976299036e+02
2.550000000000000000e+02 8.849802262230702454e-06 2.396708083741253859e+02
2.550000000000000000e+02 0.000000000000000000e+00 2.397850582151054937e+02
2.550000000000000000e+02 0.000000000000000000e+00 2.397705401144943096e+02
2.550000000000000000e+02 0.000000000000000000e+00 2.398006261235100567e+02
2.549994867114687906e+02 6.847534500401006394e-04 2.399270532924030022e+02
2.549996603888381799e+02 3.042119527641804085e-04 2.402126220304764956e+02
2.550000000000000000e+02 2.323073093835559754e-05 2.398690716004314254e+02
2.550000000000000000e+02 0.000000000000000000e+00 2.381976747144555873e+02
2.549998395973339882e+02 1.581902154373738341e-04 2.368878663679858505e+02
2.550000000000000000e+02 0.000000000000000000e+00 2.364734577836776452e+02
2.549998572969385293e+02 1.194723305401144958e-04 2.367595110484250256e+02
2.550000000000000000e+02 0.000000000000000000e+00 2.371532166265660067e+02
2.550000000000000000e+02 0.000000000000000000e+00 2.374852800132746893e+02
2.550000000000000000e+02 0.000000000000000000e+00 2.377907408943831342e+02
2.550000000000000000e+02 0.000000000000000000e+00 2.381812140822478625e+02
2.549998949085981224e+02 1.404906109129124123e-04 2.383086910589341585e+02
2.550000000000000000e+02 0.000000000000000000e+00 2.381912010841007827e+02
2.550000000000000000e+02 0.000000000000000000e+00 2.382993987665588236e+02
2.550000000000000000e+02 0.000000000000000000e+00 2.386219685278907150e+02
2.549999679194667976e+02 2.101828037279791981e-05 2.392167194889239283e+02
2.550000000000000000e+02 0.000000000000000000e+00 2.397081069719848472e+02
2.549998241101800431e+02 2.046516773140850021e-04 2.399952111507508619e+02
2.549997101689759234e+02 3.263364584197571655e-04 2.402655571227080316e+02
2.550000000000000000e+02 0.000000000000000000e+00 2.405346641223485165e+02
2.550000000000000000e+02 2.101828037279791981e-05 2.407021267181061432e+02
2.550000000000000000e+02 2.212450565557675614e-06 2.410887546668879224e+02
2.550000000000000000e+02 0.000000000000000000e+00 2.412191863713045166e+02
2.549998207915041917e+02 2.024392267485273481e-04 2.402616034735473818e+02
2.550000000000000000e+02 0.000000000000000000e+00 2.384965845294394171e+02
2.550000000000000000e+02 3.318675848336513632e-06 2.375653917420282539e+02
2.550000000000000000e+02 0.000000000000000000e+00 2.373910561685887330e+02
2.550000000000000000e+02 0.000000000000000000e+00 2.377599634945656817e+02
2.549999646007909462e+02 8.075444564285517112e-05 2.380593877043059763e+02
2.550000000000000000e+02 0.000000000000000000e+00 2.383272369257999515e+02
2.550000000000000000e+02 0.000000000000000000e+00 2.385530805608562162e+02
2.550000000000000000e+02 0.000000000000000000e+00 2.385243850770209235e+02
2.549998008794491113e+02 3.938162006692663177e-04 2.383177455128736995e+02
2.550000000000000000e+02 0.000000000000000000e+00 2.381111369230343655e+02
2.549997743300422997e+02 2.688127437152576190e-04 2.381851002516662561e+02
2.550000000000000000e+02 0.000000000000000000e+00 2.383502375618794815e+02
2.549999944688735809e+02 2.101828037279791981e-05 2.386364589728698320e+02
2.550000000000000000e+02 0.000000000000000000e+00 2.389239624989629078e+02
2.550000000000000000e+02 1.880582980724024547e-05 2.390705461987333820e+02
2.550000000000000000e+02 0.000000000000000000e+00 2.392641798722309829e+02
2.549999800879449197e+02 6.194861583561492226e-05 2.394917105008435101e+02
2.549996559639370446e+02 5.774495976105533356e-04 2.396770552282972346e+02
2.550000000000000000e+02 0.000000000000000000e+00 2.400016659752758699e+02
2.549998517658121102e+02 1.117287535606626255e-04 2.401102939793688904e+02
2.550000000000000000e+02 0.000000000000000000e+00 2.389193207776763757e+02
2.550000000000000000e+02 0.000000000000000000e+00 2.373040891617577870e+02
2.549999070770762444e+02 9.181669847064354961e-05 2.366635482175945242e+02
2.550000000000000000e+02 5.531126413894189246e-06 2.366772543488481517e+02
2.550000000000000000e+02 0.000000000000000000e+00 2.370042379490583357e+02
2.550000000000000000e+02 2.212450565557675698e-05 2.371471003069775065e+02
2.550000000000000000e+02 0.000000000000000000e+00 2.373342116762078717e+02
2.550000000000000000e+02 0.000000000000000000e+00 2.374751082717995416e+02
2.550000000000000000e+02 0.000000000000000000e+00 2.375050006913907907e+02
2.549999734505932167e+02 1.659337924168256774e-05 2.372814922979064818e+02
2.550000000000000000e+02 0.000000000000000000e+00 2.372339898780386704e+02
2.550000000000000000e+02 0.000000000000000000e+00 2.373190995326198163e+02
2.550000000000000000e+02 0.000000000000000000e+00 2.375344893387538434e+02
2.550000000000000000e+02 0.000000000000000000e+00 2.378078132691722715e+02
2.549998716778671906e+02 1.128349788434414660e-04 2.381283077518736775e+02
2.549999690256920815e+02 1.880582980724024547e-05 2.384293016952902349e+02
2.550000000000000000e+02 0.000000000000000000e+00 2.386098631046212688e+02
2.549999513260875688e+02 3.429298376614397603e-05 2.388259321330789078e+02
2.550000000000000000e+02 0.000000000000000000e+00 2.389675898116651354e+02
2.550000000000000000e+02 0.000000000000000000e+00 2.392083564257861212e+02
2.549997820736192864e+02 2.599629414530268945e-04 2.393493691750325070e+02
2.550000000000000000e+02 0.000000000000000000e+00 2.386082059791476411e+02
2.550000000000000000e+02 0.000000000000000000e+00 2.369478337343400085e+02
2.550000000000000000e+02 0.000000000000000000e+00 2.358837235543018380e+02
2.550000000000000000e+02 0.000000000000000000e+00 2.356157559667026078e+02
2.550000000000000000e+02 0.000000000000000000e+00 2.357856013717193377e+02
2.550000000000000000e+02 7.743576979451865283e-06 2.358860256091153076e+02
2.549998871650211640e+02 1.327470339334605419e-04 2.359738311347105935e+02
2.550000000000000000e+02 0.000000000000000000e+00 2.362295185154456760e+02
2.550000000000000000e+02 0.000000000000000000e+00 2.366830078265438715e+02
2.550000000000000000e+02 0.000000000000000000e+00 2.367937830139107689e+02
2.550000000000000000e+02 0.000000000000000000e+00 2.367819043668243069e+02
2.550000000000000000e+02 0.000000000000000000e+00 2.367929201581902134e+02
2.550000000000000000e+02 0.000000000000000000e+00 2.369396874913576028e+02
2.550000000000000000e+02 0.000000000000000000e+00 2.373758466771758151e+02
2.550000000000000000e+02 0.000000000000000000e+00 2.377430371415138666e+02
2.549997732238170443e+02 1.825271716585082451e-04 2.380698481705799452e+02
2.549999646007909462e+02 2.654940678669210906e-05 2.382091009154014216e+02
2.549998949085981224e+02 1.039851765812107687e-04 2.382663934290218322e+02
2.549999513260875688e+02 6.858596753228795207e-05 2.383152056196244359e+02
2.550000000000000000e+02 0.000000000000000000e+00 2.385596626012887498e+02
2.550000000000000000e+02 0.000000000000000000e+00 2.388343715257612132e+02
2.549998451284604073e+02 1.725711441134987207e-04 2.389373666307143367e+02
2.549999911501977294e+02 0.000000000000000000e+00 2.376763494565668395e+02
2.550000000000000000e+02 0.000000000000000000e+00 2.363115561824165525e+02
2.550000000000000000e+02 0.000000000000000000e+00 2.357366940457424107e+02
2.550000000000000000e+02 0.000000000000000000e+00 2.359028490832157843e+02
2.550000000000000000e+02 0.000000000000000000e+00 2.362164296578998233e+02
2.550000000000000000e+02 0.000000000000000000e+00 2.363641594070632550e+02
2.550000000000000000e+02 0.000000000000000000e+00 2.367470051716032060e+02
2.550000000000000000e+02 0.000000000000000000e+00 2.371791797339528216e+02
2.550000000000000000e+02 0.000000000000000000e+00 2.375413866533919531e+02
2.550000000000000000e+02 0.000000000000000000e+00 2.376361813103238489e+02
2.550000000000000000e+02 0.000000000000000000e+00 2.377581835780856636e+02
2.549998805276694611e+02 1.725711441134987207e-04 2.379499709615863310e+02
2.549999524323128526e+02 3.208053320058630169e-05 2.382259962941452898e+02
2.550000000000000000e+02 0.000000000000000000e+00 2.385389540639951349e+02
2.549998904836970155e+02 1.792084958101717370e-04 2.389297447385160069e+02
2.550000000000000000e+02 0.000000000000000000e+00 2.390976542492878707e+02
2.549999137144279473e+02 9.292292375342239017e-05 2.392447457064631351e+02
2.550000000000000000e+02 0.000000000000000000e+00 2.393923659393235539e+02
2.549996758759921534e+02 3.163804308747476682e-04 2.394275737713985563e+02
2.550000000000000000e+02 3.318675848336513547e-05 2.394947260709643615e+02
2.550000000000000000e+02 2.433695622113443471e-05 2.397773367626317054e+02
2.549997112752012072e+02 4.424901131115351396e-04 2.397945263973008139e+02
2.550000000000000000e+02 0.000000000000000000e+00 2.384957902596863732e+02
2.550000000000000000e+02 0.000000000000000000e+00 2.368228579330180708e+02
2.550000000000000000e+02 0.000000000000000000e+00 2.360505445393954460e+02
2.550000000000000000e+02 0.000000000000000000e+00 2.362112503111258661e+02
2.550000000000000000e+02 0.000000000000000000e+00 2.366258812467158918e+02
2.550000000000000000e+02 0.000000000000000000e+00 2.367802195857186405e+02
2.550000000000000000e+02 0.000000000000000000e+00 2.370391316131530175e+02
2.549998108354766373e+02 1.615088912857103422e-04 2.372157493293509276e+02
2.550000000000000000e+02 0.000000000000000000e+00 2.373206405044387282e+02
2.549998893774717317e+02 1.283221328023452068e-04 2.371304383417682971e+02
2.550000000000000000e+02 0.000000000000000000e+00 2.371569125252357537e+02
2.550000000000000000e+02 0.000000000000000000e+00 2.373075162476838500e+02
2.550000000000000000e+02 0.000000000000000000e+00 2.379703863491800178e+02
2.550000000000000000e+02 3.871788489725932472e-05 2.383464244033297348e+02
2.549999380513841629e+02 4.203656074559583962e-05 2.387013457230565052e+02
2.549999258829060409e+02 7.301086866340330075e-05 2.388879603971348899e+02
2.550000000000000000e+02 0.000000000000000000e+00 2.391161204679332855e+02
2.549995375978317895e+02 5.929367515694571305e-04 2.392300638845100877e+02
2.549998307475317461e+02 2.123952542935368725e-04 2.393780779335711770e+02
2.550000000000000000e+02 0.000000000000000000e+00 2.396497071268563843e+02
2.550000000000000000e+02 0.000000000000000000e+00 2.398783406620758285e+02
2.550000000000000000e+02 0.000000000000000000e+00 2.392576155314029620e+02
2.550000000000000000e+02 0.000000000000000000e+00 2.375845416078984442e+02
2.550000000000000000e+02 0.000000000000000000e+00 2.363945418844547817e+02
2.550000000000000000e+02 0.000000000000000000e+00 2.361467175530296743e+02
2.550000000000000000e+02 0.000000000000000000e+00 2.363649238087336357e+02
2.550000000000000000e+02 0.000000000000000000e+00 2.365597522055366539e+02
2.550000000000000000e+02 0.000000000000000000e+00 2.367808700461849014e+02
2.550000000000000000e+02 0.000000000000000000e+00 2.370111441134987160e+02
2.550000000000000000e+02 0.000000000000000000e+00 2.370502502834702341e+02
2.550000000000000000e+02 0.000000000000000000e+00 2.369144102436461310e+02
2.550000000000000000e+02 0.000000000000000000e+00 2.368691136369921821e+02
2.550000000000000000e+02 0.000000000000000000e+00 2.369398158134904122e+02
2.550000000000000000e+02 9.956027545009541320e-06 2.372951940042589740e+02
2.550000000000000000e+02 0.000000000000000000e+00 2.377339218451837723e+02
2.549999546447634202e+02 3.429298376614397603e-05 2.380466174396415795e+02
2.549998738903177582e+02 2.090765784452003643e-04 2.383556326225835846e+02
2.550000000000000000e+02 0.000000000000000000e+00 2.386738914239884934e+02
2.549998196852789079e+02 2.035454520313061751e-04 2.389718598412566735e+02
2.549998595093890970e+02 2.356259852318924835e-04 2.393236361625044992e+02
2.550000000000000000e+02 0.000000000000000000e+00 2.395821366741336931e+02
2.550000000000000000e+02 0.000000000000000000e+00 2.398701722945878032e+02
2.550000000000000000e+02 0.000000000000000000e+00 2.401181957465637993e+02
2.549997920296468408e+02 3.141679803091899600e-04 2.395891346552725452e+02
2.550000000000000000e+02 0.000000000000000000e+00 2.376600293149699894e+02
2.550000000000000000e+02 0.000000000000000000e+00 2.362887911723222487e+02
2.550000000000000000e+02 0.000000000000000000e+00 2.357625940982881048e+02
2.549998429160098397e+02 2.168201554246522347e-04 2.357589911225421133e+02
2.549999690256920815e+02 2.654940678669210906e-05 2.358282906053817953e+02
2.550000000000000000e+02 0.000000000000000000e+00 2.357720368373019255e+02
2.550000000000000000e+02 0.000000000000000000e+00 2.361095871014132115e+02
2.549998362786581367e+02 1.117287535606626255e-04 2.364593523050969281e+02
2.549999137144279473e+02 1.095163029951049579e-04 2.365707248541165484e+02
2.549999347327083115e+02 1.161536546917779742e-04 2.365212124229099118e+02
2.550000000000000000e+02 0.000000000000000000e+00 2.366156962305373384e+02
2.550000000000000000e+02 2.212450565557675614e-06 2.368292762521087411e+02
2.549998561907132455e+02 1.615088912857103422e-04 2.372894172958322940e+02
2.550000000000000000e+02 0.000000000000000000e+00 2.375792339389916776e+02
2.550000000000000000e+02 0.000000000000000000e+00 2.377906900080201353e+02
2.550000000000000000e+02 0.000000000000000000e+00 2.379137863325866249e+02
2.550000000000000000e+02 0.000000000000000000e+00 2.380304676567382955e+02
2.549998517658121102e+02 2.466882380596808620e-04 2.380661666528388594e+02
2.550000000000000000e+02 0.000000000000000000e+00 2.381535031389142318e+02
2.550000000000000000e+02 0.000000000000000000e+00 2.384640194695649882e+02
2.550000000000000000e+02 1.106225282778837849e-05 2.387534987140131193e+02
2.550000000000000000e+02 0.000000000000000000e+00 2.388837888215935266e+02
2.550000000000000000e+02 0.000000000000000000e+00 2.380721424818164280e+02
2.549998672529660553e+02 1.150474294089991471e-04 2.363469011864266065e+02
2.550000000000000000e+02 0.000000000000000000e+00 2.353900738405376387e+02
2.550000000000000000e+02 0.000000000000000000e+00 2.353145164412732697e+02
2.549999402638347306e+02 3.761165961448049094e-05 2.355271384717497654e+02
2.550000000000000000e+02 0.000000000000000000e+00 2.354885389529577822e+02
2.550000000000000000e+02 0.000000000000000000e+00 2.355878879393788452e+02
2.550000000000000000e+02 0.000000000000000000e+00 2.359432462180923267e+02
2.550000000000000000e+02 0.000000000000000000e+00 2.364323039907077089e+02
2.550000000000000000e+02 0.000000000000000000e+00 2.366929350922315223e+02
2.549997643740147737e+02 1.991205509001908128e-04 2.367068480876130536e+02
2.550000000000000000e+02 7.743576979451865283e-06 2.369103857960673736e+02
2.550000000000000000e+02 0.000000000000000000e+00 2.371470826073729938e+02
2.550000000000000000e+02 4.424901131115351227e-06 2.374361182554827394e+02
2.550000000000000000e+02 0.000000000000000000e+00 2.378321612876462154e+02
2.549998694654166229e+02 1.515528637407007907e-04 2.380299499433059509e+02
2.550000000000000000e+02 0.000000000000000000e+00 2.382017898725075327e+02
2.550000000000000000e+02 0.000000000000000000e+00 2.383454719433612752e+02
2.550000000000000000e+02 0.000000000000000000e+00 2.384982737354462188e+02
2.550000000000000000e+02 0.000000000000000000e+00 2.385614546862468615e+02
2.550000000000000000e+02 0.000000000000000000e+00 2.387519411488149501e+02
2.550000000000000000e+02 0.000000000000000000e+00 2.389175574545756149e+02
2.549997643740147737e+02 2.411571116457866728e-04 2.390028651234823940e+02
2.550000000000000000e+02 0.000000000000000000e+00 2.380236378218424136e+02
2.550000000000000000e+02 0.000000000000000000e+00 2.362436483309826087e+02
2.550000000000000000e+02 0.000000000000000000e+00 2.351497895406399437e+02
2.550000000000000000e+02 2.212450565557675614e-06 2.350892878674742121e+02
2.550000000000000000e+02 0.000000000000000000e+00 2.352470123620675224e+02
2.550000000000000000e+02 2.212450565557675614e-06 2.353061434221079082e+02
2.550000000000000000e+02 1.548715395890373057e-05 2.353261771619790466e+02
2.550000000000000000e+02 1.548715395890373057e-05 2.357863657733897469e+02
2.549997112752012072e+02 4.292154097181891071e-04 2.362067335932962635e+02
2.549999070770762444e+02 1.227910063884510175e-04 2.364081462429823830e+02
2.549999568572139594e+02 2.101828037279791981e-05 2.364436251002516656e+02
2.550000000000000000e+02 0.000000000000000000e+00 2.365127995796343896e+02
2.550000000000000000e+02 0.000000000000000000e+00 2.367942255040238990e+02
2.549997853922951379e+02 1.703586935479410396e-04 2.370198644874028560e+02
2.549999900439724456e+02 7.743576979451865283e-06 2.373271063912165744e+02
2.549998152603777726e+02 2.555380403219115323e-04 2.375698785917752218e+02
2.550000000000000000e+02 0.000000000000000000e+00 2.377521955806300014e+02
2.549999767692690682e+02 1.769960452446140491e-05 2.378859802538786994e+02
2.550000000000000000e+02 0.000000000000000000e+00 2.379675134821206370e+02
2.550000000000000000e+02 0.000000000000000000e+00 2.382083641693630796e+02
2.550000000000000000e+02 0.000000000000000000e+00 2.384331414032467649e+02
2.550000000000000000e+02 0.000000000000000000e+00 2.387491589922287574e+02
2.550000000000000000e+02 0.000000000000000000e+00 2.388532835531956096e+02
2.549999823003954873e+02 2.101828037279791981e-05 2.376331967145109161e+02
2.549998373848834206e+02 1.913769739207389696e-04 2.360555181282668116e+02
2.550000000000000000e+02 0.000000000000000000e+00 2.354437335103293663e+02
2.550000000000000000e+02 1.659337924168256774e-05 2.354684676014270224e+02
2.550000000000000000e+02 0.000000000000000000e+00 2.358110899084598486e+02
2.550000000000000000e+02 0.000000000000000000e+00 2.359961813103238342e+02
2.550000000000000000e+02 0.000000000000000000e+00 2.362216145358002279e+02
2.550000000000000000e+02 5.531126413894189246e-06 2.365708930003595185e+02
2.549998163666030564e+02 1.858458475068447803e-04 2.367395503194225626e+02
2.550000000000000000e+02 0.000000000000000000e+00 2.367278464559307452e+02
2.549997168063275979e+02 3.141679803091899600e-04 2.367915783069222186e+02
2.550000000000000000e+02 0.000000000000000000e+00 2.370577947398987817e+02
2.550000000000000000e+02 0.000000000000000000e+00 2.373431112586078200e+02
