2.550000000000000000e+02 0.000000000000000000e+00 2.326822163472130285e+02
2.550000000000000000e+02 0.000000000000000000e+00 2.323564882132628213e+02
2.550000000000000000e+02 0.000000000000000000e+00 2.333737717558933582e+02
2.550000000000000000e+02 0.000000000000000000e+00 2.329990152015862463e+02
2.550000000000000000e+02 0.000000000000000000e+00 2.307310024234412822e+02
2.550000000000000000e+02 4.406256884776382290e-06 2.259968440185062661e+02
2.550000000000000000e+02 1.432033487552324308e-05 2.199874465741352765e+02
2.549999085701696515e+02 4.019497686715135798e-02 2.151120522141440858e+02
2.549998810310641204e+02 9.329709187045605034e-01 2.101109759858999837e+02
2.549996739369905185e+02 3.608742013659396175e+00 2.062684049350077089e+02
2.549994536241462981e+02 7.128173606521260197e+00 2.021326536682088602e+02
2.549998799294998832e+02 1.214751156642432228e+01 1.979705331570830538e+02
2.549999085701696515e+02 1.818053756333994286e+01 1.940507424542850856e+02
2.549998667107292363e+02 2.240470037453183494e+01 1.896171425424102210e+02
2.549993478739810655e+02 1.986343467724168477e+01 1.831737034589116604e+02
2.549998909451421127e+02 1.679311412205331422e+01 1.764857578761841808e+02
2.549995219211280073e+02 2.060873209958140606e+01 1.715573309098920447e+02
2.549996871557611939e+02 2.765574796210619013e+01 1.682479610046265748e+02
2.549995053976646773e+02 3.628647829918484291e+01 1.646658305794227886e+02
2.549994921788940303e+02 4.279997135933025021e+01 1.615956444150693869e+02
2.549997047807887327e+02 4.981815487992950153e+01 1.582933972240581681e+02
2.549997422339722277e+02 5.606860762282440902e+01 1.554641198501872736e+02
2.549997609605640037e+02 6.011252588675920094e+01 1.522032154659616765e+02
2.549995516633619843e+02 6.412117647058823877e+01 1.490852820004406283e+02
2.549995725930821777e+02 6.844753359770874113e+01 1.464019112139237677e+02
2.549997598589997665e+02 7.328455827274730439e+01 1.433011434236615855e+02
2.549996574135272169e+02 7.774682198722184978e+01 1.406416798854373269e+02
2.549997146948666966e+02 8.228644855695087301e+01 1.380205276492619646e+02
2.549994007490636818e+02 8.484241022251596576e+01 1.357358614232209675e+02
2.549996783432474103e+02 8.810435338180215581e+01 1.334495142101784495e+02
2.549995880149812706e+02 9.088875302930161126e+01 1.311538753029301745e+02
2.549997345230226813e+02 9.333573364177131282e+01 1.282005232430050796e+02
2.549994172725269834e+02 9.571006719541749419e+01 1.262602302269222321e+02
2.549997025776602868e+02 9.833132297862965743e+01 1.242899680546375834e+02
2.549997532496144572e+02 9.970445913196739696e+01 1.217026470588235298e+02
2.549994150693985375e+02 9.415927517074246111e+01 1.168780612469707023e+02
2.549995307336417625e+02 8.644996034368803350e+01 1.116604472350738035e+02
2.549997334214584725e+02 8.585044393038114663e+01 1.087719651905706115e+02
2.549993566864948207e+02 8.807966181978409281e+01 1.074607424542850822e+02
2.549996761401189644e+02 9.131871447455387170e+01 1.057755948446794463e+02
2.549998435778805970e+02 9.274285966071822429e+01 1.043755551883674855e+02
2.549997918043621894e+02 9.461663141661158249e+01 1.035466082837629500e+02
2.549996673276052093e+02 9.807366600572812843e+01 1.033159010795329351e+02
2.549994877726371385e+02 9.997396893588896205e+01 1.020539458030403210e+02
2.549996034368803635e+02 1.008238158184622222e+02 1.005008900638907221e+02
2.549995648821326313e+02 1.015988929279577064e+02 9.935361974003083674e+01
2.549996552103987710e+02 1.029908426966292154e+02 9.844473892927958047e+01
2.549995053976646773e+02 1.051289777484027326e+02 9.733434016303149861e+01
2.549997047807887327e+02 1.075709165014320376e+02 9.640260960564000925e+01
2.549998380700594964e+02 1.091351960784313775e+02 9.588584820445032619e+01
2.549996805463758562e+02 1.097492961004626579e+02 9.475632408019387753e+01
2.549996860541969568e+02 1.109328376294337914e+02 9.432031394580303640e+01
2.549997025776602868e+02 1.119236285525446135e+02 9.320658515091429308e+01
2.549995670852610772e+02 1.130207325402070921e+02 9.133863075567305145e+01
2.549995428508482007e+02 1.138403106411103778e+02 9.056333443489755552e+01
2.549997345230226813e+02 1.141573881912315471e+02 8.920811412205331692e+01
2.549997124917382791e+02 1.103932132628332283e+02 8.633094844679445146e+01
2.549997157964309338e+02 1.022704604538444642e+02 8.173970478078871338e+01
2.549998094293897282e+02 9.770236615994711826e+01 7.902381802159065671e+01
2.549996309759858946e+02 9.852762282441065622e+01 7.854829257545715393e+01
2.549994888742013757e+02 1.010824256444150677e+02 7.814419695968274482e+01
2.549997003745318409e+02 1.028647653668208903e+02 7.789912535800837645e+01
2.549998303591099500e+02 1.039816743776162156e+02 7.749050341484908699e+01
2.549998523903943521e+02 1.071204637585371273e+02 7.783302159065873127e+01
2.549995825071601701e+02 1.086429995593743172e+02 7.737867922449878222e+01
2.549998512888301434e+02 1.092417162370566217e+02 7.705026768010574756e+01
2.549998523903943521e+02 1.098219684952632775e+02 7.659015862524785234e+01
2.549995351398986543e+02 1.109605034148490859e+02 7.584311522361753077e+01
2.549997113901740420e+02 1.129191991628111964e+02 7.640547807887199383e+01
2.549998193434677205e+02 1.143254329147389257e+02 7.611326613791584350e+01
2.549997521480502201e+02 1.159346210619079045e+02 7.586597818902842505e+01
2.549996001321877088e+02 1.164633917162370551e+02 7.547630645516633763e+01
2.549998512888301434e+02 1.169797268120731388e+02 7.475240581625908476e+01
2.549997213042520343e+02 1.174086990526547680e+02 7.414790702797972699e+01
2.549998556950870352e+02 1.188409914077990805e+02 7.433056950870235369e+01
2.549997510464860113e+02 1.200936505838290316e+02 7.425526878166996880e+01
2.549997334214584725e+02 1.212468748623044661e+02 7.456804141881471537e+01
2.549998788279356745e+02 1.185483829037232937e+02 7.259206873760740564e+01
2.549998072262612823e+02 1.105972064331350566e+02 6.939193214364397022e+01
2.549997466402291195e+02 1.054955287508261677e+02 6.656162921348314399e+01
2.549997191011235884e+02 1.050581372549019648e+02 6.653263604318131286e+01
2.549995285305133166e+02 1.061993500771095000e+02 6.697175479180435786e+01
2.549994602335316074e+02 1.074304923992068694e+02 6.684614342366160145e+01
2.549997191011235884e+02 1.088546441947565597e+02 6.709708966732760871e+01
2.549998391716237052e+02 1.114592961004626517e+02 6.762369024014100205e+01
2.549996486010134333e+02 1.120619552764926254e+02 6.723203238598810572e+01
2.549997312183300266e+02 1.115049614452522633e+02 6.696666446353822266e+01
2.549996386869354410e+02 1.114111731658955762e+02 6.693089887640449831e+01
2.549998380700594964e+02 1.120279059264155137e+02 6.649931042079752785e+01
2.549996915620180573e+02 1.131712855254461374e+02 6.683882683410442382e+01
2.549996673276052093e+02 1.147750253359770909e+02 6.746866600572813866e+01
2.549998667107292363e+02 1.160902203128442380e+02 6.804083718880811205e+01
2.549996816479400650e+02 1.168727572152456418e+02 6.749695968274950530e+01
2.549996794448116191e+02 1.172222350738047965e+02 6.753902731879269083e+01
2.549996959682749491e+02 1.179198347653668151e+02 6.773482925754571227e+01
2.549998050231328364e+02 1.185451112579863349e+02 6.795647609605640582e+01
2.549997400308438102e+02 1.193017448777263780e+02 6.823339281780127408e+01
2.549997984137475271e+02 1.198300517735183917e+02 6.826754791804361844e+01
2.549996860541969568e+02 1.157933851068517299e+02 6.603961224939413910e+01
2.549996640229125262e+02 1.083858746419916343e+02 6.315821326283322179e+01
2.549995285305133166e+02 1.048925137695527638e+02 6.127828376294338142e+01
2.549997532496144572e+02 1.053925005507821169e+02 6.127006939854593526e+01
2.549996265697290028e+02 1.070316501432033505e+02 6.197415289711390329e+01
2.549998083278255194e+02 1.087527748402731902e+02 6.230794668429169292e+01
2.549995781009032783e+02 1.097389975765587167e+02 6.266306785635602239e+01
2.549999173826834067e+02 1.116810773298083319e+02 6.335542961004626505e+01
2.549995913196739252e+02 1.126607931262392555e+02 6.298385327164573511e+01
2.549998601013438986e+02 1.127230171844018543e+02 6.290657964309319539e+01
2.549997389292795731e+02 1.124907061026657829e+02 6.291160718219872194e+01
2.549996023353161547e+02 1.129148821326283354e+02 6.293755012117206604e+01
2.549995582727472936e+02 1.138994800616875978e+02 6.336479621061907608e+01
2.549997323198942638e+02 1.148903932584269683e+02 6.372126349416171109e+01
2.549998887420136668e+02 1.160919751046485970e+02 6.407439964749944750e+01
2.549997951090548440e+02 1.168236693104207973e+02 6.437480612469707353e+01
2.549996497025776705e+02 1.174692961004626568e+02 6.454887530293015629e+01
2.549995758977748324e+02 1.178897080854813879e+02 6.466658404935007809e+01
2.549996904604538486e+02 1.183578883013879732e+02 6.484877285745758968e+01
2.549997334214584725e+02 1.190712601894690437e+02 6.511935117867371048e+01
2.549997642652566583e+02 1.204390229125358047e+02 6.492073474333552952e+01
2.549999162811191979e+02 1.200290085922009240e+02 6.462047807887199724e+01
2.549992806785635651e+02 1.134394954835866969e+02 6.216612249394139411e+01
2.549995197179995614e+02 1.065139380920907684e+02 5.971376074025115344e+01
2.549995714915179690e+02 1.045919905265477041e+02 5.903414628772857498e+01
2.549996089447014640e+02 1.050654571491517970e+02 5.927930491297642845e+01
2.549997356245869184e+02 1.059400826173165910e+02 5.935018396122494266e+01
2.549997752808988878e+02 1.062191815377836548e+02 5.956676801057501791e+01
2.549998567966512439e+02 1.070044525225820706e+02 5.978359109936108950e+01
2.549998369684952593e+02 1.086848755232430079e+02 6.039320114562679009e+01
2.549998766248072286e+02 1.095816325181758089e+02 6.066855254461334823e+01
2.549998843357567750e+02 1.095035657633840032e+02 6.068407468605419552e+01
2.549998094293897282e+02 1.094536990526547697e+02 6.066074686054196974e+01
2.549997962106190812e+02 1.100325424102225185e+02 6.081300506719541943e+01
2.549997565543071119e+02 1.110540724829257613e+02 6.122230998017184334e+01
2.549998314606741587e+02 1.123718737607402574e+02 6.184292795769993489e+01
2.549998545935227980e+02 1.137887585371227175e+02 6.227284203569067955e+01
2.549998193434677205e+02 1.149202621722846374e+02 6.265444701476096157e+01
2.549996397884996782e+02 1.156796849526327406e+02 6.293836087243886368e+01
2.549998689138576822e+02 1.161196111478299144e+02 6.309523573474333347e+01
2.549996221634721394e+02 1.162288378497466397e+02 6.315972791363736860e+01
2.549997796871557512e+02 1.163733124036131272e+02 6.296436109275170878e+01
2.549996904604538486e+02 1.168637210839391969e+02 6.310661048689138397e+01
2.549998402731879139e+02 1.172376228244106642e+02 6.324097708746420210e+01
2.549998711169861281e+02 1.154310112359550544e+02 6.247759198061246622e+01
2.549997235073804802e+02 1.081190570610266519e+02 5.980385106851729660e+01
2.549995494602335384e+02 1.019244216787838724e+02 5.753187265917603099e+01
2.549995549680546389e+02 1.004577484027318803e+02 5.693623375192773750e+01
2.549996629213483175e+02 1.014929488874201411e+02 5.740525225820665156e+01
2.549996452963207787e+02 1.024952412425644468e+02 5.763909561577440144e+01
2.549996430931923328e+02 1.027338389513108581e+02 5.786679885437320792e+01
2.549995836087243788e+02 1.036269706983917160e+02 5.804604428288169515e+01
2.549998083278255194e+02 1.052930898876404484e+02 5.873032716457369418e+01
2.549997257105089261e+02 1.063408338841154404e+02 5.901315708305794061e+01
2.549996375853712323e+02 1.068909242123815773e+02 5.925274509803921319e+01
2.549998281559815041e+02 1.074992685613571268e+02 5.952558823529411569e+01
2.549996618197840803e+02 1.083948865388852170e+02 5.976291694205772131e+01
2.549997840934126430e+02 1.095535172945582758e+02 6.020759969156201663e+01
2.549997620621282124e+02 1.109572493941396800e+02 6.066623375192773437e+01
2.549998369684952593e+02 1.121349317030182817e+02 6.121175919806124455e+01
2.549995318352059996e+02 1.135179070279797315e+02 6.177930821766909020e+01
2.549996441947565415e+02 1.146514959242123837e+02 6.216310861423220757e+01
2.549996530072703251e+02 1.156130612469707017e+02 6.241993941396783185e+01
2.549998799294998832e+02 1.164093247411324086e+02 6.267575567305573969e+01
2.549998171403392746e+02 1.176468814716897953e+02 6.316690570610266775e+01
2.549996607182198716e+02 1.187765609165014382e+02 6.360771425424102432e+01
2.549997069839171502e+02 1.199993588896232666e+02 6.405259638686935375e+01
2.549999019607843138e+02 1.206218814716898038e+02 6.432005177351840075e+01
2.549997113901740420e+02 1.161510310641110379e+02 6.268298413747521636e+01
2.549998358669310505e+02 1.082975071601674415e+02 5.968475104648601359e+01
2.549998722185503368e+02 1.044891000220312804e+02 5.841912866270103422e+01
2.549995648821326313e+02 1.046211907909231087e+02 5.828013439083498781e+01
2.549994448116325145e+02 1.061208790482485114e+02 5.811639568186825500e+01
2.549996772416832016e+02 1.069872196519057042e+02 5.838050341484908756e+01
2.549993721083939135e+02 1.077360817360652163e+02 5.857100793126239324e+01
2.549996948667107404e+02 1.093379830359109945e+02 5.928438202247190958e+01
2.549995670852610772e+02 1.107875258867591981e+02 5.984510905485790033e+01
2.549998865388852209e+02 1.111290559594624341e+02 5.978931592861864175e+01
2.549996419916281241e+02 1.112921050892267090e+02 5.995351509142982849e+01
2.549998105309539653e+02 1.118916005728133882e+02 6.010672394800617013e+01
2.549999361092751826e+02 1.129964838070059443e+02 6.046349195858118719e+01
2.549998248512888210e+02 1.143498292575457214e+02 6.093099471249173860e+01
2.549991694205772319e+02 1.163542046706322992e+02 6.171892156862745082e+01
2.549994690460453910e+02 1.174107589777484009e+02 6.207243886318572379e+01
2.549997752808988878e+02 1.182136351619299433e+02 6.235647829918484319e+01
2.549999085701696515e+02 1.188977836527869556e+02 6.265095395461555228e+01
2.549998094293897282e+02 1.197091661158845568e+02 6.289480392156863076e+01
2.549997642652566583e+02 1.209348777263714538e+02 6.335639898656091873e+01
2.549998920467063215e+02 1.224279687155761138e+02 6.396202137034589441e+01
2.549998689138576822e+02 1.238783983256223848e+02 6.448189689358889609e+01
2.549998634060365816e+02 1.239377990746860547e+02 6.445622824410662588e+01
2.549997554527429031e+02 1.186184093412645950e+02 6.249393809209077233e+01
2.549998534919585893e+02 1.123543126239259777e+02 6.030194536241462799e+01
2.549997752808988878e+02 1.105537992949988961e+02 5.965093192333112881e+01
2.549995142101784609e+02 1.110208977748402788e+02 5.974591870456047360e+01
2.549997246089446890e+02 1.123633366380259986e+02 6.016524124256444139e+01
2.549997411324080190e+02 1.129649647499449259e+02 6.049990416391275261e+01
2.549994569288389528e+02 1.137488158184622193e+02 6.066694756554306878e+01
2.549998237497246123e+02 1.149819828155981440e+02 6.108430050671954348e+01
2.549998942498347674e+02 1.157807182198722131e+02 6.145289711390174148e+01
2.549995406477197548e+02 1.158815212601894729e+02 6.149122273628552193e+01
2.549996012337519176e+02 1.159595637805684021e+02 6.148960013218770371e+01
2.549996772416832016e+02 1.166190074906367045e+02 6.183932584269663124e+01
2.549998215465961664e+02 1.177616347213042474e+02 6.211366490416391173e+01
2.549996519057061164e+02 1.186151156642432198e+02 6.242463758537122942e+01
2.549997455386649108e+02 1.191227880590438417e+02 6.264205441727252577e+01
2.549998832341925663e+02 1.196254196959682758e+02 6.284444811632518224e+01
2.549997345230226813e+02 1.200659770874642049e+02 6.307870345891165442e+01
2.549998534919585893e+02 1.204860354703679235e+02 6.304618087684512062e+01
2.549998578982154527e+02 1.211668781669971366e+02 6.345967063229786476e+01
2.549998689138576822e+02 1.221950914298303559e+02 6.374735844899757353e+01
2.549998832341925663e+02 1.233270334875523275e+02 6.428661709627671428e+01
2.549999361092751826e+02 1.244075864727913654e+02 6.460653447896012835e+01
2.549997389292795731e+02 1.231693599911874912e+02 6.421617426745979174e+01
2.549998700154218909e+02 1.164418605419696036e+02 6.149746089447014441e+01
2.549998347653668134e+02 1.115568230887860750e+02 5.982679995593743172e+01
2.549998193434677205e+02 1.110097543511786711e+02 5.940008371888080774e+01
2.549997389292795731e+02 1.121820874641991566e+02 5.998154439303811358e+01
2.549997918043621894e+02 1.136217966512447646e+02 6.034684291694205882e+01
2.549997102886098332e+02 1.141305166336197345e+02 6.071343357567746324e+01
2.549997653668208955e+02 1.150177307777043438e+02 6.097103326723947703e+01
2.549997202026878256e+02 1.163720995814055925e+02 6.150712712051112874e+01
2.549995615774399766e+02 1.173307479621061873e+02 6.183323749724608831e+01
2.549997367261511272e+02 1.175666060806345001e+02 6.191671072923551122e+01
2.549997951090548440e+02 1.179556686494822628e+02 6.218040868032606028e+01
2.549994756554307003e+02 1.187880931923331076e+02 6.238099140779907259e+01
2.549997973121832899e+02 1.198232573254020679e+02 6.285622053315708513e+01
2.549995340383344455e+02 1.208414287287948952e+02 6.325978739810530982e+01
2.549996948667107404e+02 1.216762690019828170e+02 6.357037893809209095e+01
2.549997862965410889e+02 1.223316336197400318e+02 6.372383564661819833e+01
2.549997301167658179e+02 1.228197995153117432e+02 6.387836417713153025e+01
2.549997829918484342e+02 1.231078376294338028e+02 6.391080964970257838e+01
2.549998204450319577e+02 1.236258195637805670e+02 6.412257986340603111e+01
2.549998402731879139e+02 1.244114419475655495e+02 6.447597157964308678e+01
2.549995935228023711e+02 1.252999867812293502e+02 6.483102115003305244e+01
2.549998193434677205e+02 1.261018583388411543e+02 6.519374421678783449e+01
2.549996849526327480e+02 1.236346408900638920e+02 6.406849416170962286e+01
2.549998656091650275e+02 1.161966776823088736e+02 6.124284313725490136e+01
2.549997576558713490e+02 1.122179929499889823e+02 5.980886869354483082e+01
2.549998182419035118e+02 1.119996298744216858e+02 5.958605199383124074e+01
2.549996849526327480e+02 1.130104130865829433e+02 6.006371116986120029e+01
2.549994293897334217e+02 1.138110773298083274e+02 6.037427296761401152e+01
2.549991716237056494e+02 1.139619596827495087e+02 6.057162040096937972e+01
2.549996199603436935e+02 1.144396155540867994e+02 6.073194866710728945e+01
2.549995990306234717e+02 1.154687607402511560e+02 6.102463207755012320e+01
2.549998733201145740e+02 1.156111445252258250e+02 6.105620731438642679e+01
2.549996684291694180e+02 1.156162117206433066e+02 6.091008151575236695e+01
2.549998722185503368e+02 1.157819211280017555e+02 6.102732099581405834e+01
2.549997224058162715e+02 1.163000771094954899e+02 6.132219431592861980e+01
2.549998127340823828e+02 1.173283564661819725e+02 6.160394910773297994e+01
2.549997664683851042e+02 1.187227340823969968e+02 6.213195858118528037e+01
2.549996574135272169e+02 1.196485172945582747e+02 6.242478409341264722e+01
2.549997179995593797e+02 1.204041628111918953e+02 6.291501321877065322e+01
2.549997719762062047e+02 1.214908933685833858e+02 6.322458801498127201e+01
2.549998138356466200e+02 1.221124443710068306e+02 6.339046596166556213e+01
2.549996739369905185e+02 1.227402346331791136e+02 6.373161269001982987e+01
2.549996397884996782e+02 1.238322086362634877e+02 6.403937981934346624e+01
2.549998303591099500e+02 1.251433035910993681e+02 6.462402070940736110e+01
2.549998358669310505e+02 1.262832870676360386e+02 6.491174818241903210e+01
2.549996893588896114e+02 1.241145009914077946e+02 6.425281229345671363e+01
2.549997466402291195e+02 1.172478662701035432e+02 6.148472791363736434e+01
2.549996662260409721e+02 1.133608294778585588e+02 6.015728574575897625e+01
2.549996486010134333e+02 1.130191837409120978e+02 5.997030733641771150e+01
2.549998953513989761e+02 1.141484820445031971e+02 6.038290041859440294e+01
2.549997686715135501e+02 1.152987332011456232e+02 6.086252368363075504e+01
2.549997554527429031e+02 1.160123331130204889e+02 6.113936219431592889e+01
2.549998347653668134e+02 1.171137144745538734e+02 6.149227583168098477e+01
2.549996904604538486e+02 1.184569354483366368e+02 6.200226261291033580e+01
2.549996849526327480e+02 1.189918021590658697e+02 6.221702908129543630e+01
2.549996519057061164e+02 1.188420918704560449e+02 6.217914518616435515e+01
2.549997763824630965e+02 1.187857193214364457e+02 6.212653007270323968e+01
2.549999019607843138e+02 1.192129654108834558e+02 6.223473672615113372e+01
2.549997697730777588e+02 1.196581042079753274e+02 6.247790372328707065e+01
2.549995648821326313e+02 1.200681989424983414e+02 6.255134831460674150e+01
2.549998358669310505e+02 1.208004637585371199e+02 6.282331240361313007e+01
2.549998237497246123e+02 1.216085117867371679e+02 6.305794998898435466e+01
2.549997730777704419e+02 1.219909153998678164e+02 6.328522361753690006e+01
2.549997224058162715e+02 1.221191011235954988e+02 6.327573804802820234e+01
2.549997884996695348e+02 1.223697510464860159e+02 6.337924653007270592e+01
2.549999096717338603e+02 1.230525424102225145e+02 6.363318131747080741e+01
2.549998083278255194e+02 1.238148556950870187e+02 6.390062018065653149e+01
2.549997202026878256e+02 1.242824752148050180e+02 6.419645186164353845e+01
2.549997113901740420e+02 1.206860002203128488e+02 6.283459682749504083e+01
2.549996122493941471e+02 1.136082903723287103e+02 5.999767239480061676e+01
2.549998050231328364e+02 1.104040504516413250e+02 5.887571161048688850e+01
2.549994921788940303e+02 1.103106917823309061e+02 5.882409781890284250e+01
2.549997179995593797e+02 1.116190746860541907e+02 5.931152456488213431e+01
2.549997719762062047e+02 1.133481647940074879e+02 6.001686164353381514e+01
2.549993280458250808e+02 1.145399030623485288e+02 6.046961555408680056e+01
2.549996981714033950e+02 1.160399757655871298e+02 6.097217558933685666e+01
2.549997631636924496e+02 1.172058471028860964e+02 6.145045604758757207e+01
2.549997907027979807e+02 1.172699294998898409e+02 6.157078541528971272e+01
2.549996232650363481e+02 1.171464441506939806e+02 6.143227362855254370e+01
2.549997521480502201e+02 1.176971546596166576e+02 6.172853932584269643e+01
2.549996827495043021e+02 1.185968748623044746e+02 6.199256444150694279e+01
2.549998204450319577e+02 1.196173287067636011e+02 6.247598149372108622e+01
2.549997411324080190e+02 1.203734512007050057e+02 6.260753249614452187e+01
2.549996860541969568e+02 1.207357171183080027e+02 6.279260189469046338e+01
2.549996530072703251e+02 1.212533002864066987e+02 6.291648050231328426e+01
2.549997312183300266e+02 1.218719927296761369e+02 6.328642101784534191e+01
2.549997918043621894e+02 1.227329378717779207e+02 6.352264816038775308e+01
2.549999581405595848e+02 1.233986935448336624e+02 6.377389953734302708e+01
2.549995758977748324e+02 1.244210993610927574e+02 6.416323198942498607e+01
2.549997268120731349e+02 1.243915168539325862e+02 6.413144194756554839e+01
2.549998402731879139e+02 1.194476481603877573e+02 6.219315818462216328e+01
2.549998612029081357e+02 1.127927660277594129e+02 5.982109715796431004e+01
2.549999140779907520e+02 1.101968296981713991e+02 5.885608724388632140e+01
2.549997807887199883e+02 1.104221700815157590e+02 5.879132187706543533e+01
2.549996563119629798e+02 1.124756146728354196e+02 5.958095946243665963e+01
2.549997851949768801e+02 1.142609275170742507e+02 6.027813395020929477e+01
2.549998612029081357e+02 1.157444811632518196e+02 6.072822207534699146e+01
2.549998667107292363e+02 1.165532000440625637e+02 6.101583829037232931e+01
2.549998997576558679e+02 1.162642311081736040e+02 6.098794227803480794e+01
2.549998700154218909e+02 1.150123826834104364e+02 6.050412645957259627e+01
2.549994613350958446e+02 1.144630072703238568e+02 6.034346882573254334e+01
2.549997323198942638e+02 1.151268341044282835e+02 6.057051222736285467e+01
2.549996210619079022e+02 1.167014595725930803e+02 6.109342476316368931e+01
2.549996695307336552e+02 1.180713251817580982e+02 6.159920907688918135e+01
2.549996783432474103e+02 1.192429973562458656e+02 6.200236065212602199e+01
2.549997157964309338e+02 1.202828387309980229e+02 6.236358448997576431e+01
2.549995626790041854e+02 1.208726063009473393e+02 6.263313284864507580e+01
2.549997609605640037e+02 1.215157457589777437e+02 6.289540537563340195e+01
2.549997873981052976e+02 1.223174840273187982e+02 6.320804141881471594e+01
2.549997631636924496e+02 1.232347752808988730e+02 6.355830248953513717e+01
2.549998270544172669e+02 1.234898237497246072e+02 6.371737607402511827e+01
2.549997851949768801e+02 1.185837541308658274e+02 6.171453954615554238e+01
2.549998314606741587e+02 1.110274972460894531e+02 5.885772306675479371e+01
2.549996342806785776e+02 1.077361059704780786e+02 5.770484357788058816e+01
2.549998689138576822e+02 1.074567558933685802e+02 5.760356245869134284e+01
2.549996243666005853e+02 1.085353965631196331e+02 5.800634500991407805e+01
2.549996618197840803e+02 1.096467272526988381e+02 5.843549790702797964e+01
2.549998017184401817e+02 1.105214232209737872e+02 5.878923551443049433e+01
2.549998468825732516e+02 1.116421656752588660e+02 5.926447124917383036e+01
2.549996816479400650e+02 1.121546001321877100e+02 5.931443269442608823e+01
2.549997984137475271e+02 1.120609308217669025e+02 5.928854703679224514e+01
2.549998920467063215e+02 1.119429290592641593e+02 5.935636704119850293e+01
2.549996585150914257e+02 1.122451134611147836e+02 5.952259198061246792e+01
2.549997807887199883e+02 1.131783002864066958e+02 5.975367591980612758e+01
2.549997003745318409e+02 1.142833509583608702e+02 6.010803811412205278e+01
2.549998204450319577e+02 1.151322769332452083e+02 6.047288059043842168e+01
2.549995781009032783e+02 1.159272130425203784e+02 6.071914188147169256e+01
2.549996937651465032e+02 1.166659858999779686e+02 6.100075897774840428e+01
2.549997907027979807e+02 1.171373496364838047e+02 6.113175038554747687e+01
2.549997796871557512e+02 1.172142542410222461e+02 6.130533157083058171e+01
2.549997036792244955e+02 1.170920940735844908e+02 6.114691782330909575e+01
2.549998248512888210e+02 1.169973573474333506e+02 6.088692443269442833e+01
2.549996452963207787e+02 1.145733201145626765e+02 6.012208085481383790e+01
2.549998303591099500e+02 1.075522890504516482e+02 5.745709517514870868e+01
2.549997312183300266e+02 1.031784853491958529e+02 5.604629103326723794e+01
2.549996926635822945e+02 1.032661698612029113e+02 5.595039546155540933e+01
2.549996552103987710e+02 1.055259836968495222e+02 5.695017625027539054e+01
2.549997907027979807e+02 1.080526040978189002e+02 5.775132628332232088e+01
2.549998160387750659e+02 1.095321271205111202e+02 5.824859330248953171e+01
2.549997157964309338e+02 1.110039821546596102e+02 5.891723397224058090e+01
2.549996849526327480e+02 1.125210233531614961e+02 5.958541198501872316e+01
2.549996254681647940e+02 1.135863945803040309e+02 5.982700154218991173e+01
2.549995836087243788e+02 1.140810211500330524e+02 5.996061687596387202e+01
2.549994613350958446e+02 1.145657193214364327e+02 6.018134390834985936e+01
2.549998292575457128e+02 1.153779863406036554e+02 6.040438092090769118e+01
2.549998788279356745e+02 1.167272703238598837e+02 6.092955496805463866e+01
2.549999041639127597e+02 1.179748105309539596e+02 6.132028971139017415e+01
2.549995957259308170e+02 1.188792707644855682e+02 6.167258096497025832e+01
2.549991628111918942e+02 1.197423375192773705e+02 6.222108724388631629e+01
2.549995814055959329e+02 1.207457369464639783e+02 6.255200594844679785e+01
2.549996353822427864e+02 1.214234478960123340e+02 6.266484247631636606e+01
2.549998435778805970e+02 1.218212150253359738e+02 6.280172725269883216e+01
2.549997521480502201e+02 1.221679532936770158e+02 6.304539435999118524e+01
2.549999328045824996e+02 1.223196221634721326e+02 6.296654990085922066e+01
2.549997829918484342e+02 1.183052059925093573e+02 6.150300837188807890e+01
2.549997455386649108e+02 1.100092311081736085e+02 5.841075897774840087e+01
2.549997102886098332e+02 1.051276955276492657e+02 5.671024124256444310e+01
2.549996199603436935e+02 1.047168241903502945e+02 5.644570279797311940e+01
2.549996585150914257e+02 1.059427384886538874e+02 5.681041859440405517e+01
2.549997642652566583e+02 1.069943148270544242e+02 5.723864397444371122e+01
2.549995296320775537e+02 1.074213901740471471e+02 5.736627671293236119e+01
2.549996430931923328e+02 1.080009958140559547e+02 5.761381031064111369e+01
2.549995725930821777e+02 1.086770290812954443e+02 5.788256664463538215e+01
2.549997719762062047e+02 1.090917503855474706e+02 5.793787948887420214e+01
2.549996629213483175e+02 1.091446970698391681e+02 5.799293566864947991e+01
2.549997488433575654e+02 1.093624399647499388e+02 5.814858118528309916e+01
2.549997499449218026e+02 1.097465344789601289e+02 5.813834324741132065e+01
2.549997312183300266e+02 1.103515025335977100e+02 5.837335646618198126e+01
2.549995747962106236e+02 1.109341925534258593e+02 5.857875413086583194e+01
2.549998303591099500e+02 1.113399669530733576e+02 5.878626569729015472e+01
2.549996805463758562e+02 1.118396959682749525e+02 5.900194315928618494e+01
2.549997973121832899e+02 1.125349834765366808e+02 5.920192994051553370e+01
2.549997896012337435e+02 1.138598490857016969e+02 5.975723287067636136e+01
2.549997146948666966e+02 1.155887618418153835e+02 6.042868252919145533e+01
2.549997191011235884e+02 1.171831185283102030e+02 6.099034809429389981e+01
2.549995747962106236e+02 1.156477274730116704e+02 6.037446133509583746e+01
2.549997840934126430e+02 1.093553238598810253e+02 5.809418263934787063e+01
2.549995098039215691e+02 1.053471249173826862e+02 5.664848094293897418e+01
2.549996397884996782e+02 1.042625831680987005e+02 5.625660718219872081e+01
2.549994877726371385e+02 1.051295296320775492e+02 5.647527098479841356e+01
2.549998358669310505e+02 1.062597884996695257e+02 5.702159506499229025e+01
2.549997157964309338e+02 1.071877550121172078e+02 5.729197840934126162e+01
2.549997620621282124e+02 1.083850385547477373e+02 5.763749173826833783e+01
2.549996463978849874e+02 1.090929466842916895e+02 5.791804912976426323e+01
2.549997444371006736e+02 1.088605463758537155e+02 5.787028200044062487e+01
2.549996827495043021e+02 1.083083597708746453e+02 5.765402401410002398e+01
2.549996838510685109e+02 1.084097466402291303e+02 5.761577550121172209e+01
2.549997400308438102e+02 1.090976734963648340e+02 5.788486010134391080e+01
2.549996342806785776e+02 1.100891121392377130e+02 5.823396012337519068e+01
2.549998259528530582e+02 1.112778530513328974e+02 5.860223617536902196e+01
2.549992729676140186e+02 1.120917393699052695e+02 5.904172504957038825e+01
2.549996353822427864e+02 1.127032573254020775e+02 5.922024675038554875e+01
2.549996419916281241e+02 1.130652280237937930e+02 5.926915179554968205e+01
2.549996838510685109e+02 1.137040934126459604e+02 5.953811852831019991e+01
2.549997036792244955e+02 1.141336428728794914e+02 5.973996805463758619e+01
2.549997896012337435e+02 1.148776646838510658e+02 6.000452192112800276e+01
2.549995648821326313e+02 1.154483873099801770e+02 6.027369354483366237e+01
2.549995946243666083e+02 1.120623595505617942e+02 5.899026988323419118e+01
2.549997884996695348e+02 1.050902467503855462e+02 5.643204009693765499e+01
2.549996342806785776e+02 1.013350473672615095e+02 5.507770213703459206e+01
2.549996673276052093e+02 1.011565543071161102e+02 5.490385657633839855e+01
2.549997202026878256e+02 1.017501520158625254e+02 5.517009914077991084e+01
2.549996871557611939e+02 1.020721050892266959e+02 5.538956818682529359e+01
2.549998468825732516e+02 1.027932297862965356e+02 5.548610707204230152e+01
2.549994404053756227e+02 1.041600341484908512e+02 5.606508922670191453e+01
2.549997488433575654e+02 1.057248986560916535e+02 5.651678783873099832e+01
2.549995516633619843e+02 1.063105507821105959e+02 5.677204119850187425e+01
2.549996100462657012e+02 1.068819244326944329e+02 5.698356576338400714e+01
2.549991903502974253e+02 1.076366170962767086e+02 5.734726151134611172e+01
2.549991551002423478e+02 1.084442443269442578e+02 5.761805023132848902e+01
2.549997268120731349e+02 1.096949416170962763e+02 5.807207314386428720e+01
2.549995659836968400e+02 1.107137122714254218e+02 5.857854703679224428e+01
2.549997995153117358e+02 1.120733939193655004e+02 5.902823088786076511e+01
2.549997984137475271e+02 1.127952930160828373e+02 5.927433355364617995e+01
2.549996430931923328e+02 1.137216732760519875e+02 5.949868363075567146e+01
2.549998689138576822e+02 1.151256730557391563e+02 6.007951971799955970e+01
2.549998909451421127e+02 1.164885734743335490e+02 6.040346441947565381e+01
2.549998909451421127e+02 1.179921370345891205e+02 6.113307666886979774e+01
2.549998799294998832e+02 1.188577891606080641e+02 6.141212271425423808e+01
2.549996397884996782e+02 1.159236274509803906e+02 6.030763053536021090e+01
2.549997014760960496e+02 1.090663747521480502e+02 5.789881912315487966e+01
2.549996761401189644e+02 1.060883884115443863e+02 5.695406697510464511e+01
2.549995913196739252e+02 1.061017470808548069e+02 5.662187045604758850e+01
2.549993423661599365e+02 1.071318197840934090e+02 5.724380700594844740e+01
2.549997741793346506e+02 1.078353932584269614e+02 5.745903833443490072e+01
2.549995296320775537e+02 1.083918781669971310e+02 5.764003525005507811e+01
2.549995946243666083e+02 1.100506003525005525e+02 5.825305684071381052e+01
2.549995615774399766e+02 1.114753326723947993e+02 5.878237717558933895e+01
2.549997014760960496e+02 1.120185261070720486e+02 5.904456267900418709e+01
2.549997455386649108e+02 1.120228982154659576e+02 5.899591870456047360e+01
2.549994547257105069e+02 1.121360707204230067e+02 5.895911985018726398e+01
2.549998567966512439e+02 1.127438433575677408e+02 5.923487882793566683e+01
2.549997940074906353e+02 1.131279841374752095e+02 5.942421017845340714e+01
2.549995703899537318e+02 1.139297191011235952e+02 5.961255783212160964e+01
2.549997411324080190e+02 1.148715499008592218e+02 5.998132187706543306e+01
2.549998512888301434e+02 1.155724267459792856e+02 6.020852831020048512e+01
2.549996794448116191e+02 1.164074245428508476e+02 6.047486010134390710e+01
2.549997598589997665e+02 1.172278827935668630e+02 6.082081956378056731e+01
2.549998623044723445e+02 1.183648325622383766e+02 6.121741132408019581e+01
2.549998094293897282e+02 1.191069629874421736e+02 6.158849746640228773e+01
2.549998270544172669e+02 1.195793489755452725e+02 6.166055518836748206e+01
2.549996662260409721e+02 1.178166754791804323e+02 6.101669420577219682e+01
2.549996375853712323e+02 1.106281945362414660e+02 5.835319012998457566e+01
2.549995417492839920e+02 1.065242972020268724e+02 5.698155651024454471e+01
2.549996860541969568e+02 1.065972229565983724e+02 5.682407909231108079e+01
2.549997807887199883e+02 1.081148777263714464e+02 5.752965521039876506e+01
2.549994470147609604e+02 1.094066743776162127e+02 5.804407578761841791e+01
2.549995109054857778e+02 1.100024388631857306e+02 5.825161048689138710e+01
2.549994998898435767e+02 1.107907127120511177e+02 5.856999559374311559e+01
2.549996342806785776e+02 1.114370709407358504e+02 5.875906256884776724e+01
2.549996287728574487e+02 1.108730645516633615e+02 5.863623044723507149e+01
2.549997466402291195e+02 1.099685536461775683e+02 5.823906477197620291e+01
2.549996155540868017e+02 1.097899063670411977e+02 5.818059153998677857e+01
2.549995703899537318e+02 1.100968363075567282e+02 5.821905485789821455e+01
2.549994183740912206e+02 1.109472218550341438e+02 5.854703789380921108e+01
2.549997829918484342e+02 1.122467823309098947e+02 5.893826283322317749e+01
2.549998567966512439e+02 1.131996915620180602e+02 5.933534809429389867e+01
2.549994888742013757e+02 1.137045494602335367e+02 5.948692553425864560e+01
2.549998689138576822e+02 1.141205430711610518e+02 5.971791694205771961e+01
2.549997202026878256e+02 1.148384677241683249e+02 5.986621612690019845e+01
2.549996254681647940e+02 1.154155507821105999e+02 6.008336748182419029e+01
2.549997102886098332e+02 1.159309098920466994e+02 6.035450980392156595e+01
2.549995935228023711e+02 1.170629422780348108e+02 6.078274840273187607e+01
2.549993864287287977e+02 1.178853536021150035e+02 6.097807446574135071e+01
2.549998072262612823e+02 1.147156576338400527e+02 5.984168319012998438e+01
2.549997609605640037e+02 1.079069607843137248e+02 5.737008702357347545e+01
2.549997102886098332e+02 1.044701883674818248e+02 5.608686384666226132e+01
2.549998314606741587e+02 1.047373441286626985e+02 5.620542630535360473e+01
2.549987530293016107e+02 1.062309153998678113e+02 5.672051443049129915e+01
2.549994855695086926e+02 1.066064749944921743e+02 5.685081956378056844e+01
2.549994293897334217e+02 1.069588070059484437e+02 5.702154769773077447e+01
2.549998755232429914e+02 1.079618913857677853e+02 5.745714033928177855e+01
2.549997774840273053e+02 1.087002985239039390e+02 5.771852831020048313e+01
2.549997036792244955e+02 1.087852941176470551e+02 5.782762943379599108e+01
2.549998380700594964e+02 1.088864595725930826e+02 5.771751266798854374e+01
2.549997356245869184e+02 1.097106576338400572e+02 5.789354373209958027e+01
2.549998314606741587e+02 1.109299592421238145e+02 5.835554637585371296e+01
2.549997091870455961e+02 1.117152963207755079e+02 5.865938532716457132e+01
2.549997246089446890e+02 1.120332573254020758e+02 5.882045494602335367e+01
2.549998270544172669e+02 1.123908603216567457e+02 5.896962546816479289e+01
2.549998755232429914e+02 1.126631537783652846e+02 5.911291253580083804e+01
2.549996728354263098e+02 1.128355265476977252e+02 5.908925754571491495e+01
2.549996375853712323e+02 1.135022560035250052e+02 5.930348204450319116e+01
2.549998006168759730e+02 1.143141187486230450e+02 5.963813835646617889e+01
2.549997554527429031e+02 1.152518219872218594e+02 6.002009914077990516e+01
2.549995197179995614e+02 1.160886340603657203e+02 6.024883234192553516e+01
2.549996816479400650e+02 1.144035305133289313e+02 5.958732870676360704e+01
2.549996585150914257e+02 1.084979731218329988e+02 5.738775721524564943e+01
2.549996541088345339e+02 1.043410872438863208e+02 5.610179775280899150e+01
2.549996287728574487e+02 1.039040713813615326e+02 5.588814055959462479e+01
2.549996100462657012e+02 1.059790262172284656e+02 5.664259969156201890e+01
2.549996794448116191e+02 1.083794084600132237e+02 5.755407358448997712e+01
2.549996937651465032e+02 1.105446133509583575e+02 5.827216016743776095e+01
2.549994943820224762e+02 1.125020687376074022e+02 5.908619079092311210e+01
2.549996023353161547e+02 1.129264584710288659e+02 5.920719211280017902e+01
2.549997686715135501e+02 1.121641914518616403e+02 5.889677572152456264e+01
2.549997940074906353e+02 1.112269684952632787e+02 5.868602555628993400e+01
2.549996034368803635e+02 1.111872934567085309e+02 5.851991738268340981e+01
2.549995670852610772e+02 1.117641451861643560e+02 5.873685944040537521e+01
2.549997829918484342e+02 1.124953051332892642e+02 5.892123265036351398e+01
2.549996926635822945e+02 1.133333564661819821e+02 5.921201035470367913e+01
2.549995869134170619e+02 1.142614441506939897e+02 5.965798744216787952e+01
2.549998953513989761e+02 1.149300088125137762e+02 5.993411324080194191e+01
2.549995736946463865e+02 1.156097774840273189e+02 6.017141551002423228e+01
2.549997686715135501e+02 1.162813406036571990e+02 6.038366710729235365e+01
2.549997433355364649e+02 1.166542983035911050e+02 6.054542410222516224e+01
2.549995736946463865e+02 1.169560222515972612e+02 6.066662590879047912e+01
2.549997896012337435e+02 1.174629345670852558e+02 6.073286186384666507e+01
2.549997587574355578e+02 1.164801718440184999e+02 6.031229345670852382e+01
2.549996552103987710e+02 1.103175446133509610e+02 5.801741462877285471e+01
2.549995318352059996e+02 1.055141506939854565e+02 5.627902511566423982e+01
2.549996111478299099e+02 1.046113802599691525e+02 5.599324520819563844e+01
2.549993787177792512e+02 1.053196309759859020e+02 5.635589997796871842e+01
2.549996364838069951e+02 1.064445064992289076e+02 5.670521370345890944e+01
2.549997422339722277e+02 1.070954031725049589e+02 5.687359440405375466e+01
2.549996794448116191e+02 1.082364937210839457e+02 5.743313725490195765e+01
2.549997554527429031e+02 1.095239149592421199e+02 5.781478409341264779e+01
2.549997246089446890e+02 1.096823562458691299e+02 5.799092751707424753e+01
2.549995781009032783e+02 1.095418043621943127e+02 5.785265476977307486e+01
2.549996860541969568e+02 1.097336748182419086e+02 5.786769112139237592e+01
2.549997620621282124e+02 1.106456488213262901e+02 5.826627340823969803e+01
2.549996045384446006e+02 1.119469001982815541e+02 5.881676690901079496e+01
2.549995714915179690e+02 1.129819145186164349e+02 5.916277153558052504e+01
2.549995648821326313e+02 1.136658426966292126e+02 5.939210068296981859e+01
2.549997224058162715e+02 1.141857843137254918e+02 5.964304472350737996e+01
2.549995957259308170e+02 1.144700385547477453e+02 5.978773408239700160e+01
2.549998325622383675e+02 1.148315587133729849e+02 5.974036021150033093e+01
2.549997246089446890e+02 1.157612007050011016e+02 6.015011456267900769e+01
2.549985316148931531e+02 1.169299438202247217e+02 6.062491077329808320e+01
2.549997686715135501e+02 1.179543346552104026e+02 6.096690790923111081e+01
2.549996904604538486e+02 1.167241099361092722e+02 6.054302820004406271e+01
2.549996012337519176e+02 1.101041000220312895e+02 5.809473231989424846e+01
2.549999559374311389e+02 1.048229687155761241e+02 5.620765917602996353e+01
2.549998733201145740e+02 1.039208019387530300e+02 5.585566864948226140e+01
2.549995968274950542e+02 1.049225203789380885e+02 5.608432143643974399e+01
2.549994095615774370e+02 1.066087475214804954e+02 5.674434126459572525e+01
2.549998050231328364e+02 1.073282617316589551e+02 5.703136153337739245e+01
2.549997389292795731e+02 1.078861885877946634e+02 5.722359660718220198e+01
2.549997191011235884e+02 1.085605871337298964e+02 5.745886318572372886e+01
2.549997532496144572e+02 1.081770411985018683e+02 5.739002864066974752e+01
2.549996320775501317e+02 1.075113868693544816e+02 5.707094514210178460e+01
2.549997444371006736e+02 1.077641672174487724e+02 5.717320885657633767e+01
2.549996408900638869e+02 1.087810497907027951e+02 5.753338070059484721e+01
2.549996651244767634e+02 1.099719035029742287e+02 5.793434567085260767e+01
2.549996331791143405e+02 1.114196629213483192e+02 5.851685944040537635e+01
2.549998358669310505e+02 1.128220213703458938e+02 5.901903833443489589e+01
2.549995847102886160e+02 1.135429257545714847e+02 5.943456267900418766e+01
2.549997444371006736e+02 1.143370830579422801e+02 5.964307005948446516e+01
2.549996408900638869e+02 1.149646089447014816e+02 5.981408349856796747e+01
2.549997862965410889e+02 1.157213571271205126e+02 5.994487001542189830e+01
2.549997202026878256e+02 1.165025765587133719e+02 6.037475324961445011e+01
2.549997135933024879e+02 1.175040857016964111e+02 6.075273628552544380e+01
2.549998545935227980e+02 1.170980502313284859e+02 6.053415510024234436e+01
2.549997995153117358e+02 1.109193831240361305e+02 5.821518396122493755e+01
2.549996607182198716e+02 1.051343115223617559e+02 5.626700484688257120e+01
2.549997587574355578e+02 1.037121700815157510e+02 5.565210068296981660e+01
2.549996882573254027e+02 1.043904020709407376e+02 5.587984247631636947e+01
2.549997818902841971e+02 1.057788147168979975e+02 5.637118748623044695e+01
2.549996904604538486e+02 1.066076988323419243e+02 5.677056620400969678e+01
2.549996739369905185e+02 1.082361764705882337e+02 5.734413417052213902e+01
2.549995836087243788e+02 1.100425126679885466e+02 5.794600572813394734e+01
2.549996001321877088e+02 1.108836461775721460e+02 5.818471359330249015e+01
2.549996441947565415e+02 1.105087221855034159e+02 5.818320004406256629e+01
2.549996882573254027e+02 1.103553491958581247e+02 5.809672725269883387e+01
2.549998028200044189e+02 1.108549107732980872e+02 5.825991187486230416e+01
2.549995483586693013e+02 1.118897146948667114e+02 5.862724608944701288e+01
2.549997047807887327e+02 1.128875446133509541e+02 5.903740801938752725e+01
2.549997014760960496e+02 1.137166512447675757e+02 5.939660167437761373e+01
2.549996805463758562e+02 1.143187376074025110e+02 5.951142211940955917e+01
2.549996783432474103e+02 1.146498766248072201e+02 5.968346331791143200e+01
2.549998259528530582e+02 1.151202401410002238e+02 5.990077109495483398e+01
2.549994558272747440e+02 1.155954064771976135e+02 6.001651354923991732e+01
2.549996607182198716e+02 1.162968638466622622e+02 6.029576999339061416e+01
2.549997213042520343e+02 1.171670632297862937e+02 6.053609936109275225e+01
2.549996805463758562e+02 1.171319244326944329e+02 6.054432584269662954e+01
2.549998171403392746e+02 1.117529984578100937e+02 5.845987111698612182e+01
2.549996607182198716e+02 1.058679488874201411e+02 5.639381912315487710e+01
2.549996882573254027e+02 1.045809198061246974e+02 5.582364177131526617e+01
2.549996596166556628e+02 1.054532705441727245e+02 5.616433575677461931e+01
2.549997609605640037e+02 1.067593864287287886e+02 5.680151465080414397e+01
2.549996915620180573e+02 1.077696574135272130e+02 5.721347763824631016e+01
2.549995439524124379e+02 1.089352489535139910e+02 5.753661489314826838e+01
2.549996893588896114e+02 1.096797202026878182e+02 5.773072482925754656e+01
2.549996783432474103e+02 1.097846331791143371e+02 5.800460453844458897e+01
2.549995175148711155e+02 1.096501828596607169e+02 5.774188697951090887e+01
2.549995703899537318e+02 1.096439480061687561e+02 5.763074135272086096e+01
2.549997675699493414e+02 1.100027957699933836e+02 5.782025666446353540e+01
2.549995505617977472e+02 1.103966600572813377e+02 5.801463317911434103e+01
2.549993214364397431e+02 1.108689050451641265e+02 5.824335095836087106e+01
2.549996563119629798e+02 1.115098083278255103e+02 5.843264265256664203e+01
2.549996309759858946e+02 1.121106873760740257e+02 5.867634060365719506e+01
2.549998909451421127e+02 1.125136439744437098e+02 5.882271094954835888e+01
2.549997642652566583e+02 1.131385481383564695e+02 5.915753690240141083e+01
2.549999151795549608e+02 1.138319112139237745e+02 5.947276382463097377e+01
2.549999504296100383e+02 1.152869200264375422e+02 5.982132628332232116e+01
2.549996761401189644e+02 1.161001894690460432e+02 6.013598259528530576e+01
2.549997146948666966e+02 1.141374465741352680e+02 5.930523132848644963e+01
2.549997763824630965e+02 1.077472879488874185e+02 5.712032275831681005e+01
2.549996177572152476e+02 1.037090989204670564e+02 5.555786847323199140e+01
2.549998292575457128e+02 1.032932385988103050e+02 5.536506499228904943e+01
2.549996926635822945e+02 1.044640680766688661e+02 5.583149372108393749e+01
2.549997697730777588e+02 1.056050000000000040e+02 5.616802048909451628e+01
2.549998777263714373e+02 1.064969519717999589e+02 5.658992509363295653e+01
2.549992564441506886e+02 1.077474796210619132e+02 5.701962877285745890e+01
2.549998512888301434e+02 1.085310795329367721e+02 5.730836087243886112e+01
2.549995814055959329e+02 1.086590185062789118e+02 5.728772967614011691e+01
2.549997058823529414e+02 1.083170235734743301e+02 5.723010795329367539e+01
2.549994844679444839e+02 1.085563306895791982e+02 5.726064882132628497e+01
2.549994602335316074e+02 1.093896981714033956e+02 5.757512337519277423e+01
2.549997554527429031e+02 1.107035415289711437e+02 5.802859220092531700e+01
2.549998567966512439e+02 1.121120632297863011e+02 5.861885767790262491e+01
2.549998523903943521e+02 1.128426613791584003e+02 5.889514650804142093e+01
2.549997995153117358e+02 1.137137034589116524e+02 5.917890614672835170e+01
2.549998039215686276e+02 1.144011015642211930e+02 5.944722626129103560e+01
2.549998039215686276e+02 1.150173441286626996e+02 5.971123595505618198e+01
2.549997069839171502e+02 1.158695990306234904e+02 5.994796100462657051e+01
2.549996441947565415e+02 1.170706091650143179e+02 6.049648380700595141e+01
2.549994481163251692e+02 1.171691462877285801e+02 6.062774619960343614e+01
2.549997510464860113e+02 1.123678541528971095e+02 5.857456157743996528e+01
2.549995626790041854e+02 1.072396871557611746e+02 5.668654769773078073e+01
2.549997587574355578e+02 1.058162921348314569e+02 5.624338620841594860e+01
2.549998149372108287e+02 1.066905430711610450e+02 5.662307116104869209e+01
2.549996078431372553e+02 1.078931912315487978e+02 5.702570389953734065e+01
2.549999107732980974e+02 1.089814716897995197e+02 5.734853712271425508e+01
2.549993897334214523e+02 1.102639557171183071e+02 5.786226040978188934e+01
2.549998755232429914e+02 1.116575137695527644e+02 5.839831130204890997e+01
2.549997719762062047e+02 1.121237783652786959e+02 5.849581405595946393e+01
2.549996331791143405e+02 1.122251674377616268e+02 5.861331791143423686e+01
2.549992839832562197e+02 1.124047873981053129e+02 5.875795439524124220e+01
2.549994580304031615e+02 1.129513901740471482e+02 5.893748733201145740e+01
2.549996232650363481e+02 1.136847047807887208e+02 5.918213593302489528e+01
2.549997124917382791e+02 1.140882540207094138e+02 5.938858669310420879e+01
2.549995483586693013e+02 1.145279510905485836e+02 5.947970257766027657e+01
2.549997763824630965e+02 1.149342388191231521e+02 5.959004626569728913e+01
2.549998325622383675e+02 1.154289336858338828e+02 5.975654218990967337e+01
2.549994723507380456e+02 1.162436384666225990e+02 6.008829257545714597e+01
2.549997984137475271e+02 1.170300572813394950e+02 6.026299515311742994e+01
2.549996838510685109e+02 1.177752258206653408e+02 6.059954174928398629e+01
2.549997918043621894e+02 1.165695946243666015e+02 6.022012227362855441e+01
2.549997135933024879e+02 1.112714893148270505e+02 5.819905706102665732e+01
2.549996629213483175e+02 1.081959495483586693e+02 5.703652676801057453e+01
2.549998028200044189e+02 1.079705562899317073e+02 5.688287398105309478e+01
2.549996838510685109e+02 1.092501398986560872e+02 5.745318021590658475e+01
2.549997444371006736e+02 1.105434567085261079e+02 5.796078541528971328e+01
2.549994459131967517e+02 1.116122956598369740e+02 5.835247521480502542e+01
2.549995946243666083e+02 1.125689061467283523e+02 5.885268341044282892e+01
2.549995626790041854e+02 1.129229235514430485e+02 5.881718440185062491e+01
2.549997235073804802e+02 1.124652203128442380e+02 5.865457479621061765e+01
2.549991462877285642e+02 1.122264089006389014e+02 5.862471249173826493e+01
2.549996089447014640e+02 1.128467492839832573e+02 5.884730557391495864e+01
2.549996673276052093e+02 1.137708757435558482e+02 5.919349526327384581e+01
2.549998105309539653e+02 1.145521579643093162e+02 5.955891385767790069e+01
2.549997951090548440e+02 1.153256400088125133e+02 5.979215686274509522e+01
2.549997510464860113e+02 1.161863681427627171e+02 6.005077219651905551e+01
2.549997488433575654e+02 1.168713108614232254e+02 6.027483807005948790e+01
2.549996937651465032e+02 1.176303084379819381e+02 6.056629323639567986e+01
2.549998369684952593e+02 1.186173727693324480e+02 6.102168319012998410e+01
2.549997653668208955e+02 1.199524377616214963e+02 6.141568957920246419e+01
2.549997851949768801e+02 1.202359892046706307e+02 6.148279576999338758e+01
2.549999063670412056e+02 1.162903778365278669e+02 6.003769993390614701e+01
2.549995340383344455e+02 1.114270136593963372e+02 5.834923771755893540e+01
2.549997543511786660e+02 1.100885525446133499e+02 5.780873099801718240e+01
2.549996794448116191e+02 1.106444514210178482e+02 5.794484027318792840e+01
2.549997113901740420e+02 1.115573485349195835e+02 5.837516964089006422e+01
2.549997411324080190e+02 1.121179224498788329e+02 5.863779356686494992e+01
2.549997840934126430e+02 1.130682209737827719e+02 5.888678233090989522e+01
2.549997367261511272e+02 1.144330502313284796e+02 5.950194205772196199e+01
2.549994492178894063e+02 1.149339347873981012e+02 5.960437210839391753e+01
2.549995990306234717e+02 1.151919200264375434e+02 5.976808658294778809e+01
2.549999151795549608e+02 1.158735040757876220e+02 5.980587684512006774e+01
2.549997730777704419e+02 1.169687166776823091e+02 6.035895020929720545e+01
2.549998325622383675e+02 1.184665091429830426e+02 6.097151575236836152e+01
2.549997268120731349e+02 1.197737860762282480e+02 6.144332562238378159e+01
2.549996871557611939e+02 1.206890801938752986e+02 6.180539986781229089e+01
2.549998017184401817e+02 1.212021766909010836e+02 6.206359660718219828e+01
2.549996508041418792e+02 1.217511246970698409e+02 6.217480722626129364e+01
2.549998457810090429e+02 1.219869971359330236e+02 6.226714694866710431e+01
2.549998171403392746e+02 1.222853998678122878e+02 6.243031394580304294e+01
2.549996981714033950e+02 1.229727935668649508e+02 6.273065543071160732e+01
2.549996959682749491e+02 1.227518341044282835e+02 6.252210178453403699e+01
2.549996122493941471e+02 1.178151795549680543e+02 6.049888631857237442e+01
2.549999239920687444e+02 1.126746353822427835e+02 5.871446243666005671e+01
2.549997003745318409e+02 1.109254185944040501e+02 5.802649702577659951e+01
2.549996860541969568e+02 1.108980425203789366e+02 5.804456488213262588e+01
2.549992817801277738e+02 1.113426613791584003e+02 5.833503745318351719e+01
2.549997598589997665e+02 1.114992564441506886e+02 5.833273738708966505e+01
2.549998281559815041e+02 1.118596199603436929e+02 5.839218219872218896e+01
2.549996904604538486e+02 1.129984809429389685e+02 5.888990196078431438e+01
2.549996287728574487e+02 1.139744304912976389e+02 5.921806014540647567e+01
2.549997686715135501e+02 1.142048876404494422e+02 5.939376845120070669e+01
2.549996783432474103e+02 1.141334302709848032e+02 5.929853932584269671e+01
2.549997587574355578e+02 1.144171315267680171e+02 5.940939413967834071e+01
2.549997179995593797e+02 1.150045814055959426e+02 5.963530072703238716e+01
2.549998700154218909e+02 1.157321458471028848e+02 5.988767900418594081e+01
2.549998270544172669e+02 1.163931284423881891e+02 6.004911985018726739e+01
2.549997488433575654e+02 1.170595417492839800e+02 6.031130975985900022e+01
2.549997918043621894e+02 1.176080799735624538e+02 6.053744106631416599e+01
2.549996474994492246e+02 1.181027506058603223e+02 6.081561246970698420e+01
2.549997543511786660e+02 1.185500903282661369e+02 6.087070059484467777e+01
2.549995626790041854e+02 1.188560189469045980e+02 6.101339502092972111e+01
2.549995076007931232e+02 1.190872009253139510e+02 6.102783873099802037e+01
2.549995494602335384e+02 1.169781879268561369e+02 6.034216347213042297e+01
2.549998127340823828e+02 1.112642795769993427e+02 5.808936880370125522e+01
2.549997653668208955e+02 1.080002137034589111e+02 5.693719431592862179e+01
2.549998347653668134e+02 1.079494216787838781e+02 5.688652456488213005e+01
2.549997851949768801e+02 1.087170731438642832e+02 5.711704009693765016e+01
2.549997598589997665e+02 1.088893897334214529e+02 5.732717669090107648e+01
2.549998457810090429e+02 1.092715598149372056e+02 5.748562899317030173e+01
2.549994624366600533e+02 1.110389325842696593e+02 5.815907578761841989e+01
2.549997499449218026e+02 1.126731813174708066e+02 5.875486891385767763e+01
2.549997962106190812e+02 1.133088235294117680e+02 5.894091650143203509e+01
2.549997807887199883e+02 1.132154593522802344e+02 5.894331240361312751e+01
2.549998325622383675e+02 1.131117008151575192e+02 5.893815377836527603e+01
2.549998391716237052e+02 1.135813615333773896e+02 5.905847213042520139e+01
2.549998028200044189e+02 1.145190361313064500e+02 5.942698391716236728e+01
2.549997973121832899e+02 1.157915521039876694e+02 5.983361643533817897e+01
2.549997664683851042e+02 1.167753458911654576e+02 6.021875523243004835e+01
2.549997532496144572e+02 1.178716369244326927e+02 6.066520709407358680e+01
2.549996497025776705e+02 1.187880480282000377e+02 6.099046816479400945e+01
2.549997554527429031e+02 1.193886957479621032e+02 6.121218109715796629e+01
2.549998512888301434e+02 1.200467371667768219e+02 6.150972460894470117e+01
2.549998997576558679e+02 1.209021623705662023e+02 6.174464529632077614e+01
2.549998303591099500e+02 1.217282892707644919e+02 6.212823970037452881e+01
2.549998105309539653e+02 1.195186682088565817e+02 6.128383234192553175e+01
2.549996662260409721e+02 1.137844117647058795e+02 5.912546375853712277e+01
2.549996717338620726e+02 1.103796111478299196e+02 5.789063560255562635e+01
2.549995703899537318e+02 1.098284897554527362e+02 5.760834765366821131e+01
2.549993489755452742e+02 1.103234148490857081e+02 5.790618307997356595e+01
2.549995957259308170e+02 1.106305959462436590e+02 5.795345340383344279e+01
2.549995175148711155e+02 1.108776955276492657e+02 5.800856245869134398e+01
2.549996607182198716e+02 1.121971260189469035e+02 5.860328045825071541e+01
2.549997962106190812e+02 1.136643291473892958e+02 5.909247080854813561e+01
2.549995703899537318e+02 1.140111720643313475e+02 5.920182419035029397e+01
2.549997191011235884e+02 1.139648314606741621e+02 5.917323198942498408e+01
2.549998094293897282e+02 1.140253525005507811e+02 5.932355474774179527e+01
2.549998556950870352e+02 1.148962029081295384e+02 5.946808107512668329e+01
2.549995758977748324e+02 1.157670334875523253e+02 5.992870456047587879e+01
2.549995296320775537e+02 1.164888554747741836e+02 6.015563119629874222e+01
2.549997554527429031e+02 1.168977913637365020e+02 6.025049350077109267e+01
2.549996430931923328e+02 1.171856521260189510e+02 6.038789380920907490e+01
2.549998700154218909e+02 1.173463417052214197e+02 6.043410883454505722e+01
2.549995461555408554e+02 1.175057413527208610e+02 6.044938422560035463e+01
2.549997774840273053e+02 1.179349449217889401e+02 6.066073694646397740e+01
2.549997356245869184e+02 1.187107721965190592e+02 6.094659616655651035e+01
2.549999261951971903e+02 1.198431647940074924e+02 6.128267239480061335e+01
2.549998259528530582e+02 1.203394205772196557e+02 6.145364177131526873e+01
2.549997179995593797e+02 1.166278552544613376e+02 6.011519277373870551e+01
2.549998567966512439e+02 1.112602720863626331e+02 5.814752808988764343e+01
2.549998292575457128e+02 1.094936792244987913e+02 5.746356796651244991e+01
2.549997213042520343e+02 1.097799504296100395e+02 5.764414408460013561e+01
2.549995615774399766e+02 1.110164485569508770e+02 5.800734082397003988e+01
2.549997047807887327e+02 1.117295450539766506e+02 5.823164904163913036e+01
2.549994976867151308e+02 1.127112315487992902e+02 5.863708085481383847e+01
2.549995979290592629e+02 1.140428916060806301e+02 5.916296871557612036e+01
2.549996133509583558e+02 1.145983245208195598e+02 5.936367151354924232e+01
2.549995825071601701e+02 1.146609903062348508e+02 5.953811522361753816e+01
2.549995758977748324e+02 1.149974454725710444e+02 5.961818241903502980e+01
2.549997620621282124e+02 1.159308889623265060e+02 5.990102445472570736e+01
2.549996210619079022e+02 1.172822637144745528e+02 6.050588235294117823e+01
2.549999107732980974e+02 1.187632264816038798e+02 6.091068076668869935e+01
2.549998171403392746e+02 1.196751277814496603e+02 6.122987332011456374e+01
2.549997003745318409e+02 1.205480898876404439e+02 6.160105419695968010e+01
2.549997907027979807e+02 1.213613725490196060e+02 6.195886208415950591e+01
2.549999041639127597e+02 1.222969795109054871e+02 6.230170522141440870e+01
2.549999625468164766e+02 1.233886010134390858e+02 6.265428728794888968e+01
2.549998226481603751e+02 1.243556124697069833e+02 6.316118528310200730e+01
2.549998501872659062e+02 1.254602048909451355e+02 6.349668759638687021e+01
2.549998424763163598e+02 1.258037177792465258e+02 6.353673386208416218e+01
2.549993699052654677e+02 1.216755948446794378e+02 6.212702357347433235e+01
2.549998138356466200e+02 1.157133113020489077e+02 5.979490746860542316e+01
2.549998160387750659e+02 1.132053271645736885e+02 5.890231658955717364e+01
2.549997290152015808e+02 1.135492718660497928e+02 5.914782991848424842e+01
2.549998601013438986e+02 1.147992806785635622e+02 5.966292465300727343e+01
2.549998964529632133e+02 1.156067283542630548e+02 5.997649261951971766e+01
2.549997785855915424e+02 1.167238103106411131e+02 6.014425534258647588e+01
2.549997774840273053e+02 1.178315377836527915e+02 6.058353602115003156e+01
2.549997664683851042e+02 1.179543555849305960e+02 6.064029081295439738e+01
2.549996805463758562e+02 1.175962183300286341e+02 6.046316699713593579e+01
2.549997444371006736e+02 1.176933267239480045e+02 6.048701255783212360e+01
2.549997488433575654e+02 1.184150429610046302e+02 6.083357457589777795e+01
2.549998755232429914e+02 1.196622890504516477e+02 6.135877395902181064e+01
2.549995681868252859e+02 1.208032220753469943e+02 6.176292465300726775e+01
2.549998402731879139e+02 1.216809825952853004e+02 6.207735404274069424e+01
2.549997543511786660e+02 1.223941110376734969e+02 6.229911654549460565e+01
2.549994701476095997e+02 1.231240207094073611e+02 6.258470808548138109e+01
2.549997510464860113e+02 1.240277770434016276e+02 6.288299625468165033e+01
2.549998678122934450e+02 1.246361874862304404e+02 6.310197400308437921e+01
2.549998788279356745e+02 1.253150154218990906e+02 6.344191341705221276e+01
2.549998028200044189e+02 1.263796045384445961e+02 6.387350848204450671e+01
2.549997752808988878e+02 1.274939050451641265e+02 6.429452632738488660e+01
2.549997598589997665e+02 1.263303018285966033e+02 6.385605309539545971e+01
2.549997444371006736e+02 1.195475875743555889e+02 6.122836527869574752e+01
2.549998435778805970e+02 1.149839722405816218e+02 5.968871998237496967e+01
2.549996232650363481e+02 1.143177087464199104e+02 5.924388301387971012e+01
2.549998512888301434e+02 1.150815366820885686e+02 5.967858228684732325e+01
2.549995461555408554e+02 1.160351068517294522e+02 6.000023793787178050e+01
2.549995902181097165e+02 1.166319123154879946e+02 6.028900308437982147e+01
2.549997554527429031e+02 1.176343710068296957e+02 6.061819012998457623e+01
2.549998204450319577e+02 1.188740790923110779e+02 6.093716347213042184e+01
2.549998171403392746e+02 1.195750693985459350e+02 6.122213483146067148e+01
2.549998799294998832e+02 1.196199030623485413e+02 6.119252478519497629e+01
2.549998424763163598e+02 1.199688477638246269e+02 6.130945582727473209e+01
2.549998601013438986e+02 1.206955012117206394e+02 6.170215796430932187e+01
2.549997257105089261e+02 1.218891969596827494e+02 6.213943599911874571e+01
2.549998127340823828e+02 1.229998160387750659e+02 6.264704119850187425e+01
2.549997951090548440e+02 1.236986065212601886e+02 6.283836527869574695e+01
2.549997179995593797e+02 1.242155518836748200e+02 6.301675038554747488e+01
2.549998512888301434e+02 1.247947179995593814e+02 6.318444701476096270e+01
2.549996860541969568e+02 1.252981923331130218e+02 6.347036241462877371e+01
2.549998215465961664e+02 1.262185624586913377e+02 6.381640449438202012e+01
2.549996805463758562e+02 1.268414155100242340e+02 6.406491848424762736e+01
2.549998248512888210e+02 1.275805893368583384e+02 6.441493280458250581e+01
2.549998116325181741e+02 1.278708184622163486e+02 6.437934346772416916e+01
2.549998623044723445e+02 1.232175137695527667e+02 6.270651795549680685e+01
2.549995725930821777e+02 1.160809517514871061e+02 6.000037343027098302e+01
2.549996045384446006e+02 1.131035261070720424e+02 5.875509142983035815e+01
2.549995142101784609e+02 1.132930854813835708e+02 5.879238929279576809e+01
2.549997697730777588e+02 1.140601421017845354e+02 5.919186715135492705e+01
2.549997367261511272e+02 1.143344315928618613e+02 5.927218550341484615e+01
2.549996397884996782e+02 1.147812238378497511e+02 5.948211610486891487e+01
2.549997224058162715e+02 1.160096441947565609e+02 6.000342145847103126e+01
2.549998336638026046e+02 1.171072306675479240e+02 6.030153007270323684e+01
2.549997213042520343e+02 1.174907336417713140e+02 6.044291584049349808e+01
2.549997940074906353e+02 1.175632374972460923e+02 6.040356576338400174e+01
2.549998237497246123e+02 1.180659286186384662e+02 6.063209076889182825e+01
2.549996706322978639e+02 1.189284743335536518e+02 6.100105199383123988e+01
2.549999239920687444e+02 1.201209098920467113e+02 6.143025446133509604e+01
2.549998490857016975e+02 1.217727120511125776e+02 6.199903062348534633e+01
2.549991793346552242e+02 1.237418043621943156e+02 6.280198942498347492e+01
2.549998589997796898e+02 1.246590548578982123e+02 6.311473892927957507e+01
2.549998523903943521e+02 1.252378012778144978e+02 6.338024785194976829e+01
2.549998876404494297e+02 1.256637122714254247e+02 6.354417162370566530e+01
2.549997521480502201e+02 1.263309958140559530e+02 6.372562348534919607e+01
2.549999427186604919e+02 1.271422725269883216e+02 6.402286957479620355e+01
2.549998556950870352e+02 1.285495042961004515e+02 6.451463868693544157e+01
2.549998501872659062e+02 1.285171194095615874e+02 6.447737497246089333e+01
2.549997246089446890e+02 1.223849735624586970e+02 6.220303040317250520e+01
2.549997752808988878e+02 1.154668979951531185e+02 5.975696629213483391e+01
2.549998039215686276e+02 1.135956763604318098e+02 5.912992178894029394e+01
2.549992619519717891e+02 1.142261478299184887e+02 5.921157633840052625e+01
2.549995582727472936e+02 1.154290625688477689e+02 5.967969817140339472e+01
2.549997730777704419e+02 1.160005067195417467e+02 5.986538003965630850e+01
2.549997708746419960e+02 1.167088389513108666e+02 6.010992068737607497e+01
2.549994051553205452e+02 1.182297047807887225e+02 6.067350077109495743e+01
2.549995516633619843e+02 1.191108493060145435e+02 6.100283542630535294e+01
2.549996816479400650e+02 1.190203668208856556e+02 6.098463648380700874e+01
2.549997036792244955e+02 1.190028596607182152e+02 6.085230006609385356e+01
2.549995241242564532e+02 1.191975952853051268e+02 6.091851839612249364e+01
2.549997069839171502e+02 1.198788488653888464e+02 6.123378387309980297e+01
2.549998909451421127e+02 1.205487849746640165e+02 6.161045384445912987e+01
2.549996243666005853e+02 1.211717272526988296e+02 6.179981934346772476e+01
2.549997763824630965e+02 1.214812899317030173e+02 6.188232209737827816e+01
2.549998259528530582e+02 1.217906256884776326e+02 6.207917823309099248e+01
2.549998347653668134e+02 1.222292994051553165e+02 6.215423551443048922e+01
2.549997422339722277e+02 1.229216237056620429e+02 6.238372218550341586e+01
2.549997995153117358e+02 1.237868418153778407e+02 6.259111257986340604e+01
2.549998160387750659e+02 1.250547047807887253e+02 6.312693544833663850e+01
2.549998645076007904e+02 1.253213978849966992e+02 6.332925534258647104e+01
2.549998766248072286e+02 1.202018671513549180e+02 6.143142432253800678e+01
2.549997422339722277e+02 1.136200088125137739e+02 5.898773848865388914e+01
2.549998490857016975e+02 1.116737409120951696e+02 5.827300506719542028e+01
2.549996596166556628e+02 1.127562293456708460e+02 5.855976096056399882e+01
2.549998512888301434e+02 1.144319310420797535e+02 5.925484357788059242e+01
2.549998755232429914e+02 1.155124851288830143e+02 5.974340713813615622e+01
2.549996530072703251e+02 1.168577362855254478e+02 6.009025776602776148e+01
2.549995781009032783e+02 1.184182903723287126e+02 6.069384225600352778e+01
2.549994811632518292e+02 1.186751894690460460e+02 6.088078761841815378e+01
2.549996486010134333e+02 1.185613251817580931e+02 6.069834765366820761e+01
2.549998160387750659e+02 1.187271612690019822e+02 6.087720863626349654e+01
2.549997411324080190e+02 1.195065036351619341e+02 6.114660167437761373e+01
2.549998281559815041e+02 1.210786571932143687e+02 6.170856135712712387e+01
2.549997466402291195e+02 1.225253260630094729e+02 6.228789821546595817e+01
2.549997146948666966e+02 1.236469762062128268e+02 6.268947675699493516e+01
2.549998182419035118e+02 1.246424840273187868e+02 6.313962546816479460e+01
2.549998931482705302e+02 1.254294855695086994e+02 6.343883234192553289e+01
2.549996188587794563e+02 1.262383509583608685e+02 6.357884556069618753e+01
2.549996827495043021e+02 1.269858878607622756e+02 6.396641991628111867e+01
2.549998116325181741e+02 1.277254318131747084e+02 6.424171513549239876e+01
2.549996992729676037e+02 1.278241077329808348e+02 6.429612359550561962e+01
2.549996089447014640e+02 1.227660024234412930e+02 6.225305243445692582e+01
2.549996342806785776e+02 1.147112524785194978e+02 5.930092531394580391e+01
