2.550000000000000000e+02 2.204269691582455550e+02 1.680712151793829889e+02
2.550000000000000000e+02 2.205495731522572100e+02 1.681615694451870411e+02
2.550000000000000000e+02 1.683545220018178838e+02 1.342497816749541073e+02
2.550000000000000000e+02 1.692465792029799161e+02 1.344156095724393651e+02
2.550000000000000000e+02 1.702249549983068562e+02 1.343824275071735315e+02
2.550000000000000000e+02 1.708527353009321246e+02 1.342305267425903139e+02
2.550000000000000000e+02 1.715641318683277063e+02 1.340403678554242504e+02
2.550000000000000000e+02 1.720002740202106679e+02 1.339971417241440861e+02
2.550000000000000000e+02 1.722836677271025962e+02 1.340050760573170123e+02
2.550000000000000000e+02 1.708982594147106511e+02 1.336539024488050131e+02
2.550000000000000000e+02 1.652108162237787212e+02 1.320613927801244074e+02
2.550000000000000000e+02 1.607568126325544995e+02 1.307905393965317558e+02
2.549999944304835253e+02 1.608206838475111056e+02 1.305913645760929569e+02
2.549999922026769354e+02 1.628891744194336013e+02 1.314831366180113719e+02
2.550000000000000000e+02 1.681813000142579710e+02 1.336789541339178982e+02
2.550000000000000000e+02 1.726428948564401367e+02 1.357127922882247049e+02
2.550000000000000000e+02 1.743818560747830020e+02 1.362757166853802460e+02
2.550000000000000000e+02 1.749794997237519851e+02 1.363948319342707975e+02
2.550000000000000000e+02 1.747988480012119226e+02 1.363625565862874112e+02
2.550000000000000000e+02 1.739937031046712548e+02 1.358441927765599075e+02
2.550000000000000000e+02 1.715724772318166345e+02 1.351373732378049795e+02
2.550000000000000000e+02 1.719407726478818006e+02 1.348340985848972480e+02
2.550000000000000000e+02 1.727148797430002389e+02 1.349812853107344495e+02
2.550000000000000000e+02 1.735297802046017637e+02 1.351304882015363091e+02
2.550000000000000000e+02 1.741495660232761225e+02 1.353453835391826487e+02
2.550000000000000000e+02 1.743224282200716573e+02 1.351734993494804655e+02
2.549999877470637557e+02 1.747811603307847292e+02 1.352059473524746522e+02
2.550000000000000000e+02 1.746985922490153200e+02 1.348603354631164279e+02
2.550000000000000000e+02 1.749506407171755029e+02 1.349357121852109174e+02
2.550000000000000000e+02 1.729792747152863228e+02 1.344200752107504968e+02
2.550000000000000000e+02 1.728283163128909905e+02 1.340738094601579178e+02
2.550000000000000000e+02 1.728383225061932933e+02 1.339307185567377871e+02
2.550000000000000000e+02 1.726404420413837215e+02 1.336319652373059625e+02
2.550000000000000000e+02 1.727754259566201540e+02 1.335984512288581243e+02
2.550000000000000000e+02 1.717036348892334559e+02 1.333045612112138940e+02
2.550000000000000000e+02 1.670039532427952622e+02 1.321541631021761134e+02
2.550000000000000000e+02 1.623241703648256191e+02 1.305974308934395651e+02
2.550000000000000000e+02 1.621104256892833462e+02 1.306034459712345495e+02
2.550000000000000000e+02 1.641843944376124966e+02 1.314858077581136797e+02
2.550000000000000000e+02 1.663836717371544580e+02 1.323159129996970194e+02
2.550000000000000000e+02 1.713822247767737679e+02 1.345499852964765068e+02
2.550000000000000000e+02 1.753551268513072898e+02 1.359482357999607984e+02
2.550000000000000000e+02 1.755295496266196267e+02 1.358513651998788134e+02
2.550000000000000000e+02 1.748939341282147382e+02 1.356373019479940751e+02
2.550000000000000000e+02 1.713036478105116771e+02 1.342966636368497007e+02
2.550000000000000000e+02 1.710937550125648272e+02 1.339352866741521098e+02
2.549999944304835253e+02 1.719685411431321143e+02 1.341336438895720846e+02
2.550000000000000000e+02 1.728885149886827435e+02 1.343758276301484500e+02
2.550000000000000000e+02 1.736164129194959855e+02 1.345369403749843968e+02
2.550000000000000000e+02 1.742605520059170487e+02 1.347003744942878996e+02
2.550000000000000000e+02 1.746943026074248451e+02 1.348348638364611816e+02
2.550000000000000000e+02 1.747850634479316909e+02 1.345419852430091510e+02
2.550000000000000000e+02 1.750298214190236763e+02 1.346160731789908880e+02
2.550000000000000000e+02 1.752113642642000286e+02 1.346273737279224463e+02
2.550000000000000000e+02 1.728827527669357949e+02 1.336876414657185137e+02
2.550000000000000000e+02 1.730805363221586504e+02 1.337235993779964076e+02
2.550000000000000000e+02 1.729432889554260555e+02 1.334207970200858995e+02
2.550000000000000000e+02 1.732034310449303973e+02 1.333745377301324311e+02
2.550000000000000000e+02 1.734424568696643973e+02 1.334250577001907061e+02
2.550000000000000000e+02 1.737021890427560606e+02 1.335322697784669117e+02
2.550000000000000000e+02 1.724789527972339442e+02 1.330154019408651038e+02
2.550000000000000000e+02 1.676972210340587139e+02 1.318903896879288595e+02
2.550000000000000000e+02 1.630431782334384820e+02 1.307381358160010052e+02
2.550000000000000000e+02 1.625208767755618453e+02 1.304970258782013559e+02
2.550000000000000000e+02 1.636045788108859540e+02 1.307721388279955193e+02
2.550000000000000000e+02 1.663286850148817564e+02 1.321473794311073107e+02
2.550000000000000000e+02 1.707995441907715417e+02 1.342287734588034027e+02
2.550000000000000000e+02 1.747084725712452666e+02 1.357302761143488681e+02
2.550000000000000000e+02 1.758766329822310013e+02 1.359594249585628063e+02
2.550000000000000000e+02 1.762461358694683611e+02 1.360184050241494162e+02
2.550000000000000000e+02 1.733598475734730755e+02 1.347432152150279023e+02
2.549999977721934101e+02 1.731441569088738106e+02 1.347778230765117939e+02
2.550000000000000000e+02 1.731093296084407029e+02 1.343929962216400327e+02
2.549999988860967051e+02 1.733865678857224282e+02 1.341471210055427719e+02
2.550000000000000000e+02 1.736619905006326974e+02 1.341338510755850280e+02
2.550000000000000000e+02 1.743324076796948816e+02 1.342083879145947947e+02
2.550000000000000000e+02 1.749643361581920828e+02 1.344929189167513357e+02
2.550000000000000000e+02 1.753071209609866514e+02 1.344678237894098913e+02
2.549999944304835253e+02 1.756897523124632414e+02 1.345775644281665961e+02
2.550000000000000000e+02 1.732405618973783135e+02 1.335563913543281842e+02
2.550000000000000000e+02 1.734824370867418679e+02 1.336129642748934998e+02
2.550000000000000000e+02 1.735952175675916465e+02 1.334386874209128564e+02
2.550000000000000000e+02 1.740161293197169812e+02 1.335685317863444368e+02
2.550000000000000000e+02 1.739722370742661610e+02 1.332750828744051717e+02
2.550000000000000000e+02 1.740018791548592958e+02 1.333120834001675235e+02
2.550000000000000000e+02 1.739749850736958479e+02 1.331771117378673637e+02
2.550000000000000000e+02 1.737782341068277958e+02 1.331133964693721055e+02
2.550000000000000000e+02 1.719103675435313505e+02 1.326123895007930855e+02
2.550000000000000000e+02 1.632236751234204917e+02 1.302561119873817006e+02
2.550000000000000000e+02 1.590138402484449784e+02 1.292382694843964543e+02
2.550000000000000000e+02 1.590230310645351040e+02 1.292731357714448563e+02
2.550000000000000000e+02 1.630424074123581022e+02 1.303057653406761744e+02
2.550000000000000000e+02 1.652082898911048119e+02 1.314846960826248790e+02
2.550000000000000000e+02 1.702258327541036067e+02 1.337682591028177228e+02
2.550000000000000000e+02 1.742461392111782459e+02 1.352549769199237062e+02
2.550000000000000000e+02 1.756686237947566269e+02 1.358625833199664896e+02
2.550000000000000000e+02 1.761858258033470577e+02 1.358994902778520384e+02
2.550000000000000000e+02 1.753773469942433394e+02 1.354455936213441589e+02
2.550000000000000000e+02 1.728815486374734860e+02 1.345952086563652870e+02
2.550000000000000000e+02 1.724192286442460329e+02 1.339877181022652337e+02
2.549999944304835253e+02 1.727941662656614881e+02 1.338922588176584725e+02
2.550000000000000000e+02 1.733537567502539787e+02 1.339785183749487487e+02
2.550000000000000000e+02 1.740923837976082211e+02 1.341433537845978492e+02
2.550000000000000000e+02 1.741321679677057261e+02 1.339487326008305388e+02
2.550000000000000000e+02 1.743941000998057405e+02 1.339666241155607906e+02
2.550000000000000000e+02 1.746603753408544151e+02 1.339888565114331129e+02
2.550000000000000000e+02 1.747359837548343364e+02 1.340044990554100082e+02
2.550000000000000000e+02 1.725650062824145721e+02 1.333698103245468758e+02
2.550000000000000000e+02 1.722493049243436758e+02 1.329349792368425653e+02
2.550000000000000000e+02 1.722342917357286751e+02 1.328310119588657869e+02
2.550000000000000000e+02 1.724686948617868723e+02 1.329552299987524293e+02
2.550000000000000000e+02 1.723059268566540254e+02 1.326723765349587438e+02
2.550000000000000000e+02 1.723872016966975025e+02 1.326817778787716691e+02
2.549999966582901152e+02 1.723236189826943985e+02 1.326293921206936375e+02
2.550000000000000000e+02 1.696133998110819903e+02 1.320326551890071016e+02
2.550000000000000000e+02 1.632674259031527981e+02 1.304041998609848747e+02
2.550000000000000000e+02 1.603760125380954946e+02 1.295040000267336779e+02
2.550000000000000000e+02 1.606655349409185760e+02 1.296441702757133498e+02
2.550000000000000000e+02 1.622841411360031429e+02 1.303810997344454563e+02
2.549999988860967051e+02 1.673389507476518929e+02 1.326600578784152162e+02
2.550000000000000000e+02 1.717140610240781200e+02 1.344493263112869670e+02
2.550000000000000000e+02 1.728665343349551904e+02 1.350447120782762056e+02
2.550000000000000000e+02 1.738775920529683390e+02 1.352159290399044664e+02
2.550000000000000000e+02 1.739229446256393885e+02 1.352102225133222930e+02
2.550000000000000000e+02 1.731733846174410587e+02 1.347459776952004233e+02
2.549999777219341013e+02 1.730921855228216373e+02 1.346202113297331948e+02
2.550000000000000000e+02 1.733455417134506149e+02 1.344396732253292726e+02
2.550000000000000000e+02 1.740091250957956959e+02 1.345708086046801668e+02
2.550000000000000000e+02 1.747300689283359247e+02 1.347865126361189709e+02
2.550000000000000000e+02 1.755943910513464914e+02 1.349827890801832098e+02
2.550000000000000000e+02 1.761873462813452420e+02 1.352059573776043067e+02
2.550000000000000000e+02 1.746474618599511643e+02 1.347725687946675350e+02
2.550000000000000000e+02 1.746447394802972894e+02 1.344272142169705262e+02
2.550000000000000000e+02 1.743350286941488889e+02 1.339758416653299946e+02
2.550000000000000000e+02 1.744175488780765875e+02 1.339304189167513357e+02
2.550000000000000000e+02 1.742647937496658415e+02 1.335897059740861437e+02
2.550000000000000000e+02 1.745157695289525748e+02 1.335960529950631894e+02
2.550000000000000000e+02 1.750890498850451706e+02 1.338655429610222996e+02
2.550000000000000000e+02 1.733729637847760614e+02 1.334359550161293271e+02
2.550000000000000000e+02 1.734210766098130421e+02 1.331893914077955401e+02
2.550000000000000000e+02 1.739630651945320778e+02 1.333054211445579256e+02
2.550000000000000000e+02 1.727001149548200942e+02 1.330636105615854774e+02
2.550000000000000000e+02 1.678585053200021378e+02 1.316661342208914789e+02
2.550000000000000000e+02 1.654397122119445953e+02 1.311143410593665806e+02
2.550000000000000000e+02 1.655878257053235529e+02 1.309588891710777148e+02
2.550000000000000000e+02 1.677176700707551333e+02 1.314335979967563048e+02
2.550000000000000000e+02 1.699594305280792810e+02 1.325818507280471863e+02
2.550000000000000000e+02 1.743235944768219099e+02 1.344170621023365300e+02
2.550000000000000000e+02 1.756813178367106900e+02 1.349035437719439017e+02
2.550000000000000000e+02 1.755233919692028053e+02 1.345482476073357248e+02
2.550000000000000000e+02 1.749407615088488512e+02 1.344220167441943374e+02
2.549999966582901152e+02 1.741483050847457719e+02 1.339912090751929270e+02
2.550000000000000000e+02 1.713939486089575723e+02 1.328676025682154318e+02
2.550000000000000000e+02 1.720872787788055405e+02 1.330023436525334546e+02
2.550000000000000000e+02 1.732081016414478825e+02 1.333100438432337000e+02
2.550000000000000000e+02 1.740305989235238542e+02 1.334336336416617712e+02
2.550000000000000000e+02 1.745968683722753951e+02 1.336202982141902282e+02
2.550000000000000000e+02 1.745444057548699845e+02 1.333109160295139759e+02
2.550000000000000000e+02 1.747103873710100004e+02 1.334008514676789900e+02
2.550000000000000000e+02 1.744182239034736028e+02 1.330178736922775329e+02
2.550000000000000000e+02 1.745858385018446199e+02 1.329468902047799759e+02
2.549999944304835253e+02 1.748363397583275400e+02 1.331046033167584426e+02
2.550000000000000000e+02 1.728481950311001754e+02 1.325397084246733925e+02
2.550000000000000000e+02 1.726565022990963882e+02 1.321982291165410288e+02
2.550000000000000000e+02 1.725901637883405613e+02 1.320291575326596387e+02
2.550000000000000000e+02 1.726771295603200826e+02 1.320878368443565307e+02
2.550000000000000000e+02 1.719196820028872423e+02 1.316802106168350974e+02
2.550000000000000000e+02 1.678684034646848033e+02 1.307102492470013715e+02
2.550000000000000000e+02 1.633744987435170799e+02 1.295861960648024365e+02
2.550000000000000000e+02 1.628190620043130252e+02 1.294280774920244426e+02
2.550000000000000000e+02 1.641056492719528137e+02 1.297170396014899438e+02
2.550000000000000000e+02 1.669099732217647727e+02 1.310089880856903619e+02
2.550000000000000000e+02 1.710521640913222541e+02 1.327881667825126044e+02
2.549999955443868203e+02 1.749989362223529099e+02 1.341880123955158695e+02
2.550000000000000000e+02 1.757656848723021312e+02 1.344670206651339299e+02
2.550000000000000000e+02 1.751838787003867424e+02 1.340860111568554203e+02
2.550000000000000000e+02 1.723875971323673468e+02 1.332861094031260620e+02
2.550000000000000000e+02 1.721285444402858786e+02 1.328050312784045275e+02
2.550000000000000000e+02 1.722404059509169656e+02 1.325318386978916010e+02
2.550000000000000000e+02 1.727729564330143148e+02 1.326324865440481915e+02
2.550000000000000000e+02 1.733063891265215943e+02 1.327221156588069562e+02
2.550000000000000000e+02 1.737796799533051626e+02 1.328673909265893087e+02
2.550000000000000000e+02 1.741072454953750821e+02 1.328681216471510709e+02
2.550000000000000000e+02 1.742417727102603919e+02 1.329312966725480862e+02
2.550000000000000000e+02 1.741633817658486123e+02 1.326317179507743731e+02
2.550000000000000000e+02 1.743342868345541774e+02 1.327453706179044275e+02
2.550000000000000000e+02 1.743160856547077913e+02 1.326953407652961232e+02
2.550000000000000000e+02 1.744604775971769186e+02 1.327073742625960051e+02
2.550000000000000000e+02 1.721258577055374417e+02 1.320233540964907490e+02
2.550000000000000000e+02 1.718257320572457161e+02 1.316435130727690819e+02
2.550000000000000000e+02 1.718982660981304207e+02 1.315425522197865007e+02
2.550000000000000000e+02 1.719918595947174254e+02 1.316144424245664766e+02
2.550000000000000000e+02 1.713738292876365676e+02 1.314621818692188526e+02
2.550000000000000000e+02 1.669737642356841150e+02 1.303689726692687429e+02
2.550000000000000000e+02 1.618405725908499448e+02 1.291561302553957375e+02
2.550000000000000000e+02 1.610558622502628907e+02 1.289047189399205138e+02
2.550000000000000000e+02 1.623855119053984311e+02 1.292432508599333403e+02
2.549999966582901152e+02 1.676825420164323077e+02 1.313105673777825189e+02
2.550000000000000000e+02 1.720787908356948037e+02 1.332396273325134928e+02
2.550000000000000000e+02 1.739962305512484591e+02 1.341676780908588569e+02
2.550000000000000000e+02 1.751304547844374326e+02 1.344404607549591049e+02
2.550000000000000000e+02 1.758741189024933647e+02 1.346318917196884684e+02
2.550000000000000000e+02 1.753326761303890748e+02 1.342946341050455317e+02
2.550000000000000000e+02 1.745098502468409833e+02 1.337378996685023651e+02
2.550000000000000000e+02 1.726044373451674403e+02 1.331178732467162149e+02
2.550000000000000000e+02 1.728103457110267414e+02 1.328142399169473720e+02
2.550000000000000000e+02 1.733678765884260997e+02 1.328670433887611750e+02
2.550000000000000000e+02 1.741032454686414042e+02 1.330770375519078925e+02
2.550000000000000000e+02 1.742648728367998103e+02 1.328128620185709963e+02
2.549999944304835253e+02 1.744795732413694793e+02 1.329282044770001221e+02
2.550000000000000000e+02 1.746183254914541294e+02 1.329281465540287570e+02
2.550000000000000000e+02 1.745132933219269660e+02 1.325885085280436329e+02
2.550000000000000000e+02 1.747179530021921607e+02 1.326799443939474941e+02
2.550000000000000000e+02 1.748098444545438213e+02 1.326844011210322662e+02
2.550000000000000000e+02 1.725406140280525449e+02 1.320401729223475797e+02
2.550000000000000000e+02 1.724570857616425315e+02 1.317123478408098549e+02
2.550000000000000000e+02 1.724918072412625349e+02 1.316532296512145876e+02
2.550000000000000000e+02 1.725490128588996299e+02 1.316246179311696949e+02
2.550000000000000000e+02 1.722029765723858930e+02 1.312725576556345572e+02
2.550000000000000000e+02 1.697839540002495085e+02 1.306971898447664273e+02
2.550000000000000000e+02 1.643399087044859073e+02 1.293047294106114862e+02
2.550000000000000000e+02 1.615573537667753783e+02 1.287101746154805824e+02
2.550000000000000000e+02 1.617874271507244828e+02 1.287396607496123693e+02
2.550000000000000000e+02 1.642420890587962674e+02 1.296993909176781017e+02
2.550000000000000000e+02 1.693073470833556087e+02 1.317121128072145382e+02
2.550000000000000000e+02 1.733775842556452744e+02 1.333770473542568880e+02
2.550000000000000000e+02 1.747201830365895034e+02 1.339180256286870190e+02
2.550000000000000000e+02 1.754441577999964466e+02 1.340450997166230138e+02
2.550000000000000000e+02 1.753185585200235153e+02 1.340109028854550957e+02
2.550000000000000000e+02 1.745840651677983999e+02 1.335619519595786642e+02
2.550000000000000000e+02 1.723395812169170824e+02 1.329332292947655390e+02
2.550000000000000000e+02 1.726291225560961777e+02 1.327625614874619089e+02
2.550000000000000000e+02 1.733561772621148123e+02 1.327973520290862552e+02
2.550000000000000000e+02 1.740067625069061990e+02 1.329795632162398249e+02
2.550000000000000000e+02 1.740383004509080536e+02 1.327136756135379301e+02
2.550000000000000000e+02 1.744434404462742236e+02 1.327630616300415340e+02
2.550000000000000000e+02 1.747365551872248659e+02 1.328464306082803148e+02
2.550000000000000000e+02 1.746517292234757406e+02 1.325923737724785667e+02
2.550000000000000000e+02 1.748800548931544085e+02 1.325770219572617634e+02
2.550000000000000000e+02 1.750124567805521281e+02 1.326643486339089861e+02
2.550000000000000000e+02 1.728079575023614609e+02 1.319395050259316804e+02
2.550000000000000000e+02 1.726263689871500162e+02 1.317276294801190488e+02
2.550000000000000000e+02 1.727056666488442147e+02 1.316215847724963908e+02
2.550000000000000000e+02 1.727141401112121173e+02 1.315889396086189436e+02
2.550000000000000000e+02 1.725122997201874853e+02 1.313218066620328273e+02
2.550000000000000000e+02 1.719079047033452810e+02 1.311323428505230879e+02
2.550000000000000000e+02 1.675613627047354157e+02 1.300552830205492967e+02
2.550000000000000000e+02 1.627223128196902451e+02 1.288818170881676792e+02
2.550000000000000000e+02 1.618959970771177552e+02 1.286782735390044365e+02
2.550000000000000000e+02 1.627009080539663728e+02 1.288061139924076315e+02
2.550000000000000000e+02 1.652465246217184358e+02 1.301351454312142550e+02
2.550000000000000000e+02 1.695348629453385456e+02 1.319606636190272582e+02
2.550000000000000000e+02 1.733667437487746952e+02 1.332898688267479486e+02
2.550000000000000000e+02 1.748544830152025611e+02 1.338314140779554009e+02
2.550000000000000000e+02 1.752638736655438549e+02 1.338673686485234100e+02
2.550000000000000000e+02 1.747214105580210060e+02 1.337379475663440758e+02
2.550000000000000000e+02 1.739864326578623661e+02 1.332894589103352416e+02
2.550000000000000000e+02 1.719687973408900632e+02 1.326454668591491668e+02
2.550000000000000000e+02 1.722359291735728561e+02 1.323862504232832578e+02
2.550000000000000000e+02 1.730422536937033158e+02 1.324799397155536553e+02
2.550000000000000000e+02 1.736697243312124499e+02 1.326399942522589868e+02
2.550000000000000000e+02 1.742650176442282088e+02 1.327510648915503850e+02
2.550000000000000000e+02 1.743313695218236035e+02 1.325553754745228048e+02
2.550000000000000000e+02 1.744187775134113849e+02 1.326304503288242529e+02
2.550000000000000000e+02 1.748019702721488500e+02 1.327244136413053184e+02
2.550000000000000000e+02 1.746353927177458161e+02 1.324203603699941141e+02
2.550000000000000000e+02 1.746715388796806110e+02 1.323726919923719834e+02
2.550000000000000000e+02 1.750188984833092718e+02 1.324641924646669793e+02
2.550000000000000000e+02 1.725276582188240866e+02 1.315175105598032417e+02
2.550000000000000000e+02 1.727319881837138382e+02 1.315602109287280257e+02
2.550000000000000000e+02 1.729740683312837461e+02 1.315408045055160358e+02
2.550000000000000000e+02 1.721183344026804889e+02 1.314275717799283427e+02
2.550000000000000000e+02 1.673280467482935023e+02 1.299174976385250204e+02
2.550000000000000000e+02 1.636219289686146681e+02 1.291926039048993857e+02
2.550000000000000000e+02 1.633810284446345520e+02 1.291088974139620973e+02
2.550000000000000000e+02 1.646454245308239308e+02 1.293336363150296791e+02
2.550000000000000000e+02 1.697772850612201125e+02 1.313535206027553386e+02
2.550000000000000000e+02 1.717768573223547151e+02 1.324051745263683131e+02
2.550000000000000000e+02 1.760054046587891321e+02 1.339041887219519253e+02
2.550000000000000000e+02 1.761648153593897632e+02 1.339283693346878295e+02
2.550000000000000000e+02 1.757654966226452018e+02 1.337900270010158863e+02
2.550000000000000000e+02 1.724528250815377248e+02 1.325175540020317726e+02
2.550000000000000000e+02 1.722544923719902386e+02 1.322824780783831500e+02
2.550000000000000000e+02 1.728906091268780472e+02 1.322564884866955310e+02
2.550000000000000000e+02 1.737645887914594880e+02 1.324786275374717093e+02
2.550000000000000000e+02 1.744554394125719625e+02 1.326832103584095250e+02
2.550000000000000000e+02 1.747693785756295881e+02 1.326918286282058261e+02
2.550000000000000000e+02 1.746517927159635803e+02 1.323732322354702546e+02
2.550000000000000000e+02 1.747652615890498851e+02 1.323027087900336767e+02
2.550000000000000000e+02 1.749088604323727054e+02 1.324311095367944517e+02
2.550000000000000000e+02 1.729029121887754172e+02 1.318133922365395847e+02
2.550000000000000000e+02 1.726726995669143889e+02 1.313988598085868489e+02
2.550000000000000000e+02 1.727097335097756172e+02 1.314166588693435926e+02
2.550000000000000000e+02 1.728869098540341156e+02 1.313755547238411054e+02
2.550000000000000000e+02 1.726547456735995922e+02 1.310198118840114887e+02
2.550000000000000000e+02 1.725013790122796706e+02 1.310001269849756795e+02
2.550000000000000000e+02 1.703121602594949024e+02 1.306155385054091198e+02
2.550000000000000000e+02 1.649602158299025234e+02 1.292490554100055249e+02
2.550000000000000000e+02 1.621829006932934192e+02 1.286327795006148733e+02
2.550000000000000000e+02 1.625168422178260244e+02 1.286953229428434042e+02
2.550000000000000000e+02 1.647619889411680845e+02 1.294748224438147304e+02
2.550000000000000000e+02 1.694408818104047612e+02 1.314160016663993247e+02
2.550000000000000000e+02 1.737429902065622400e+02 1.332209638827995377e+02
2.550000000000000000e+02 1.748873142009303194e+02 1.336395798802331285e+02
2.550000000000000000e+02 1.752752009481544917e+02 1.337128981090377522e+02
2.550000000000000000e+02 1.749927752232262321e+02 1.335757454240852553e+02
2.550000000000000000e+02 1.740858652355237268e+02 1.331244798071610660e+02
2.550000000000000000e+02 1.715873734605856384e+02 1.321186719153789966e+02
2.550000000000000000e+02 1.720883559232921698e+02 1.321274650679926594e+02
2.550000000000000000e+02 1.727802580691154617e+02 1.323491864050330662e+02
2.550000000000000000e+02 1.736263556203104770e+02 1.325935734463276958e+02
2.550000000000000000e+02 1.744129306350139927e+02 1.327376178509686611e+02
2.550000000000000000e+02 1.747297793134791277e+02 1.326211759699869788e+02
2.550000000000000000e+02 1.749941453242795149e+02 1.325422726300593581e+02
2.550000000000000000e+02 1.750335852982587426e+02 1.325748843768379288e+02
2.550000000000000000e+02 1.747127065176709664e+02 1.322452971002869333e+02
2.550000000000000000e+02 1.747248814806893620e+02 1.321981299791477227e+02
2.550000000000000000e+02 1.721320187046641479e+02 1.312480428719100303e+02
2.550000000000000000e+02 1.721140202552175253e+02 1.311247048156267283e+02
2.550000000000000000e+02 1.721868550499919763e+02 1.311192789926749640e+02
2.550000000000000000e+02 1.722554280507583542e+02 1.310872397921901893e+02
2.550000000000000000e+02 1.717579521556256452e+02 1.309795944055320831e+02
2.550000000000000000e+02 1.671121154805824460e+02 1.296422421091090484e+02
2.550000000000000000e+02 1.608854417294908217e+02 1.279879186048584074e+02
2.550000000000000000e+02 1.590949468890908634e+02 1.275478688802152902e+02
2.550000000000000000e+02 1.595833099413641207e+02 1.278371796414122485e+02
2.550000000000000000e+02 1.634721568732288972e+02 1.292036638507191242e+02
2.550000000000000000e+02 1.677007665882478875e+02 1.313374113332976947e+02
2.550000000000000000e+02 1.694199092391594945e+02 1.325980090092498642e+02
2.550000000000000000e+02 1.733511145716373392e+02 1.338148481081466343e+02
2.550000000000000000e+02 1.744946666310217722e+02 1.343452053146554022e+02
2.550000000000000000e+02 1.747510303605482136e+02 1.344128604591063834e+02
2.550000000000000000e+02 1.746221049653353248e+02 1.343280055338715613e+02
2.550000000000000000e+02 1.744619769110124992e+02 1.340525394767327896e+02
2.550000000000000000e+02 1.726908305708531657e+02 1.334126755511593387e+02
2.550000000000000000e+02 1.732417704824538021e+02 1.332283902760698027e+02
2.550000000000000000e+02 1.742943678821579567e+02 1.335448357215420003e+02
2.550000000000000000e+02 1.751337786718708287e+02 1.337661348892334559e+02
2.550000000000000000e+02 1.756668047906752861e+02 1.336284887451211034e+02
2.550000000000000000e+02 1.761839444206811720e+02 1.337272774866777070e+02
2.550000000000000000e+02 1.763521371348624882e+02 1.336225260207809811e+02
2.550000000000000000e+02 1.770976614714217021e+02 1.337519259387977115e+02
2.550000000000000000e+02 1.747990351369655571e+02 1.328024837815680144e+02
2.550000000000000000e+02 1.748092719082500253e+02 1.325618316580227827e+02
2.550000000000000000e+02 1.751873986348001324e+02 1.326125131440588802e+02
2.550000000000000000e+02 1.751232478301163837e+02 1.323242605909925373e+02
2.550000000000000000e+02 1.752997781104635635e+02 1.323482997380099562e+02
2.550000000000000000e+02 1.728015503306064886e+02 1.316380382380723120e+02
2.550000000000000000e+02 1.693685003742715196e+02 1.304730112370564541e+02
2.550000000000000000e+02 1.629863769626976193e+02 1.288037993013598452e+02
2.550000000000000000e+02 1.595174905095439328e+02 1.278987395070309532e+02
2.550000000000000000e+02 1.591947336880001558e+02 1.275337234222673715e+02
2.550000000000000000e+02 1.608409011923220930e+02 1.284056635299149889e+02
2.549999988860967051e+02 1.652937351850861774e+02 1.303151666844891281e+02
2.550000000000000000e+02 1.700749088827104458e+02 1.326257051007859786e+02
2.550000000000000000e+02 1.743157938120444044e+02 1.340546681459302363e+02
2.550000000000000000e+02 1.755084489564953856e+02 1.345586169331123472e+02
2.549999944304835253e+02 1.758581143399454731e+02 1.346647652337414627e+02
2.550000000000000000e+02 1.753839078846530981e+02 1.343624741574435575e+02
2.550000000000000000e+02 1.733947071771017079e+02 1.338524278636225802e+02
2.550000000000000000e+02 1.739354170008376457e+02 1.336715823219091419e+02
2.550000000000000000e+02 1.744309669571726431e+02 1.334715887825482525e+02
2.550000000000000000e+02 1.755745034219109186e+02 1.337059506941845370e+02
2.550000000000000000e+02 1.763720058279420471e+02 1.339562971181094042e+02
2.550000000000000000e+02 1.765997979379422134e+02 1.338323230230444381e+02
2.550000000000000000e+02 1.771423690940847280e+02 1.339428890641430030e+02
2.550000000000000000e+02 1.748657579443583074e+02 1.329942110445739445e+02
2.550000000000000000e+02 1.746569589994475109e+02 1.325615554100055249e+02
2.550000000000000000e+02 1.745925107825839007e+02 1.323204488139157604e+02
2.550000000000000000e+02 1.746727474647560996e+02 1.322718291628793850e+02
2.550000000000000000e+02 1.746585775009356780e+02 1.321814036072644285e+02
2.550000000000000000e+02 1.725872297670605349e+02 1.315449393145484578e+02
2.550000000000000000e+02 1.723837073820599244e+02 1.312854210108895074e+02
2.550000000000000000e+02 1.726399452405140096e+02 1.311724155215740666e+02
2.550000000000000000e+02 1.723736098486873800e+02 1.311996025593042248e+02
2.550000000000000000e+02 1.683544763317827915e+02 1.303286449143631103e+02
2.550000000000000000e+02 1.627473533657702092e+02 1.286203773013241971e+02
2.550000000000000000e+02 1.614576159796111199e+02 1.282937986775740171e+02
2.550000000000000000e+02 1.620978441515621284e+02 1.283782670783653259e+02
2.550000000000000000e+02 1.643699395373291168e+02 1.296618445793010039e+02
2.550000000000000000e+02 1.685711973569302700e+02 1.313474943859274049e+02
2.550000000000000000e+02 1.731848734160295180e+02 1.332039033399276491e+02
2.550000000000000000e+02 1.743185930510256867e+02 1.334640755048209826e+02
2.550000000000000000e+02 1.749117721755868047e+02 1.338705555258514721e+02
2.550000000000000000e+02 1.739793493468071119e+02 1.333090446719777447e+02
2.550000000000000000e+02 1.738834968543370962e+02 1.332096967509668559e+02
2.550000000000000000e+02 1.739698343848580464e+02 1.330369336915646272e+02
2.550000000000000000e+02 1.747778910246128135e+02 1.332072071771017079e+02
2.550000000000000000e+02 1.756076476144646961e+02 1.333754522447379145e+02
2.550000000000000000e+02 1.763120978809103576e+02 1.336108021885972050e+02
2.549999977721934101e+02 1.750582214974424744e+02 1.332272630059348728e+02
2.550000000000000000e+02 1.751239206277067808e+02 1.330023536776631090e+02
2.550000000000000000e+02 1.750654529576360403e+02 1.327100041882764003e+02
2.550000000000000000e+02 1.753795825981571568e+02 1.327808172485697469e+02
2.550000000000000000e+02 1.752360539307419458e+02 1.324539267318968427e+02
2.550000000000000000e+02 1.753490839259298752e+02 1.324504869985207449e+02
2.550000000000000000e+02 1.730743686396121745e+02 1.314987234668234919e+02
2.550000000000000000e+02 1.731405935322319181e+02 1.314685021565167915e+02
2.550000000000000000e+02 1.733517461548058236e+02 1.314683116790532722e+02
2.550000000000000000e+02 1.731845191947815863e+02 1.311743136127894047e+02
2.550000000000000000e+02 1.703469530289258387e+02 1.305046483184515864e+02
2.550000000000000000e+02 1.647779545171006532e+02 1.292035925609082199e+02
2.550000000000000000e+02 1.624230916608743769e+02 1.285775432640039924e+02
2.550000000000000000e+02 1.626035807535332935e+02 1.283196824484485603e+02
2.550000000000000000e+02 1.653617980181432472e+02 1.296582700636261620e+02
2.550000000000000000e+02 1.700221165499295921e+02 1.314605733928603115e+02
2.550000000000000000e+02 1.743737914149245114e+02 1.332573506478461525e+02
2.550000000000000000e+02 1.755595682065265919e+02 1.337001806751144954e+02
2.550000000000000000e+02 1.755997756598763146e+02 1.336755389064142889e+02
2.550000000000000000e+02 1.741875334170988481e+02 1.330605974531715106e+02
2.550000000000000000e+02 1.714090186066406432e+02 1.322280382826284608e+02
2.550000000000000000e+02 1.715235067012422121e+02 1.319775581903081445e+02
2.550000000000000000e+02 1.721610882389634583e+02 1.320459373719011182e+02
2.550000000000000000e+02 1.728192625069061990e+02 1.322097814076173279e+02
2.550000000000000000e+02 1.733714533319075315e+02 1.322833235309843474e+02
2.550000000000000000e+02 1.737517532837869112e+02 1.323527486677716638e+02
2.550000000000000000e+02 1.737754382095563983e+02 1.320753455328022312e+02
2.550000000000000000e+02 1.739207658307936413e+02 1.320406329644085588e+02
2.550000000000000000e+02 1.739814301181628480e+02 1.320802066067832357e+02
2.550000000000000000e+02 1.738885316972321675e+02 1.317258528043629440e+02
2.550000000000000000e+02 1.738429140155768096e+02 1.318041078525726846e+02
2.550000000000000000e+02 1.739776305940223438e+02 1.317666439430394405e+02
2.550000000000000000e+02 1.742417972161328805e+02 1.318047461191609102e+02
2.550000000000000000e+02 1.742354134363471019e+02 1.318055514712434615e+02
2.550000000000000000e+02 1.739392566254967960e+02 1.317950039209395925e+02
2.550000000000000000e+02 1.699437690477463434e+02 1.307817740915004663e+02
2.550000000000000000e+02 1.619503377354791667e+02 1.286903282004669506e+02
2.550000000000000000e+02 1.606125543584808213e+02 1.283211951291236801e+02
2.550000000000000000e+02 1.609193199843162461e+02 1.284195850933005261e+02
2.550000000000000000e+02 1.650733861769056716e+02 1.298245223582669325e+02
2.549999988860967051e+02 1.697337113921117862e+02 1.321189392521698949e+02
2.550000000000000000e+02 1.714169573954267491e+02 1.330296420805931348e+02
2.550000000000000000e+02 1.751668727387763056e+02 1.341031017751163006e+02
2.550000000000000000e+02 1.757700391202837409e+02 1.342422249549983064e+02
2.550000000000000000e+02 1.759619568607531903e+02 1.342556931597426342e+02
2.550000000000000000e+02 1.736239629560320168e+02 1.336110216275463927e+02
2.550000000000000000e+02 1.738086559197276699e+02 1.333851120141153785e+02
2.550000000000000000e+02 1.741950455809228515e+02 1.331560210928728054e+02
2.550000000000000000e+02 1.752616837316651583e+02 1.334569197900515007e+02
2.550000000000000000e+02 1.758611151954231957e+02 1.333537166497353326e+02
2.550000000000000000e+02 1.764342173269885450e+02 1.333942192874583270e+02
2.550000000000000000e+02 1.768199453296262504e+02 1.335676751947102900e+02
2.549999955443868203e+02 1.744732507262649506e+02 1.326079171790621842e+02
2.550000000000000000e+02 1.743285925609082199e+02 1.321655639024042443e+02
2.550000000000000000e+02 1.746365166461708327e+02 1.322514224545082016e+02
2.550000000000000000e+02 1.743855954481455797e+02 1.318984187028818837e+02
2.550000000000000000e+02 1.744477612771569568e+02 1.318969940205671207e+02
2.550000000000000000e+02 1.747480796307187916e+02 1.319499389580994091e+02
2.549999966582901152e+02 1.725496232779055106e+02 1.312715306367962285e+02
2.550000000000000000e+02 1.726069090965798694e+02 1.312317620613448810e+02
2.550000000000000000e+02 1.719046721559820980e+02 1.308303525281149291e+02
2.550000000000000000e+02 1.675939220980591244e+02 1.297533483933058847e+02
2.550000000000000000e+02 1.617379252882781770e+02 1.282977329840132654e+02
2.550000000000000000e+02 1.598804882015363091e+02 1.274898178099770121e+02
2.550000000000000000e+02 1.604644742822007117e+02 1.278545431659805018e+02
2.549999977721934101e+02 1.647194266962519293e+02 1.293530906360833512e+02
2.550000000000000000e+02 1.693262132634693273e+02 1.315948978773458862e+02
2.550000000000000000e+02 1.704667154556310038e+02 1.322757723805450212e+02
2.550000000000000000e+02 1.749180612735924853e+02 1.339565109875421172e+02
2.550000000000000000e+02 1.756291348090324220e+02 1.341463780320447654e+02
2.550000000000000000e+02 1.756904273378602284e+02 1.340739464702632517e+02
2.550000000000000000e+02 1.756540528257498863e+02 1.340485127163200332e+02
2.550000000000000000e+02 1.732244637669536189e+02 1.330345699887718638e+02
2.550000000000000000e+02 1.734073243597283920e+02 1.327161317703042300e+02
2.550000000000000000e+02 1.745877711240621011e+02 1.330730096775918412e+02
2.550000000000000000e+02 1.756852510292466434e+02 1.333695619241119914e+02
2.550000000000000000e+02 1.758914623768023091e+02 1.332281396478283284e+02
2.550000000000000000e+02 1.764512812115703468e+02 1.333557929654779173e+02
2.550000000000000000e+02 1.768619339143452862e+02 1.334547643871749756e+02
2.550000000000000000e+02 1.743378101106774238e+02 1.324266750877755783e+02
2.550000000000000000e+02 1.742769698265875320e+02 1.320594958028123926e+02
2.550000000000000000e+02 1.744585004188276400e+02 1.320372355593576685e+02
2.550000000000000000e+02 1.744457506817088301e+02 1.318121825375608296e+02
2.550000000000000000e+02 1.746907648505587360e+02 1.319440152203746379e+02
2.550000000000000000e+02 1.749324005507137940e+02 1.319662231103744432e+02
2.550000000000000000e+02 1.750493113849828148e+02 1.319912547452280478e+02
2.550000000000000000e+02 1.729687973408900632e+02 1.313857625336398769e+02
2.550000000000000000e+02 1.702735089290488020e+02 1.305857493895809966e+02
2.550000000000000000e+02 1.644203191555722015e+02 1.291023242706161227e+02
2.550000000000000000e+02 1.619175499919798824e+02 1.284411112744836032e+02
2.550000000000000000e+02 1.618605537881623206e+02 1.281359574667165759e+02
2.550000000000000000e+02 1.633296786166212087e+02 1.288767009303320208e+02
2.550000000000000000e+02 1.683931187510025040e+02 1.311283595323388340e+02
2.550000000000000000e+02 1.725309186137696145e+02 1.328588406048940556e+02
2.550000000000000000e+02 1.738039184890124602e+02 1.331367527936694728e+02
2.549999977721934101e+02 1.753726697143060846e+02 1.338655028605036534e+02
2.550000000000000000e+02 1.750986160865458316e+02 1.335641274127145266e+02
2.550000000000000000e+02 1.747940259138462693e+02 1.334878896433727107e+02
2.550000000000000000e+02 1.746934003457555775e+02 1.331622712042631349e+02
2.550000000000000000e+02 1.730646141884546125e+02 1.327242922258461135e+02
2.550000000000000000e+02 1.736148022153308830e+02 1.324464446434618310e+02
2.550000000000000000e+02 1.743368387870038703e+02 1.326059132670337988e+02
2.550000000000000000e+02 1.750152348553708066e+02 1.328051148211516761e+02
2.550000000000000000e+02 1.753006001710955388e+02 1.326574925591259841e+02
2.550000000000000000e+02 1.754401254700671871e+02 1.326630732146358014e+02
2.550000000000000000e+02 1.754491336060168578e+02 1.324027083444723587e+02
2.550000000000000000e+02 1.758886219233990857e+02 1.325111646527295193e+02
2.550000000000000000e+02 1.736451750164857799e+02 1.315731834465059080e+02
2.550000000000000000e+02 1.738310531732876996e+02 1.315492267283323429e+02
2.550000000000000000e+02 1.740559680710759380e+02 1.316593605749523306e+02
2.549999933165802304e+02 1.739781195975690196e+02 1.313115108538736990e+02
2.550000000000000000e+02 1.738985768771498215e+02 1.312735189541784848e+02
2.549999955443868203e+02 1.708436113190397236e+02 1.302892751162914919e+02
2.550000000000000000e+02 1.657181768967545281e+02 1.290222903188436874e+02
2.550000000000000000e+02 1.634274191751768797e+02 1.284718394107897268e+02
2.550000000000000000e+02 1.637854722504411029e+02 1.285162262293036690e+02
2.550000000000000000e+02 1.661208707604840527e+02 1.293242383129266386e+02
2.550000000000000000e+02 1.708907795540822292e+02 1.312354747010283518e+02
2.550000000000000000e+02 1.729939526190094341e+02 1.323294402413160071e+02
2.550000000000000000e+02 1.768565259138462693e+02 1.337443647632287025e+02
2.550000000000000000e+02 1.765290996096882736e+02 1.336153870145609517e+02
2.550000000000000000e+02 1.728467324760733561e+02 1.322393054144611426e+02
2.550000000000000000e+02 1.724349714395195008e+02 1.317542072127466213e+02
2.550000000000000000e+02 1.727670572011620322e+02 1.318201257819601153e+02
2.550000000000000000e+02 1.733629999197989662e+02 1.316668326382576879e+02
2.550000000000000000e+02 1.741631656686093095e+02 1.318516603842520851e+02
2.550000000000000000e+02 1.750868109394214969e+02 1.322748534103263296e+02
2.550000000000000000e+02 1.751817700814486045e+02 1.320818150831417483e+02
2.550000000000000000e+02 1.752333805628330481e+02 1.320758011192500305e+02
2.550000000000000000e+02 1.753338423871393275e+02 1.321302008144861020e+02
2.550000000000000000e+02 1.733572733429574555e+02 1.314820550179115628e+02
2.550000000000000000e+02 1.731232968418613893e+02 1.311341395765385300e+02
2.550000000000000000e+02 1.732170808159118849e+02 1.311520578249478604e+02
2.550000000000000000e+02 1.729457562512253048e+02 1.307782875741859527e+02
2.550000000000000000e+02 1.728858315956441913e+02 1.307181379101392054e+02
2.550000000000000000e+02 1.727784089896451576e+02 1.306980676005631778e+02
2.550000000000000000e+02 1.693928269083391172e+02 1.299512489083747653e+02
2.550000000000000000e+02 1.636734837548343364e+02 1.284698243597283920e+02
2.550000000000000000e+02 1.622743098255182019e+02 1.281370925341745419e+02
2.550000000000000000e+02 1.627733540964907490e+02 1.282594169384590828e+02
2.550000000000000000e+02 1.645685807980894424e+02 1.290602978131850591e+02
2.550000000000000000e+02 1.694774623946247516e+02 1.313417199112441835e+02
2.550000000000000000e+02 1.731375837655278076e+02 1.325318030529861630e+02
2.550000000000000000e+02 1.744694979860628337e+02 1.330070833110552542e+02
2.550000000000000000e+02 1.747801143755903581e+02 1.330997333315510787e+02
2.550000000000000000e+02 1.743766062485519228e+02 1.330012609385303506e+02
2.550000000000000000e+02 1.731839310538416328e+02 1.323350387192785433e+02
2.550000000000000000e+02 1.733960483166693507e+02 1.322767760074141279e+02
2.550000000000000000e+02 1.720085959917303740e+02 1.319159170097488811e+02
2.550000000000000000e+02 1.727302393555401068e+02 1.320535119143096381e+02
2.550000000000000000e+02 1.759681223154930478e+02 1.330648559054696989e+02
2.550000000000000000e+02 1.762747130585111108e+02 1.330389866153379899e+02
2.550000000000000000e+02 1.740257211409934257e+02 1.320829646313425769e+02
2.550000000000000000e+02 1.742809353223190669e+02 1.321321779928353806e+02
2.550000000000000000e+02 1.742553834946265283e+02 1.318194507565631284e+02
2.550000000000000000e+02 1.744885501880268635e+02 1.318283018321481279e+02
2.550000000000000000e+02 1.742313031331871969e+02 1.315727545937371872e+02
2.550000000000000000e+02 1.741996849881480784e+02 1.314432443992942297e+02
2.550000000000000000e+02 1.744128838510755770e+02 1.314871611506175384e+02
2.550000000000000000e+02 1.746392301145983765e+02 1.315388941613644818e+02
2.550000000000000000e+02 1.721354784882995546e+02 1.309129495713700067e+02
2.550000000000000000e+02 1.686461251759967297e+02 1.300343850808248192e+02
2.550000000000000000e+02 1.626727975904044001e+02 1.285600260207809811e+02
2.550000000000000000e+02 1.597544578409880671e+02 1.275078374235862384e+02
2.550000000000000000e+02 1.598729437345167526e+02 1.275025285604804992e+02
2.550000000000000000e+02 1.641004284072074029e+02 1.290043074640431939e+02
2.550000000000000000e+02 1.685860646242135772e+02 1.311149214029834695e+02
2.550000000000000000e+02 1.701542254807606582e+02 1.320508953554688105e+02
2.550000000000000000e+02 1.744666708994991779e+02 1.335547940170026209e+02
2.550000000000000000e+02 1.755824600331497720e+02 1.341359697196528202e+02
2.550000000000000000e+02 1.761141884546151175e+02 1.342221457341959479e+02
2.550000000000000000e+02 1.756835267069454005e+02 1.339671977757579100e+02
2.550000000000000000e+02 1.733312146892655505e+02 1.332460211374289258e+02
2.550000000000000000e+02 1.737926056871446576e+02 1.330112938655117603e+02
2.550000000000000000e+02 1.743971533087383534e+02 1.328252241173430264e+02
2.550000000000000000e+02 1.750360637330909412e+02 1.329880411342208788e+02
2.550000000000000000e+02 1.758184003457555775e+02 1.332171242581404158e+02
2.550000000000000000e+02 1.760225676807642401e+02 1.329722593523320597e+02
2.550000000000000000e+02 1.764348244042845124e+02 1.330425678144326298e+02
2.550000000000000000e+02 1.743016528097096796e+02 1.321532318790211775e+02
2.550000000000000000e+02 1.745036647418417601e+02 1.321225605517831241e+02
2.550000000000000000e+02 1.743325658539628193e+02 1.318017263273271737e+02
2.550000000000000000e+02 1.741297374307152097e+02 1.315110287565274803e+02
2.550000000000000000e+02 1.743092785916697949e+02 1.315069652373059625e+02
2.550000000000000000e+02 1.749168783082927803e+02 1.317135842734677169e+02
2.550000000000000000e+02 1.750906338555311947e+02 1.318083083818995078e+02
2.550000000000000000e+02 1.738863306243205216e+02 1.315287164269546736e+02
2.550000000000000000e+02 1.659436286959311246e+02 1.295223304193623051e+02
2.550000000000000000e+02 1.611197401486392664e+02 1.279204049261259399e+02
2.550000000000000000e+02 1.605949402056710937e+02 1.277344209485109303e+02
2.550000000000000000e+02 1.613156568019390704e+02 1.279111316811919608e+02
2.550000000000000000e+02 1.661984496693935114e+02 1.302276762640574646e+02
2.550000000000000000e+02 1.700438009053806070e+02 1.318017786807820357e+02
2.550000000000000000e+02 1.721176025682154318e+02 1.329592790372311129e+02
2.550000000000000000e+02 1.758998589798428043e+02 1.340240480582437783e+02
2.550000000000000000e+02 1.759376158459427302e+02 1.340056374645778874e+02
2.550000000000000000e+02 1.757301513571797784e+02 1.338841774492505579e+02
2.550000000000000000e+02 1.727931180826605271e+02 1.327493572777985662e+02
2.550000000000000000e+02 1.728000855477730795e+02 1.323913298223101549e+02
2.550000000000000000e+02 1.737409874084371495e+02 1.326578523498903905e+02
2.550000000000000000e+02 1.741126334456147902e+02 1.324283871571405768e+02
2.550000000000000000e+02 1.745184930225097446e+02 1.324995121103566191e+02
2.550000000000000000e+02 1.751724790140619064e+02 1.326029447147516578e+02
2.550000000000000000e+02 1.754728497210786031e+02 1.327127599850291517e+02
2.550000000000000000e+02 1.757834861608654649e+02 1.327187550125648272e+02
2.550000000000000000e+02 1.733390877577572269e+02 1.317840230622538229e+02
2.550000000000000000e+02 1.734806370190165694e+02 1.318343347323958596e+02
2.550000000000000000e+02 1.735276381685647493e+02 1.315181499402947907e+02
2.550000000000000000e+02 1.738647197864870293e+02 1.315304841914844189e+02
2.550000000000000000e+02 1.741722595751127187e+02 1.316230517831363898e+02
2.550000000000000000e+02 1.741602049136502046e+02 1.313664597034343728e+02
2.550000000000000000e+02 1.737996110249692663e+02 1.312179953305173967e+02
2.550000000000000000e+02 1.699098228448198995e+02 1.303438062521164227e+02
2.550000000000000000e+02 1.649975850576556411e+02 1.290956976599119628e+02
2.550000000000000000e+02 1.641345528346610934e+02 1.288511669250922296e+02
2.550000000000000000e+02 1.645151112121050119e+02 1.288332954606212866e+02
2.550000000000000000e+02 1.663078917820670597e+02 1.297179730524514696e+02
2.550000000000000000e+02 1.715651767096187825e+02 1.320215451175390626e+02
2.550000000000000000e+02 1.731346419469247451e+02 1.327132545580922738e+02
2.550000000000000000e+02 1.771713573134434796e+02 1.342620780534317078e+02
2.550000000000000000e+02 1.743154674383788745e+02 1.333405948689158720e+02
2.550000000000000000e+02 1.732121428826035014e+02 1.327273989021369118e+02
2.550000000000000000e+02 1.729496081288206994e+02 1.323214646937211398e+02
2.550000000000000000e+02 1.732124848509151889e+02 1.321704639630006000e+02
2.550000000000000000e+02 1.741320977917981168e+02 1.323897636742768498e+02
2.550000000000000000e+02 1.751722261580138706e+02 1.326771117378673637e+02
2.550000000000000000e+02 1.759581384002566438e+02 1.328245435224295647e+02
2.550000000000000000e+02 1.765895433442050262e+02 1.329767205350300401e+02
2.550000000000000000e+02 1.770157026947548502e+02 1.332416446113814175e+02
2.550000000000000000e+02 1.747157775490562983e+02 1.322157641822167591e+02
2.550000000000000000e+02 1.746001733233527489e+02 1.318896678785934569e+02
2.550000000000000000e+02 1.749965524693008376e+02 1.319910876597337221e+02
2.550000000000000000e+02 1.750022634514961908e+02 1.317903945891033572e+02
2.550000000000000000e+02 1.751922530253613388e+02 1.317829559428968480e+02
2.550000000000000000e+02 1.754410945659341508e+02 1.317934622787788044e+02
2.550000000000000000e+02 1.731490647667932024e+02 1.311380705412678935e+02
2.550000000000000000e+02 1.698747159546596777e+02 1.301669328895542606e+02
2.550000000000000000e+02 1.645415363399811213e+02 1.288469552567324286e+02
2.550000000000000000e+02 1.620019827478657533e+02 1.278993677484895528e+02
2.550000000000000000e+02 1.624389558716070496e+02 1.279430929084460615e+02
2.549999944304835253e+02 1.643380195244969570e+02 1.287139440642321233e+02
2.550000000000000000e+02 1.691530414015576866e+02 1.308499483148870866e+02
2.550000000000000000e+02 1.730153451317970337e+02 1.323617155892993935e+02
2.550000000000000000e+02 1.746861454935928180e+02 1.329553179971127577e+02
2.550000000000000000e+02 1.749617095742216009e+02 1.329912391505818903e+02
2.550000000000000000e+02 1.745245827318255465e+02 1.328622045928460693e+02
2.550000000000000000e+02 1.735800785079042612e+02 1.324000539129195033e+02
2.550000000000000000e+02 1.736147821650715457e+02 1.322882659199059106e+02
2.550000000000000000e+02 1.723023445436560905e+02 1.318453568055035703e+02
2.550000000000000000e+02 1.729114068153059236e+02 1.319209039548022702e+02
2.550000000000000000e+02 1.758421030939777836e+02 1.328043506834910659e+02
2.550000000000000000e+02 1.762871397636742756e+02 1.329206299345916023e+02
2.550000000000000000e+02 1.741984919977187189e+02 1.320977171665864773e+02
2.550000000000000000e+02 1.741977557076404821e+02 1.317374418542479759e+02
2.550000000000000000e+02 1.745641630576199930e+02 1.317895792118911515e+02
2.550000000000000000e+02 1.743328031153647260e+02 1.314398514498565191e+02
2.550000000000000000e+02 1.747372502628811901e+02 1.316151040831239243e+02
2.550000000000000000e+02 1.751386932132099901e+02 1.316323328253934335e+02
2.550000000000000000e+02 1.752269455434957024e+02 1.316855283911671961e+02
2.550000000000000000e+02 1.754482558502201073e+02 1.317693473863373015e+02
2.550000000000000000e+02 1.716458500418827668e+02 1.304040684203960154e+02
2.550000000000000000e+02 1.662699377550838449e+02 1.290984389759218800e+02
2.550000000000000000e+02 1.619197499509882618e+02 1.279479517546204761e+02
2.549999988860967051e+02 1.608611630932649064e+02 1.273917553333689767e+02
2.550000000000000000e+02 1.619083380117271815e+02 1.278526762640574646e+02
2.550000000000000000e+02 1.665824500080201176e+02 1.297877936249086588e+02
2.550000000000000000e+02 1.703048218645849943e+02 1.314253439733376183e+02
2.550000000000000000e+02 1.721937211499046612e+02 1.325118586144825201e+02
2.550000000000000000e+02 1.734852831096615375e+02 1.327559393323709287e+02
2.550000000000000000e+02 1.736844590440036313e+02 1.328234719474594101e+02
2.550000000000000000e+02 1.735388473774260945e+02 1.328310353508349806e+02
2.550000000000000000e+02 1.731822958438040132e+02 1.324071372239747575e+02
2.550000000000000000e+02 1.733669876935963998e+02 1.323622825660767433e+02
2.550000000000000000e+02 1.743785154788001819e+02 1.325866282592810421e+02
2.550000000000000000e+02 1.748942415655242542e+02 1.325835672530253646e+02
2.550000000000000000e+02 1.755533281202659168e+02 1.325996932310324610e+02
2.550000000000000000e+02 1.762012856671835266e+02 1.327428921830722288e+02
2.550000000000000000e+02 1.768542268174446122e+02 1.330058268281380833e+02
2.550000000000000000e+02 1.746787725676807668e+02 1.320997634069400704e+02
2.550000000000000000e+02 1.747238232725587750e+02 1.318363029995188072e+02
2.550000000000000000e+02 1.750156146963945218e+02 1.317559482435972882e+02
2.550000000000000000e+02 1.749125429966672129e+02 1.314946733144415418e+02
2.550000000000000000e+02 1.751591645279723366e+02 1.315998803667860670e+02
2.550000000000000000e+02 1.752484605856458018e+02 1.315699197098504669e+02
2.550000000000000000e+02 1.731349349034914269e+02 1.309206822880464927e+02
2.550000000000000000e+02 1.730017042720419056e+02 1.306302531679409640e+02
2.550000000000000000e+02 1.724630451442727690e+02 1.303834612094316299e+02
2.550000000000000000e+02 1.681446013562886606e+02 1.294708458090502461e+02
2.550000000000000000e+02 1.623380897004045664e+02 1.277040626280988818e+02
2.550000000000000000e+02 1.611784773833074951e+02 1.273736532909158967e+02
2.550000000000000000e+02 1.616350351547879995e+02 1.273602374396264452e+02
2.549999944304835253e+02 1.659382663654672285e+02 1.292461180470156421e+02
2.550000000000000000e+02 1.671328764102015612e+02 1.300920830437184748e+02
2.550000000000000000e+02 1.713550499919798824e+02 1.319015309486891567e+02
2.550000000000000000e+02 1.728169734356342246e+02 1.324727884563973817e+02
2.549999966582901152e+02 1.736665363399811213e+02 1.326695639291379223e+02
2.550000000000000000e+02 1.736675934342084133e+02 1.326448497567235165e+02
2.550000000000000000e+02 1.734173795647757004e+02 1.325684783189862515e+02
2.549999977721934101e+02 1.733604479673492733e+02 1.323200311001800173e+02
2.550000000000000000e+02 1.742321619526279335e+02 1.324794640788465188e+02
2.550000000000000000e+02 1.747580512930189514e+02 1.323269640342903983e+02
2.549999955443868203e+02 1.756726862000748497e+02 1.326917896415904750e+02
2.550000000000000000e+02 1.764629894491079938e+02 1.328035431036019247e+02
2.550000000000000000e+02 1.770940290327754951e+02 1.329585627974121849e+02
2.550000000000000000e+02 1.750700901370546489e+02 1.321332840988076782e+02
2.550000000000000000e+02 1.753821356645101446e+02 1.321964747188507943e+02
2.550000000000000000e+02 1.753434486891586062e+02 1.318913153415672923e+02
2.550000000000000000e+02 1.752847638079452395e+02 1.315996553583204047e+02
2.550000000000000000e+02 1.753740297902297414e+02 1.315593587927070587e+02
2.550000000000000000e+02 1.733922900069507591e+02 1.310427226469906827e+02
2.550000000000000000e+02 1.732595338983050794e+02 1.307905538772745899e+02
2.550000000000000000e+02 1.732898231567128278e+02 1.306311699103530657e+02
2.550000000000000000e+02 1.734070915539396651e+02 1.306359051132616855e+02
2.550000000000000000e+02 1.730789055677342390e+02 1.303198250280703689e+02
2.549999977721934101e+02 1.704492305156035457e+02 1.295941025503929893e+02
2.550000000000000000e+02 1.643704107184230736e+02 1.282301257374039949e+02
2.550000000000000000e+02 1.617088902849810097e+02 1.275826003849649766e+02
2.550000000000000000e+02 1.618113359710563373e+02 1.275256353704396730e+02
2.550000000000000000e+02 1.633181853624195696e+02 1.282236573009677727e+02
2.550000000000000000e+02 1.676417219162701144e+02 1.298898171416350351e+02
2.550000000000000000e+02 1.714255533871571515e+02 1.316257930991463070e+02
2.550000000000000000e+02 1.732532191805236153e+02 1.323528466912616466e+02
2.550000000000000000e+02 1.749062282788857488e+02 1.330485227414496876e+02
2.550000000000000000e+02 1.745276248017252101e+02 1.327158009410254920e+02
2.549999944304835253e+02 1.743339270437897710e+02 1.326032710884171877e+02
2.550000000000000000e+02 1.746475498583114927e+02 1.326497932595483746e+02
2.550000000000000000e+02 1.752410564704414639e+02 1.326018519756188709e+02
2.550000000000000000e+02 1.764997003600135486e+02 1.329737107683259296e+02
2.550000000000000000e+02 1.774607037195458759e+02 1.331875902261669182e+02
2.550000000000000000e+02 1.759252693418168292e+02 1.327457905594467888e+02
2.550000000000000000e+02 1.758640659252526461e+02 1.323984432087544008e+02
2.550000000000000000e+02 1.755438198417366209e+02 1.319809489119392651e+02
2.550000000000000000e+02 1.752937608048619609e+02 1.316785742928941829e+02
2.550000000000000000e+02 1.755936358249122122e+02 1.317175998948475240e+02
2.550000000000000000e+02 1.728773570193729938e+02 1.307073931989520474e+02
2.550000000000000000e+02 1.729493775508385340e+02 1.306849591865832565e+02
2.550000000000000000e+02 1.731472925466502772e+02 1.306570146946122861e+02
2.549999977721934101e+02 1.731302553957475538e+02 1.304225525316794005e+02
2.550000000000000000e+02 1.734179153522607919e+02 1.303885372667486422e+02
2.550000000000000000e+02 1.735653482507262595e+02 1.304794150671015416e+02
2.549999988860967051e+02 1.731144502218895411e+02 1.303159107718904295e+02
2.550000000000000000e+02 1.690590836585930958e+02 1.294755453670534280e+02
2.550000000000000000e+02 1.636615560783475019e+02 1.278735185086171526e+02
2.550000000000000000e+02 1.625908388137375482e+02 1.275179895382202488e+02
2.550000000000000000e+02 1.630565617815323662e+02 1.275289993583917010e+02
2.550000000000000000e+02 1.653099447058404223e+02 1.287417983300361755e+02
2.550000000000000000e+02 1.701822501737689208e+02 1.309753292698141252e+02
2.550000000000000000e+02 1.743249757169081704e+02 1.323580140886488721e+02
2.550000000000000000e+02 1.754328115810297675e+02 1.329347163556648752e+02
2.550000000000000000e+02 1.752527223796538749e+02 1.328175871963499617e+02
2.550000000000000000e+02 1.743560257712666441e+02 1.323692923595145032e+02
2.550000000000000000e+02 1.742870562209271270e+02 1.323118606195084510e+02
2.550000000000000000e+02 1.721803320322942739e+02 1.314551252918426769e+02
2.550000000000000000e+02 1.733606117111336857e+02 1.317489339945463200e+02
2.550000000000000000e+02 1.743809137125951167e+02 1.319661607317898984e+02
2.550000000000000000e+02 1.751658880482632128e+02 1.321372362276996455e+02
2.550000000000000000e+02 1.757185823575540553e+02 1.323330270099270933e+02
2.550000000000000000e+02 1.756937278333244308e+02 1.320169179632501084e+02
2.550000000000000000e+02 1.754114992692794317e+02 1.316680534762693924e+02
2.550000000000000000e+02 1.755789924521912724e+02 1.316792437487746952e+02
2.550000000000000000e+02 1.729403226309504760e+02 1.306933769537863839e+02
2.550000000000000000e+02 1.729763429218128863e+02 1.306584638827995377e+02
2.550000000000000000e+02 1.731121979094262997e+02 1.306113647097613466e+02
2.550000000000000000e+02 1.729391062485519228e+02 1.302111593059937036e+02
2.550000000000000000e+02 1.729442847849720977e+02 1.300928237894098913e+02
2.549999955443868203e+02 1.719587287690031872e+02 1.299695692758737380e+02
2.550000000000000000e+02 1.671444944215722899e+02 1.288528834500704079e+02
2.550000000000000000e+02 1.631529121887754172e+02 1.278104604430661766e+02
2.550000000000000000e+02 1.628615195423194280e+02 1.276873407118287673e+02
2.550000000000000000e+02 1.637051509116184604e+02 1.279004114758773056e+02
2.550000000000000000e+02 1.686250835427471486e+02 1.298591123972981052e+02
2.549999977721934101e+02 1.704860104885134433e+02 1.308190029674383652e+02
2.550000000000000000e+02 1.747110846744729145e+02 1.323549720187492085e+02
2.550000000000000000e+02 1.754495869646580672e+02 1.326893256875011105e+02
2.550000000000000000e+02 1.752664813131583230e+02 1.326681659805022377e+02
2.550000000000000000e+02 1.739772139941898672e+02 1.320754580370350482e+02
2.550000000000000000e+02 1.714447013848045742e+02 1.313327273699406419e+02
2.550000000000000000e+02 1.717442734231584893e+02 1.310542392931615154e+02
2.550000000000000000e+02 1.727077574453296336e+02 1.313009220891479174e+02
2.550000000000000000e+02 1.735982395872320012e+02 1.314434827745994312e+02
2.550000000000000000e+02 1.742033475021832487e+02 1.315375519078935724e+02
2.550000000000000000e+02 1.748730941114616257e+02 1.317486131903972648e+02
2.550000000000000000e+02 1.748433863105740613e+02 1.314540013634176319e+02
2.550000000000000000e+02 1.748643276925270413e+02 1.314578086848812006e+02
2.550000000000000000e+02 1.748029939492772940e+02 1.311497275392539450e+02
2.550000000000000000e+02 1.748130302179685884e+02 1.311273937781817551e+02
2.550000000000000000e+02 1.748489034735960388e+02 1.310818407029175319e+02
2.550000000000000000e+02 1.728658169812329675e+02 1.304844788714822812e+02
2.550000000000000000e+02 1.725618862392842630e+02 1.301805993690851722e+02
2.550000000000000000e+02 1.726758296351743809e+02 1.300973952485340988e+02
2.550000000000000000e+02 1.719838762497994935e+02 1.299615513999536631e+02
2.550000000000000000e+02 1.672290853517260985e+02 1.288806586287404912e+02
2.550000000000000000e+02 1.619385838279063989e+02 1.272484138017073860e+02
2.550000000000000000e+02 1.611524822221034015e+02 1.269739725356003532e+02
2.550000000000000000e+02 1.621341629685077237e+02 1.275641586020068132e+02
2.550000000000000000e+02 1.668807410575843448e+02 1.292379364273111264e+02
2.550000000000000000e+02 1.713047438913543203e+02 1.313486762373237866e+02
2.550000000000000000e+02 1.735203120265910854e+02 1.324616293731843371e+02
2.550000000000000000e+02 1.753385631093051131e+02 1.329861285622627349e+02
2.550000000000000000e+02 1.759875343082214840e+02 1.331488586946835539e+02
2.550000000000000000e+02 1.757035101320643662e+02 1.329029233278083666e+02
2.550000000000000000e+02 1.754317188418970090e+02 1.327284782744301310e+02
2.550000000000000000e+02 1.752811491917517799e+02 1.324523160277317402e+02
2.550000000000000000e+02 1.731776486392557217e+02 1.315365148639255608e+02
2.550000000000000000e+02 1.735480493325491409e+02 1.314411212996132576e+02
2.550000000000000000e+02 1.743943072858186838e+02 1.316200264217861786e+02
2.550000000000000000e+02 1.747532503698159019e+02 1.317012244025022767e+02
2.550000000000000000e+02 1.746741565524247335e+02 1.314100879538042079e+02
2.550000000000000000e+02 1.748983240211017858e+02 1.314137226202570048e+02
2.550000000000000000e+02 1.746736252205528501e+02 1.311566671567841240e+02
2.550000000000000000e+02 1.748536375626013637e+02 1.311346619971840539e+02
2.550000000000000000e+02 1.748232870395123655e+02 1.310860545990839228e+02
2.550000000000000000e+02 1.726851229303676689e+02 1.304567838938494617e+02
2.550000000000000000e+02 1.725388707693952881e+02 1.302415655242474486e+02
2.550000000000000000e+02 1.725873612076493941e+02 1.301494033933950050e+02
2.550000000000000000e+02 1.728886453153683078e+02 1.301106172806501604e+02
2.550000000000000000e+02 1.726259612985438991e+02 1.301448553262399912e+02
2.550000000000000000e+02 1.679837949348589348e+02 1.286942936961984572e+02
2.550000000000000000e+02 1.626447049492951180e+02 1.274665717621059002e+02
2.550000000000000000e+02 1.615478109572439394e+02 1.271328797519114602e+02
2.549999710385143317e+02 1.618953777468855151e+02 1.272286843465397652e+02
2.550000000000000000e+02 1.641646003760537553e+02 1.283830590903420159e+02
2.550000000000000000e+02 1.683246638239854462e+02 1.301144435384697715e+02
2.550000000000000000e+02 1.722052845800139096e+02 1.318029360263059289e+02
2.550000000000000000e+02 1.739079292092177695e+02 1.324893243508171565e+02
2.550000000000000000e+02 1.748011114527081133e+02 1.326810616389527411e+02
2.549999988860967051e+02 1.743931755600705742e+02 1.323422679516655194e+02
2.550000000000000000e+02 1.743117102425635778e+02 1.322839250387638401e+02
2.550000000000000000e+02 1.746311498600937568e+02 1.322957402110178293e+02
2.550000000000000000e+02 1.748872351137963506e+02 1.321323361671033183e+02
2.550000000000000000e+02 1.758891499135611127e+02 1.323676359853143083e+02
2.550000000000000000e+02 1.764621339713771420e+02 1.324493775508385340e+02
2.550000000000000000e+02 1.750779587499331740e+02 1.320661135022901931e+02
2.550000000000000000e+02 1.752461358694683611e+02 1.317563971466253179e+02
2.550000000000000000e+02 1.751764578766329805e+02 1.314379956869664454e+02
2.550000000000000000e+02 1.754605132420823850e+02 1.314640443155286960e+02
2.550000000000000000e+02 1.754041319128838552e+02 1.311982959507387534e+02
2.550000000000000000e+02 1.756083627403803291e+02 1.313137575968204658e+02
2.550000000000000000e+02 1.737422383218378457e+02 1.307681432568750211e+02
2.550000000000000000e+02 1.736562082286264115e+02 1.304556900408134084e+02
2.550000000000000000e+02 1.736532419041508604e+02 1.303354118768824890e+02
2.550000000000000000e+02 1.734078155910816577e+02 1.299554951077367377e+02
2.550000000000000000e+02 1.735749935393608894e+02 1.300072348019034507e+02
2.550000000000000000e+02 1.727071447985171631e+02 1.298743394553458472e+02
2.550000000000000000e+02 1.678891443440446380e+02 1.287972629168226035e+02
2.550000000000000000e+02 1.635817560462670883e+02 1.275060507227004649e+02
2.550000000000000000e+02 1.636051223956940817e+02 1.274630440303694598e+02
2.549999977721934101e+02 1.659176580405995480e+02 1.284797937942219619e+02
2.550000000000000000e+02 1.677963250102478980e+02 1.292883494626530592e+02
2.550000000000000000e+02 1.723674031795255530e+02 1.313897302571780017e+02
2.549999988860967051e+02 1.765265075567199631e+02 1.328344438949188202e+02
2.550000000000000000e+02 1.768675546703737496e+02 1.328616977668466745e+02
2.550000000000000000e+02 1.738418803133187112e+02 1.315964829617352052e+02
2.550000000000000000e+02 1.734908203229428523e+02 1.315198731486927102e+02
2.550000000000000000e+02 1.728779585271525150e+02 1.310958491507601309e+02
2.550000000000000000e+02 1.728810975066388664e+02 1.308041223333155187e+02
2.550000000000000000e+02 1.734798205279010404e+02 1.308949967919585049e+02
2.550000000000000000e+02 1.739883017875920075e+02 1.309057726924379210e+02
2.550000000000000000e+02 1.747039077955408288e+02 1.310870860735354313e+02
2.550000000000000000e+02 1.752595550624676832e+02 1.312571067030244762e+02
2.550000000000000000e+02 1.755980892102871280e+02 1.313367296244809097e+02
2.550000000000000000e+02 1.758963334759129680e+02 1.314843073303748042e+02
2.550000000000000000e+02 1.738652177012600362e+02 1.307903054768397340e+02
2.550000000000000000e+02 1.737990808070006494e+02 1.305625657202944296e+02
2.550000000000000000e+02 1.739972219251813499e+02 1.305190700244167488e+02
2.550000000000000000e+02 1.736569890748364742e+02 1.301700351102318791e+02
2.550000000000000000e+02 1.738007260421679234e+02 1.301318761250423393e+02
2.550000000000000000e+02 1.737541002780302506e+02 1.301403484735069185e+02
2.550000000000000000e+02 1.704555931312267205e+02 1.291003693703327428e+02
2.550000000000000000e+02 1.654310783475021935e+02 1.279843318362473070e+02
2.550000000000000000e+02 1.636002357019372937e+02 1.274969946889090835e+02
2.550000000000000000e+02 1.638072334652194968e+02 1.275117305156035599e+02
2.550000000000000000e+02 1.659037743499260387e+02 1.283373032846780291e+02
2.550000000000000000e+02 1.707845811278048131e+02 1.306036230818585295e+02
2.550000000000000000e+02 1.725052353454882450e+02 1.314537529629827759e+02
2.550000000000000000e+02 1.760031311821632869e+02 1.324922550303872697e+02
2.550000000000000000e+02 1.756483997665258698e+02 1.322910796396299986e+02
2.550000000000000000e+02 1.744416348090324220e+02 1.319533686663458525e+02
2.550000000000000000e+02 1.713561772621148123e+02 1.308111354684631635e+02
2.550000000000000000e+02 1.713091304425315116e+02 1.304707689497228671e+02
2.550000000000000000e+02 1.720507271560712184e+02 1.305378638008162682e+02
2.550000000000000000e+02 1.734804209217772666e+02 1.312602690744800213e+02
2.550000000000000000e+02 1.739988381988629271e+02 1.313178846085298233e+02
2.550000000000000000e+02 1.743216128428594232e+02 1.313175560070577035e+02
2.550000000000000000e+02 1.743047962448092107e+02 1.311105827496480174e+02
2.550000000000000000e+02 1.745671160152560333e+02 1.310928605482186526e+02
2.550000000000000000e+02 1.746505340052397912e+02 1.311264870608993078e+02
2.550000000000000000e+02 1.745551983638988531e+02 1.308797786451371508e+02
2.550000000000000000e+02 1.745423372364504928e+02 1.308121402092355936e+02
2.550000000000000000e+02 1.746684522536491500e+02 1.307821840079131732e+02
2.550000000000000000e+02 1.749769009873638765e+02 1.309468055481295323e+02
2.550000000000000000e+02 1.722454953750735172e+02 1.301007614642927024e+02
2.550000000000000000e+02 1.692185489404551788e+02 1.294404897164447732e+02
2.550000000000000000e+02 1.632995408490616569e+02 1.276503758309718535e+02
2.550000000000000000e+02 1.610958146197579595e+02 1.270802645297545865e+02
2.550000000000000000e+02 1.611691250512395470e+02 1.270803937425368417e+02
2.550000000000000000e+02 1.653135949669393483e+02 1.285691778502557554e+02
2.550000000000000000e+02 1.667261981143844878e+02 1.295197405942005844e+02
2.550000000000000000e+02 1.713494459445008715e+02 1.317767748935108330e+02
2.550000000000000000e+02 1.727614787734588049e+02 1.323471758095849111e+02
2.550000000000000000e+02 1.759069077598959154e+02 1.332036471421697001e+02
2.550000000000000000e+02 1.734945140262703092e+02 1.325019727227360988e+02
2.550000000000000000e+02 1.731366492006629869e+02 1.321029202088791408e+02
