2.550000000000000000e+02 2.242404333963050647e+02 1.674409717602816841e+02
2.550000000000000000e+02 2.243664389484607398e+02 1.675088748015503484e+02
2.550000000000000000e+02 1.689162320730117415e+02 1.303319076000674102e+02
2.550000000000000000e+02 1.692678815333173645e+02 1.301875659651083481e+02
2.550000000000000000e+02 1.682861677265430274e+02 1.295418773115504223e+02
2.550000000000000000e+02 1.684076621522142148e+02 1.290273128808237857e+02
2.550000000000000000e+02 1.729747769381546618e+02 1.302468236968842348e+02
2.550000000000000000e+02 1.738903560120267002e+02 1.304094559596980787e+02
2.550000000000000000e+02 1.747150141021206480e+02 1.306646322805523823e+02
2.550000000000000000e+02 1.756699294450505136e+02 1.309118428988283824e+02
2.550000000000000000e+02 1.759565084834455320e+02 1.307542273102200454e+02
2.550000000000000000e+02 1.726028068985090727e+02 1.292106260365945616e+02
2.550000000000000000e+02 1.727425598009738508e+02 1.289615816991724842e+02
2.550000000000000000e+02 1.731855393395950387e+02 1.290605759252853773e+02
2.550000000000000000e+02 1.730285412730933388e+02 1.287104187176826429e+02
2.550000000000000000e+02 1.734652291816335321e+02 1.288492458913161158e+02
2.550000000000000000e+02 1.740075787811865382e+02 1.290027095583996299e+02
2.550000000000000000e+02 1.742585765727412195e+02 1.290473152755235162e+02
2.550000000000000000e+02 1.746407950403107918e+02 1.291347062945125970e+02
2.550000000000000000e+02 1.724088639367089684e+02 1.286020408163265358e+02
2.550000000000000000e+02 1.672859770374903405e+02 1.269180003813781070e+02
2.550000000000000000e+02 1.608919890642045516e+02 1.253370706170342999e+02
2.550000000000000000e+02 1.595279281856158491e+02 1.247976556333093896e+02
2.550000000000000000e+02 1.600159314051565786e+02 1.247258224019725219e+02
2.550000000000000000e+02 1.650652965879963574e+02 1.267183356393404807e+02
2.550000000000000000e+02 1.709596193757816138e+02 1.294099870065366531e+02
2.550000000000000000e+02 1.733177467205917708e+02 1.307035417165562308e+02
2.550000000000000000e+02 1.776448161402761912e+02 1.322345685992780489e+02
2.550000000000000000e+02 1.781694671349634973e+02 1.322256849284694340e+02
2.550000000000000000e+02 1.757989350238139536e+02 1.312167391728529822e+02
2.550000000000000000e+02 1.757345065144701834e+02 1.309490272640998967e+02
2.550000000000000000e+02 1.759864655118892358e+02 1.307334610506523234e+02
2.550000000000000000e+02 1.732354754809355200e+02 1.292891211895449146e+02
2.550000000000000000e+02 1.737828927529290866e+02 1.291944440748920044e+02
2.550000000000000000e+02 1.743789911662187819e+02 1.292134154183185615e+02
2.549999988913427273e+02 1.745530270778454849e+02 1.290516966891058814e+02
2.550000000000000000e+02 1.750031297395098875e+02 1.292100096231452255e+02
2.550000000000000000e+02 1.752133378123087653e+02 1.292116703917551490e+02
2.550000000000000000e+02 1.730499095335657103e+02 1.282753705132639652e+02
2.550000000000000000e+02 1.735909664387267242e+02 1.283818825444128038e+02
2.550000000000000000e+02 1.735395668697726705e+02 1.281460245767146375e+02
2.550000000000000000e+02 1.737686498328144751e+02 1.281676866313670189e+02
2.550000000000000000e+02 1.737579014004558928e+02 1.279476370078670300e+02
2.550000000000000000e+02 1.739156633318255558e+02 1.279348209296756522e+02
2.550000000000000000e+02 1.741126584271257514e+02 1.279454285625593144e+02
2.550000000000000000e+02 1.742525177606896705e+02 1.280332696964052843e+02
2.550000000000000000e+02 1.741956236862411060e+02 1.279038339586160475e+02
2.550000000000000000e+02 1.686403149917072426e+02 1.262349233696085946e+02
2.550000000000000000e+02 1.616964629398043485e+02 1.245771048967174863e+02
2.550000000000000000e+02 1.595145522354965522e+02 1.240424948336570594e+02
2.549999966740281536e+02 1.599944877559889562e+02 1.241023468057366301e+02
2.550000000000000000e+02 1.648932252170750985e+02 1.257113743802605796e+02
2.550000000000000000e+02 1.697141571100409010e+02 1.277733328011778440e+02
2.550000000000000000e+02 1.719248873604200583e+02 1.289184793213243552e+02
2.550000000000000000e+02 1.770504439063761026e+02 1.307818206813364270e+02
2.550000000000000000e+02 1.775003303798703200e+02 1.308270561157970349e+02
2.550000000000000000e+02 1.775241953365440111e+02 1.308895289536935991e+02
2.550000000000000000e+02 1.737265075521734161e+02 1.292414921640103103e+02
2.550000000000000000e+02 1.737288179939511679e+02 1.289568155815129273e+02
2.550000000000000000e+02 1.741411176595801180e+02 1.286716589504119668e+02
2.550000000000000000e+02 1.722700345457609501e+02 1.278796275354992105e+02
2.550000000000000000e+02 1.752068610364615324e+02 1.289803224418841978e+02
2.550000000000000000e+02 1.737612761532253103e+02 1.285548486017614209e+02
2.550000000000000000e+02 1.737020949188019472e+02 1.282065871981126293e+02
2.550000000000000000e+02 1.735794907271904890e+02 1.278477547472704856e+02
2.550000000000000000e+02 1.739068184640218533e+02 1.279296967157136606e+02
2.550000000000000000e+02 1.741406376109765972e+02 1.279582102723749273e+02
2.550000000000000000e+02 1.738562481707154745e+02 1.276686500545459353e+02
2.550000000000000000e+02 1.739730806925116724e+02 1.277016237394566645e+02
2.550000000000000000e+02 1.742360309182343201e+02 1.277176050341909956e+02
2.550000000000000000e+02 1.743536661079033934e+02 1.277320685771048971e+02
2.550000000000000000e+02 1.719749587579490822e+02 1.268260394770685338e+02
2.550000000000000000e+02 1.721251784938225740e+02 1.268338898792894014e+02
2.550000000000000000e+02 1.705454128196258807e+02 1.263664400571180266e+02
2.550000000000000000e+02 1.645272929249926790e+02 1.249074337688139167e+02
2.550000000000000000e+02 1.600927835280135412e+02 1.236529703145925936e+02
2.550000000000000000e+02 1.604070002838162736e+02 1.236638185261066667e+02
2.550000000000000000e+02 1.632996955627100988e+02 1.247081027326184710e+02
2.550000000000000000e+02 1.690239381280543398e+02 1.271672387338246892e+02
2.550000000000000000e+02 1.736725902225296920e+02 1.287901921524803015e+02
2.550000000000000000e+02 1.750961150431489273e+02 1.294240469981995432e+02
2.550000000000000000e+02 1.756702376517751816e+02 1.295475580714684725e+02
2.550000000000000000e+02 1.751335710294547994e+02 1.291338060647987902e+02
2.550000000000000000e+02 1.745816038279718612e+02 1.287595122794880638e+02
2.550000000000000000e+02 1.724923668946065902e+02 1.277932476119522107e+02
2.550000000000000000e+02 1.732829625983378889e+02 1.279461702542816397e+02
2.550000000000000000e+02 1.741023534576803229e+02 1.282583903183176801e+02
2.550000000000000000e+02 1.743426948354309047e+02 1.279857604058572633e+02
2.550000000000000000e+02 1.746207305608031959e+02 1.280437232259266125e+02
2.550000000000000000e+02 1.749548732139531069e+02 1.281315843156036749e+02
2.550000000000000000e+02 1.749268895954731420e+02 1.278886231806934006e+02
2.550000000000000000e+02 1.749865009889223018e+02 1.278264020080000734e+02
2.550000000000000000e+02 1.725774408198742265e+02 1.268801175620182846e+02
2.550000000000000000e+02 1.727684946207948542e+02 1.269278219762481257e+02
2.550000000000000000e+02 1.727552372970048395e+02 1.268617393502381390e+02
2.550000000000000000e+02 1.725230578541716682e+02 1.265461090563996152e+02
2.550000000000000000e+02 1.726843109473254856e+02 1.265058836442008356e+02
2.550000000000000000e+02 1.727931323115947748e+02 1.265644118794845241e+02
2.550000000000000000e+02 1.717108111823608283e+02 1.262888650897125444e+02
2.550000000000000000e+02 1.660290933844202641e+02 1.248874823723491971e+02
2.550000000000000000e+02 1.610707301173402755e+02 1.234668533645531170e+02
2.550000000000000000e+02 1.610500835927591368e+02 1.234249472279133357e+02
2.550000000000000000e+02 1.630935108071911941e+02 1.242093300162307372e+02
2.550000000000000000e+02 1.679963236924496073e+02 1.260518230760361575e+02
2.550000000000000000e+02 1.729544330770117710e+02 1.281835614950021807e+02
2.550000000000000000e+02 1.745569639198573952e+02 1.287469833435329747e+02
2.550000000000000000e+02 1.755633963494132956e+02 1.293046135664174301e+02
2.550000000000000000e+02 1.752572129242831522e+02 1.290134546647863942e+02
2.550000000000000000e+02 1.745570991760459094e+02 1.285500968966465223e+02
2.550000000000000000e+02 1.724638666418327375e+02 1.279508155282973689e+02
2.550000000000000000e+02 1.728389475738144085e+02 1.276362672839670438e+02
2.550000000000000000e+02 1.732321639216312406e+02 1.274203030625548791e+02
2.550000000000000000e+02 1.740913311869728375e+02 1.278970944309927376e+02
2.550000000000000000e+02 1.741888165305235532e+02 1.275832945303284305e+02
2.550000000000000000e+02 1.743322191327639246e+02 1.276202482948851014e+02
2.550000000000000000e+02 1.741282805169003609e+02 1.273477902243035373e+02
2.550000000000000000e+02 1.743914513654223128e+02 1.274164138928061476e+02
2.550000000000000000e+02 1.745732800290911655e+02 1.273841741390167499e+02
2.550000000000000000e+02 1.724805785417165680e+02 1.268757173012620996e+02
2.550000000000000000e+02 1.723013341581743418e+02 1.264807725567410728e+02
2.550000000000000000e+02 1.723710698099317824e+02 1.264797670045854119e+02
2.550000000000000000e+02 1.724529297377360422e+02 1.264096034111167342e+02
2.550000000000000000e+02 1.723410606745957807e+02 1.261586732476562958e+02
2.550000000000000000e+02 1.725397298423932853e+02 1.261547508181890720e+02
2.550000000000000000e+02 1.719566648041224255e+02 1.260047583570586056e+02
2.550000000000000000e+02 1.663443190183504896e+02 1.247231826889817228e+02
2.549999889134271598e+02 1.604799843014128840e+02 1.232629934633566648e+02
2.550000000000000000e+02 1.596707675899564549e+02 1.230271521255177447e+02
2.550000000000000000e+02 1.603693569344295611e+02 1.231325166963786870e+02
2.550000000000000000e+02 1.649805840850029597e+02 1.250009345980895574e+02
2.550000000000000000e+02 1.693531727554124586e+02 1.270705183637992377e+02
2.550000000000000000e+02 1.719176855227097462e+02 1.286084233563047121e+02
2.550000000000000000e+02 1.765082184764388273e+02 1.299883114262654260e+02
2.550000000000000000e+02 1.769213385484571859e+02 1.300584617158467040e+02
2.550000000000000000e+02 1.771239501015530209e+02 1.300954354362344816e+02
2.550000000000000000e+02 1.733570253394708516e+02 1.284283386105419993e+02
2.550000000000000000e+02 1.734883391426974981e+02 1.281570235656191983e+02
2.550000000000000000e+02 1.740389726294689865e+02 1.279223330140400350e+02
2.550000000000000000e+02 1.750055632422460405e+02 1.280961494115247206e+02
2.550000000000000000e+02 1.757328002909116833e+02 1.283566949596005315e+02
2.550000000000000000e+02 1.761380300490469892e+02 1.284308264374850239e+02
2.550000000000000000e+02 1.740161764184161370e+02 1.275582699181367445e+02
2.550000000000000000e+02 1.743482758161934782e+02 1.275652400464749121e+02
2.550000000000000000e+02 1.742892409245314695e+02 1.272630854819111477e+02
2.550000000000000000e+02 1.742312448447436282e+02 1.270758066590391024e+02
2.550000000000000000e+02 1.743476050785372706e+02 1.270040321865382396e+02
2.550000000000000000e+02 1.744766450256765040e+02 1.270444682436207842e+02
2.550000000000000000e+02 1.747642939183496082e+02 1.271445234547534824e+02
2.550000000000000000e+02 1.725225866748263854e+02 1.262618083087211431e+02
2.550000000000000000e+02 1.725247330353262498e+02 1.262874759421369646e+02
2.550000000000000000e+02 1.726463815643597854e+02 1.262340320091530685e+02
2.549999955653708810e+02 1.711980438850899020e+02 1.258703380961250247e+02
2.550000000000000000e+02 1.639833900965862199e+02 1.238928349697114868e+02
2.550000000000000000e+02 1.601080863244906709e+02 1.229665861781479208e+02
2.550000000000000000e+02 1.599332244631881395e+02 1.228248820388650842e+02
2.550000000000000000e+02 1.610409892770667568e+02 1.234150369404606664e+02
2.550000000000000000e+02 1.657594923236569855e+02 1.254977605122883517e+02
2.550000000000000000e+02 1.695992425653442695e+02 1.271382140861559691e+02
2.550000000000000000e+02 1.751027170972691636e+02 1.294431946181340720e+02
2.550000000000000000e+02 1.760085300091353417e+02 1.295817013898127641e+02
2.550000000000000000e+02 1.762955658143309563e+02 1.296264601016416975e+02
2.550000000000000000e+02 1.759231190520536643e+02 1.295764286157748586e+02
2.549999911307417335e+02 1.720435912957099447e+02 1.278752039929400723e+02
2.550000000000000000e+02 1.723569710152639800e+02 1.276295100178272151e+02
2.549999944567135799e+02 1.729471491986625153e+02 1.274515306122448948e+02
2.550000000000000000e+02 1.736572563836486438e+02 1.275810428473866693e+02
2.550000000000000000e+02 1.744662136693008279e+02 1.276719804610240487e+02
2.550000000000000000e+02 1.749171245421245544e+02 1.278497536563517230e+02
2.550000000000000000e+02 1.751808408500297105e+02 1.279001288259762816e+02
2.550000000000000000e+02 1.755137739580838740e+02 1.278976265864885704e+02
2.549999878047698871e+02 1.732222181571455053e+02 1.270097905524661002e+02
2.550000000000000000e+02 1.732690556013800460e+02 1.268939746693984034e+02
2.550000000000000000e+02 1.731166074643677462e+02 1.266366253802694501e+02
2.550000000000000000e+02 1.733063275505769525e+02 1.266961358859058606e+02
2.550000000000000000e+02 1.731842876655225325e+02 1.263960899874943493e+02
2.550000000000000000e+02 1.733859446646976892e+02 1.264650362752663000e+02
2.550000000000000000e+02 1.736043080204702562e+02 1.264272377138599950e+02
2.550000000000000000e+02 1.736040508119805850e+02 1.264519740751580912e+02
2.549999922393990062e+02 1.710214680396278482e+02 1.258773248543224383e+02
2.550000000000000000e+02 1.642899593344508560e+02 1.242842918784202055e+02
2.550000000000000000e+02 1.615286709859954328e+02 1.234592379976762544e+02
2.550000000000000000e+02 1.616049443897506990e+02 1.235484693877551052e+02
2.550000000000000000e+02 1.630647965835617299e+02 1.241344867803705512e+02
2.550000000000000000e+02 1.676099488687261214e+02 1.262703494044293109e+02
2.550000000000000000e+02 1.727049663411648908e+02 1.285318694622568785e+02
2.550000000000000000e+02 1.742414112320286677e+02 1.290839996363604030e+02
2.550000000000000000e+02 1.752012756210698115e+02 1.293360927813106969e+02
2.550000000000000000e+02 1.752192746720591856e+02 1.293008895866038586e+02
2.550000000000000000e+02 1.750063670187762170e+02 1.292880945729008602e+02
2.550000000000000000e+02 1.748189008328233456e+02 1.290003259452412010e+02
2.550000000000000000e+02 1.723414941595934238e+02 1.277108898970279114e+02
2.550000000000000000e+02 1.729933236658418139e+02 1.275591823430806500e+02
2.549999944567135799e+02 1.737705134857071982e+02 1.276507607606275911e+02
2.550000000000000000e+02 1.743498889125402513e+02 1.277678349697114868e+02
2.550000000000000000e+02 1.750507299399551187e+02 1.279132032213146033e+02
2.550000000000000000e+02 1.751006161917178758e+02 1.277149631038856228e+02
2.550000000000000000e+02 1.754656416021428242e+02 1.278554144604386664e+02
2.550000000000000000e+02 1.760176531499170665e+02 1.280190722312393063e+02
2.550000000000000000e+02 1.739236656200941979e+02 1.271107227115096379e+02
2.550000000000000000e+02 1.737707828894269539e+02 1.268577326628174120e+02
2.550000000000000000e+02 1.739418099051876254e+02 1.267237414522523551e+02
2.550000000000000000e+02 1.739175868522115422e+02 1.265542266450256790e+02
2.550000000000000000e+02 1.739995199513964508e+02 1.265588641584404286e+02
2.550000000000000000e+02 1.741376719527445971e+02 1.265263361537574553e+02
2.549999855874553134e+02 1.739160735350202742e+02 1.264951163646684194e+02
2.550000000000000000e+02 1.699572357626231849e+02 1.256213214751350336e+02
2.550000000000000000e+02 1.623689323186901845e+02 1.234901396021250690e+02
2.550000000000000000e+02 1.618154174316401850e+02 1.232936212294565763e+02
2.550000000000000000e+02 1.628930467232525245e+02 1.235599927715545192e+02
2.550000000000000000e+02 1.681205897613282616e+02 1.255833876575402002e+02
2.550000000000000000e+02 1.725202263434709096e+02 1.272270352730401157e+02
2.550000000000000000e+02 1.740526845027450236e+02 1.277973075149225224e+02
2.550000000000000000e+02 1.751118025437032770e+02 1.283541550257652091e+02
2.550000000000000000e+02 1.743059317599269207e+02 1.277998075370956741e+02
2.549999966740281536e+02 1.735063858659500227e+02 1.276270698631473408e+02
2.550000000000000000e+02 1.733622692884194123e+02 1.273127921311940725e+02
2.550000000000000000e+02 1.716089965321200168e+02 1.265521046749860261e+02
2.550000000000000000e+02 1.724182232214919850e+02 1.266116839173739947e+02
2.550000000000000000e+02 1.757608737106315857e+02 1.278872517716343395e+02
2.550000000000000000e+02 1.759549419507046650e+02 1.278656152160994708e+02
2.550000000000000000e+02 1.737104253696263356e+02 1.269262676387373716e+02
2.550000000000000000e+02 1.734377256117570880e+02 1.265412342903263010e+02
2.550000000000000000e+02 1.732705600493130760e+02 1.263900200888699743e+02
2.550000000000000000e+02 1.730265789497024400e+02 1.260683753292712197e+02
2.550000000000000000e+02 1.730038636706312332e+02 1.260758155282973689e+02
2.550000000000000000e+02 1.730443751164090145e+02 1.260711469724786866e+02
2.550000000000000000e+02 1.732401240809231240e+02 1.261046949418620073e+02
2.550000000000000000e+02 1.732853528634400391e+02 1.260029778534621130e+02
2.550000000000000000e+02 1.734163429387400299e+02 1.260442420775350598e+02
2.550000000000000000e+02 1.732552938385262848e+02 1.260066619216134995e+02
2.550000000000000000e+02 1.691217228090714855e+02 1.251150753000026583e+02
2.550000000000000000e+02 1.636838453112666230e+02 1.238813237811421857e+02
2.550000000000000000e+02 1.628043641185287811e+02 1.235471911059078138e+02
2.550000000000000000e+02 1.632040450469627331e+02 1.235634318264463474e+02
2.550000000000000000e+02 1.658896065597034237e+02 1.249577446363160647e+02
2.550000000000000000e+02 1.705466944274450327e+02 1.268974115069756721e+02
2.550000000000000000e+02 1.760062184587002889e+02 1.291850847901090162e+02
2.550000000000000000e+02 1.773922074696893105e+02 1.297582461928708994e+02
2.550000000000000000e+02 1.773277789603455403e+02 1.294240858012044555e+02
2.550000000000000000e+02 1.768244751616422263e+02 1.293005769452500715e+02
2.549999800441688933e+02 1.731642730755926891e+02 1.274219028550142383e+02
2.550000000000000000e+02 1.737985957746853671e+02 1.273295095743642946e+02
2.550000000000000000e+02 1.748647116604138319e+02 1.275698531694294360e+02
2.550000000000000000e+02 1.756899628821541626e+02 1.277749259416934962e+02
2.550000000000000000e+02 1.760907990314769904e+02 1.278810499427932825e+02
2.550000000000000000e+02 1.744444385316056128e+02 1.274056665691048238e+02
2.550000000000000000e+02 1.742158223132799435e+02 1.270688587038466011e+02
2.550000000000000000e+02 1.739461270166476083e+02 1.266608517592173797e+02
2.550000000000000000e+02 1.737398757416917192e+02 1.262786743119672934e+02
2.550000000000000000e+02 1.738205771226352283e+02 1.262935125810428474e+02
2.550000000000000000e+02 1.739180358584111730e+02 1.262701941924096900e+02
2.550000000000000000e+02 1.740786891679748862e+02 1.262496618595286861e+02
2.550000000000000000e+02 1.743032709824477422e+02 1.263277767430309808e+02
2.550000000000000000e+02 1.744804499374717182e+02 1.264568665797479383e+02
2.550000000000000000e+02 1.720741037614524203e+02 1.256303659012496752e+02
2.550000000000000000e+02 1.715520148737461170e+02 1.253641684183451730e+02
2.550000000000000000e+02 1.661642120994421248e+02 1.241080342175983873e+02
2.550000000000000000e+02 1.610387741798153343e+02 1.228873582027335090e+02
2.550000000000000000e+02 1.598390318317678975e+02 1.223140426966092775e+02
2.549999977826854263e+02 1.603457303390717357e+02 1.226090807900735200e+02
2.550000000000000000e+02 1.648154651039033638e+02 1.242644446957400959e+02
2.550000000000000000e+02 1.688887905879431344e+02 1.262920801958332220e+02
2.550000000000000000e+02 1.741765935839785584e+02 1.284802681176773262e+02
2.550000000000000000e+02 1.759814155779652083e+02 1.293447003964558348e+02
2.550000000000000000e+02 1.767100085144879245e+02 1.294411679926207910e+02
2.550000000000000000e+02 1.765634007840424431e+02 1.293138420296410516e+02
2.550000000000000000e+02 1.763919136755093291e+02 1.290840262441352024e+02
2.550000000000000000e+02 1.729691693496172888e+02 1.272862187247780525e+02
2.550000000000000000e+02 1.735923954979645032e+02 1.273667615677300944e+02
2.550000000000000000e+02 1.743113930057029393e+02 1.272268822783350686e+02
2.550000000000000000e+02 1.749934134670817514e+02 1.274242731642852675e+02
2.550000000000000000e+02 1.754101433272135466e+02 1.274439218973117249e+02
2.550000000000000000e+02 1.758051867422327348e+02 1.275116142936966241e+02
2.550000000000000000e+02 1.734262133145305143e+02 1.265642633194085960e+02
2.550000000000000000e+02 1.734726704893169824e+02 1.265034335116054223e+02
2.550000000000000000e+02 1.733024527933728791e+02 1.262568825444128038e+02
2.550000000000000000e+02 1.729405815129180723e+02 1.258835255745062085e+02
2.550000000000000000e+02 1.731203647038998099e+02 1.258040692156914986e+02
2.550000000000000000e+02 1.732221860060843142e+02 1.258247545432775496e+02
2.550000000000000000e+02 1.733618291514780481e+02 1.257994738312534935e+02
2.550000000000000000e+02 1.736898431471676076e+02 1.259130202928629103e+02
2.550000000000000000e+02 1.738939602568537168e+02 1.260259569929666839e+02
2.550000000000000000e+02 1.730516279523543517e+02 1.257713904336180377e+02
2.550000000000000000e+02 1.678213299009303796e+02 1.246820027228622934e+02
2.550000000000000000e+02 1.640038448234574275e+02 1.236991591943165787e+02
2.550000000000000000e+02 1.635958046191097139e+02 1.235667977099575126e+02
2.550000000000000000e+02 1.645822268933649184e+02 1.238092311240011014e+02
2.550000000000000000e+02 1.668670941649149881e+02 1.250502620865816965e+02
2.550000000000000000e+02 1.705823144772902538e+02 1.265806470567366517e+02
2.550000000000000000e+02 1.759481381209589301e+02 1.288211525157651067e+02
2.550000000000000000e+02 1.770000665194369844e+02 1.290909631127548778e+02
2.550000000000000000e+02 1.742916755359249237e+02 1.279883912495897960e+02
2.550000000000000000e+02 1.737198567171327568e+02 1.275913855111796948e+02
2.550000000000000000e+02 1.732184077020638711e+02 1.271366287062412965e+02
2.549999966740281536e+02 1.730946992877985622e+02 1.267763550009312752e+02
2.550000000000000000e+02 1.739150402664325270e+02 1.269446059388553323e+02
2.550000000000000000e+02 1.749221001960106037e+02 1.272251849240348065e+02
2.550000000000000000e+02 1.755168759811616894e+02 1.272819869799288739e+02
2.550000000000000000e+02 1.760411810747767163e+02 1.274769055601380074e+02
2.550000000000000000e+02 1.744924245447853082e+02 1.271414946030563442e+02
2.550000000000000000e+02 1.743302113544244207e+02 1.267255319337643726e+02
2.550000000000000000e+02 1.742402260773931459e+02 1.264272521264046674e+02
2.550000000000000000e+02 1.741422773150981413e+02 1.261250709540661177e+02
2.550000000000000000e+02 1.742843606151717495e+02 1.261928076967423209e+02
2.550000000000000000e+02 1.747586508527791693e+02 1.263703192489512048e+02
2.550000000000000000e+02 1.750779053472758164e+02 1.264624985587455370e+02
2.550000000000000000e+02 1.727282403835067157e+02 1.255161586798996041e+02
2.550000000000000000e+02 1.728095592865568619e+02 1.255378140826082785e+02
2.550000000000000000e+02 1.729960343328987449e+02 1.255084867715012962e+02
2.550000000000000000e+02 1.714920575792246495e+02 1.248305661247549807e+02
2.550000000000000000e+02 1.664999988913427273e+02 1.238291725425502676e+02
2.550000000000000000e+02 1.630860229359018660e+02 1.229430593619455578e+02
2.550000000000000000e+02 1.631363404553477210e+02 1.229175048115726128e+02
2.550000000000000000e+02 1.648079694720130419e+02 1.233222445431888588e+02
2.550000000000000000e+02 1.696772221926580357e+02 1.252052446141429130e+02
2.550000000000000000e+02 1.741412196560501684e+02 1.270950950784485940e+02
2.550000000000000000e+02 1.753744822570488395e+02 1.276031494736095198e+02
2.550000000000000000e+02 1.757808228897817173e+02 1.276765204125978954e+02
2.550000000000000000e+02 1.750895595526346256e+02 1.272528603357901176e+02
2.550000000000000000e+02 1.748209795652289529e+02 1.272500875839253496e+02
2.550000000000000000e+02 1.727048499321501822e+02 1.263466782410487070e+02
2.550000000000000000e+02 1.728981809151300695e+02 1.260493396837222519e+02
2.550000000000000000e+02 1.737573049428376351e+02 1.262767064452899746e+02
2.549999977826854263e+02 1.741545556945072804e+02 1.262652262991246062e+02
2.549999988913427273e+02 1.744854422212170277e+02 1.264159471480900123e+02
2.550000000000000000e+02 1.748392347160506972e+02 1.265491124089792407e+02
2.550000000000000000e+02 1.746756068789967173e+02 1.262242591952035013e+02
2.550000000000000000e+02 1.748298931697842136e+02 1.262885579916451633e+02
2.550000000000000000e+02 1.729236877932398500e+02 1.257783694312144718e+02
2.550000000000000000e+02 1.727020228560785426e+02 1.253727649469174850e+02
2.550000000000000000e+02 1.727543281980327947e+02 1.253498944558266572e+02
2.550000000000000000e+02 1.727871455622666303e+02 1.254151600014190819e+02
2.550000000000000000e+02 1.725736680591402035e+02 1.250447010616502155e+02
2.550000000000000000e+02 1.726021472474257052e+02 1.250490026519082249e+02
2.550000000000000000e+02 1.715370690649141068e+02 1.248571517264011277e+02
2.550000000000000000e+02 1.662397992443391956e+02 1.235493097499756061e+02
2.550000000000000000e+02 1.627525698675819683e+02 1.228700032816255572e+02
2.550000000000000000e+02 1.630777102235940106e+02 1.228256547729913279e+02
2.550000000000000000e+02 1.643396238547570363e+02 1.230796570257829359e+02
2.550000000000000000e+02 1.695260434682347466e+02 1.252889194139194160e+02
2.550000000000000000e+02 1.738647626586488570e+02 1.271158380562133630e+02
2.550000000000000000e+02 1.752217015228516459e+02 1.275789419418354100e+02
2.550000000000000000e+02 1.758782162147779502e+02 1.276454558355284803e+02
2.550000000000000000e+02 1.757929848601761478e+02 1.277057157934881957e+02
2.550000000000000000e+02 1.750353495374681927e+02 1.272456440855351332e+02
2.550000000000000000e+02 1.726828209119371422e+02 1.262298989348020797e+02
2.550000000000000000e+02 1.729726660546878350e+02 1.259325592688183519e+02
2.550000000000000000e+02 1.735412875058758857e+02 1.260713321182449533e+02
2.550000000000000000e+02 1.740211775714197131e+02 1.262121371364712701e+02
2.550000000000000000e+02 1.743525386034465896e+02 1.262514645362708308e+02
2.550000000000000000e+02 1.741547064718977538e+02 1.259643145393750672e+02
2.550000000000000000e+02 1.742786421609060881e+02 1.259554197819936263e+02
2.550000000000000000e+02 1.744852482061925230e+02 1.259742281527995829e+02
2.550000000000000000e+02 1.746020519028993476e+02 1.260707788982607411e+02
2.550000000000000000e+02 1.722872475587366523e+02 1.251353526417085789e+02
2.550000000000000000e+02 1.724685629140834919e+02 1.251531942633637584e+02
2.550000000000000000e+02 1.724973602870092009e+02 1.251546831900948149e+02
2.550000000000000000e+02 1.726487418957152613e+02 1.251389191921879558e+02
2.550000000000000000e+02 1.724050933932895191e+02 1.249312089242476702e+02
2.550000000000000000e+02 1.723584765718542826e+02 1.248016734073029426e+02
2.550000000000000000e+02 1.709455793399498020e+02 1.244916728751474579e+02
2.550000000000000000e+02 1.653131657486984238e+02 1.232188367524323951e+02
2.550000000000000000e+02 1.616389435826481815e+02 1.223586129367000979e+02
2.550000000000000000e+02 1.617412881710702663e+02 1.222721443205704759e+02
2.550000000000000000e+02 1.636265022306184562e+02 1.230486301430611320e+02
2.550000000000000000e+02 1.683205948611517613e+02 1.248329053916221056e+02
2.550000000000000000e+02 1.721346929906251830e+02 1.264925409538000309e+02
2.550000000000000000e+02 1.736273248543224383e+02 1.269844765807235518e+02
2.550000000000000000e+02 1.748194651393803838e+02 1.275588641584404286e+02
2.550000000000000000e+02 1.746642509024470371e+02 1.272354400039024682e+02
2.550000000000000000e+02 1.744707979671659928e+02 1.271791146706400895e+02
2.550000000000000000e+02 1.742009951307772155e+02 1.267973640564439535e+02
2.550000000000000000e+02 1.745176464979733737e+02 1.268248953427524839e+02
2.550000000000000000e+02 1.728073397546763204e+02 1.259870885772822788e+02
2.550000000000000000e+02 1.732890424748778173e+02 1.260695593752494545e+02
2.550000000000000000e+02 1.738513989037596730e+02 1.262734070812157938e+02
2.550000000000000000e+02 1.741690968434309923e+02 1.263611340233616289e+02
2.550000000000000000e+02 1.739051687819847700e+02 1.260017860468828985e+02
2.550000000000000000e+02 1.740808532669912836e+02 1.260694828778969168e+02
2.550000000000000000e+02 1.739440072639225150e+02 1.257892520111043098e+02
2.550000000000000000e+02 1.741773186458416376e+02 1.257634923591340055e+02
2.550000000000000000e+02 1.742956456376553263e+02 1.257879160790783004e+02
2.550000000000000000e+02 1.744854244827005232e+02 1.258071169145624282e+02
2.549999933480563072e+02 1.746730636191895201e+02 1.258493534310725579e+02
2.550000000000000000e+02 1.724573798880699655e+02 1.251036029144382695e+02
2.550000000000000000e+02 1.725899298441671306e+02 1.250565636945782160e+02
2.550000000000000000e+02 1.725341144932549184e+02 1.249903269652058952e+02
2.550000000000000000e+02 1.700711802321971788e+02 1.245113792583526191e+02
2.550000000000000000e+02 1.634294117907919315e+02 1.227028554576980781e+02
2.550000000000000000e+02 1.611160697655855074e+02 1.220539672192214624e+02
2.550000000000000000e+02 1.613138675287585784e+02 1.221213691473981982e+02
2.550000000000000000e+02 1.628054450593796787e+02 1.226664682170130050e+02
2.550000000000000000e+02 1.674898624378043337e+02 1.248055902934837604e+02
2.550000000000000000e+02 1.713354741505467871e+02 1.263939979512013423e+02
2.550000000000000000e+02 1.726917212126049890e+02 1.268792749824832100e+02
2.550000000000000000e+02 1.738139850464305596e+02 1.271303293155593366e+02
2.550000000000000000e+02 1.739878690720095165e+02 1.271641145376012219e+02
2.550000000000000000e+02 1.733572104852371183e+02 1.267865402353901203e+02
2.550000000000000000e+02 1.737144398176480422e+02 1.268794745407941491e+02
2.550000000000000000e+02 1.742000638586594903e+02 1.266050208871032083e+02
2.550000000000000000e+02 1.749934179017108704e+02 1.268056557042634580e+02
2.550000000000000000e+02 1.757404910464837826e+02 1.269954023982474354e+02
2.550000000000000000e+02 1.760192174653433597e+02 1.270493330317785592e+02
2.550000000000000000e+02 1.737459822260064470e+02 1.261499104204915369e+02
2.550000000000000000e+02 1.742092956478549581e+02 1.262621298193332109e+02
2.550000000000000000e+02 1.741794760929143422e+02 1.259376069854278057e+02
2.550000000000000000e+02 1.740537610089668306e+02 1.256895227452128125e+02
2.550000000000000000e+02 1.742751587597229275e+02 1.256781911591233580e+02
2.550000000000000000e+02 1.743680952824415158e+02 1.258130792734303611e+02
2.550000000000000000e+02 1.747549789798579241e+02 1.259399828379852551e+02
2.550000000000000000e+02 1.750241066439613746e+02 1.259944034980354530e+02
2.550000000000000000e+02 1.724272000195123553e+02 1.249578965223638392e+02
2.550000000000000000e+02 1.724242920114590731e+02 1.249661504758357040e+02
2.550000000000000000e+02 1.723925489361324708e+02 1.248904336180365249e+02
2.550000000000000000e+02 1.694138229607357857e+02 1.242244909045756458e+02
2.550000000000000000e+02 1.626979285847324661e+02 1.223957485210511891e+02
2.550000000000000000e+02 1.612445099291346366e+02 1.220365967769115514e+02
2.550000000000000000e+02 1.617218434309838528e+02 1.220752611996558699e+02
2.550000000000000000e+02 1.637800335257962274e+02 1.229882482328002880e+02
2.550000000000000000e+02 1.686134888114306989e+02 1.250955285634462371e+02
2.550000000000000000e+02 1.729314605894508929e+02 1.267448513955777827e+02
2.550000000000000000e+02 1.745195833222467741e+02 1.274040523641007923e+02
2.550000000000000000e+02 1.753568856486531899e+02 1.276462718072887554e+02
2.550000000000000000e+02 1.754983070803288854e+02 1.276320909719820094e+02
2.550000000000000000e+02 1.749787669957161427e+02 1.272471995317031599e+02
2.550000000000000000e+02 1.749942660245323793e+02 1.270268472447649231e+02
2.550000000000000000e+02 1.732371684006066630e+02 1.261661345111708243e+02
2.550000000000000000e+02 1.738635719607269152e+02 1.262225108426682283e+02
2.550000000000000000e+02 1.742767153145482553e+02 1.263634256179655750e+02
2.550000000000000000e+02 1.741742155141065496e+02 1.259933269918136745e+02
2.550000000000000000e+02 1.745583696972922212e+02 1.261365522088887730e+02
2.550000000000000000e+02 1.745162906101162719e+02 1.258811186795448265e+02
2.550000000000000000e+02 1.746593983095193607e+02 1.259360437786587852e+02
2.550000000000000000e+02 1.749727137269510138e+02 1.259814189039370689e+02
2.550000000000000000e+02 1.730736802543703163e+02 1.255124823723491971e+02
2.550000000000000000e+02 1.730160744219460867e+02 1.251403238609655091e+02
2.550000000000000000e+02 1.730704008461272281e+02 1.251550756547729861e+02
2.550000000000000000e+02 1.730879342610577396e+02 1.251174068062687894e+02
2.550000000000000000e+02 1.731502341484181784e+02 1.248962008532226520e+02
2.550000000000000000e+02 1.729851672742108519e+02 1.248402347249199522e+02
2.550000000000000000e+02 1.703824080479649581e+02 1.242467128311559321e+02
2.550000000000000000e+02 1.653779102253678559e+02 1.231861524270725283e+02
2.550000000000000000e+02 1.636803486061960768e+02 1.224523377147469176e+02
2.550000000000000000e+02 1.644841295709939857e+02 1.225274470283550130e+02
2.550000000000000000e+02 1.675608830233527442e+02 1.239076178059228965e+02
2.550000000000000000e+02 1.721312694569353141e+02 1.255853222644990268e+02
2.550000000000000000e+02 1.760621989995476611e+02 1.272506663030270744e+02
2.550000000000000000e+02 1.763695686879706273e+02 1.272608404509130935e+02
2.550000000000000000e+02 1.740402741931192168e+02 1.264980077428624696e+02
2.550000000000000000e+02 1.731818408588989655e+02 1.260564295470469744e+02
2.550000000000000000e+02 1.729624686249989054e+02 1.257031536865071928e+02
2.550000000000000000e+02 1.730638021179788666e+02 1.253960844442079292e+02
2.550000000000000000e+02 1.736278015769541128e+02 1.254851484270370463e+02
2.550000000000000000e+02 1.741585379914677674e+02 1.256040851803563640e+02
2.550000000000000000e+02 1.744272321705735749e+02 1.257628227301350847e+02
2.550000000000000000e+02 1.746463970855617447e+02 1.258393477990935594e+02
2.550000000000000000e+02 1.749796561388571092e+02 1.258801120187318787e+02
2.550000000000000000e+02 1.751054854145047841e+02 1.259194660263062246e+02
2.550000000000000000e+02 1.725929542612351213e+02 1.249185979476536374e+02
2.550000000000000000e+02 1.726014399240791590e+02 1.249043650054545935e+02
2.550000000000000000e+02 1.725586601655003562e+02 1.248215050687810930e+02
2.550000000000000000e+02 1.720691669105712549e+02 1.243668192179088123e+02
2.550000000000000000e+02 1.720468296836335469e+02 1.243355063016079924e+02
2.550000000000000000e+02 1.720630992292614678e+02 1.243053984957738010e+02
2.550000000000000000e+02 1.716994297066936213e+02 1.241752742818118094e+02
2.550000000000000000e+02 1.675665294148950295e+02 1.232820346521920385e+02
2.550000000000000000e+02 1.621115242707252264e+02 1.220993866907910501e+02
2.550000000000000000e+02 1.614319395293971695e+02 1.218510031131096554e+02
2.550000000000000000e+02 1.620795040310778745e+02 1.220405103371205087e+02
2.550000000000000000e+02 1.667093388854890179e+02 1.238045769807271057e+02
2.550000000000000000e+02 1.687269377111992128e+02 1.251860504306024922e+02
2.550000000000000000e+02 1.726564082608271349e+02 1.264572401972523039e+02
2.550000000000000000e+02 1.740056918464908904e+02 1.270642289510328311e+02
2.550000000000000000e+02 1.743918316348703854e+02 1.270981039743146255e+02
2.549999966740281536e+02 1.735519394850508661e+02 1.266190309891883743e+02
2.550000000000000000e+02 1.731420755394726427e+02 1.264251822632573266e+02
2.550000000000000000e+02 1.732202635943556004e+02 1.261892389289483702e+02
2.550000000000000000e+02 1.739326557220019822e+02 1.263142289510328311e+02
2.550000000000000000e+02 1.743606517574435202e+02 1.262838971964274606e+02
2.550000000000000000e+02 1.745988124063184728e+02 1.262715988611872433e+02
2.550000000000000000e+02 1.752021725248117434e+02 1.265272618825887605e+02
2.550000000000000000e+02 1.755002937941799814e+02 1.265848843448722363e+02
2.550000000000000000e+02 1.732766565557122362e+02 1.256498882473458707e+02
2.550000000000000000e+02 1.734741815891937051e+02 1.256338592803483891e+02
2.550000000000000000e+02 1.733792783084550706e+02 1.253530785195434163e+02
2.550000000000000000e+02 1.735731492075317703e+02 1.254724343453157047e+02
2.550000000000000000e+02 1.739489529840619468e+02 1.254843058475019717e+02
2.550000000000000000e+02 1.738705066120320453e+02 1.252950558319807755e+02
2.550000000000000000e+02 1.738797905081198110e+02 1.252447516164223202e+02
2.550000000000000000e+02 1.739314517201926265e+02 1.252570821027237429e+02
2.550000000000000000e+02 1.732343934314273213e+02 1.250202230174990490e+02
2.550000000000000000e+02 1.680079978536394947e+02 1.238806929551481630e+02
2.550000000000000000e+02 1.633714789044692282e+02 1.227662983707172515e+02
2.550000000000000000e+02 1.627445376455667088e+02 1.225471345643863827e+02
2.550000000000000000e+02 1.632675622400198563e+02 1.226777831732432276e+02
2.550000000000000000e+02 1.653501949019503456e+02 1.238213653779634456e+02
2.550000000000000000e+02 1.695163493689522625e+02 1.258509421369590910e+02
2.550000000000000000e+02 1.739066543827439659e+02 1.275300834153739657e+02
2.550000000000000000e+02 1.753939214538488045e+02 1.281841856690525105e+02
2.550000000000000000e+02 1.757968263576617005e+02 1.282125817080417676e+02
2.550000000000000000e+02 1.755923101313537131e+02 1.281795925019290507e+02
2.550000000000000000e+02 1.753546860726037551e+02 1.279318087078377602e+02
2.550000000000000000e+02 1.722452893152045590e+02 1.263526516864894660e+02
2.550000000000000000e+02 1.727237647340552940e+02 1.262456318903050203e+02
2.550000000000000000e+02 1.738202944150280587e+02 1.263966631633096540e+02
2.550000000000000000e+02 1.743706396509059857e+02 1.264322499534363970e+02
2.550000000000000000e+02 1.747386285022483605e+02 1.265531501388038862e+02
2.550000000000000000e+02 1.749222964283497106e+02 1.263818437414079057e+02
2.550000000000000000e+02 1.750736791457130437e+02 1.263625464527401618e+02
2.550000000000000000e+02 1.752131959041765299e+02 1.263571350965418816e+02
2.549999988913427273e+02 1.729465361111850257e+02 1.254941196817710107e+02
2.550000000000000000e+02 1.730364060878588646e+02 1.254699753434620249e+02
2.550000000000000000e+02 1.728749966740281536e+02 1.251547330796725532e+02
2.550000000000000000e+02 1.731055951715757999e+02 1.251346819040523570e+02
2.550000000000000000e+02 1.730747556519348223e+02 1.251582730223771449e+02
2.550000000000000000e+02 1.733522115495481160e+02 1.251830969676006049e+02
2.550000000000000000e+02 1.731628728414442833e+02 1.252474323497325912e+02
2.550000000000000000e+02 1.681491265997924529e+02 1.238016645380446903e+02
2.550000000000000000e+02 1.632018665354016491e+02 1.226346597309067050e+02
2.550000000000000000e+02 1.625148482469911073e+02 1.223895078892052197e+02
2.550000000000000000e+02 1.627078388721851070e+02 1.224271578905356108e+02
2.550000000000000000e+02 1.645357841311231084e+02 1.234824399772947032e+02
2.550000000000000000e+02 1.691122437893019139e+02 1.255098836796778698e+02
2.550000000000000000e+02 1.736915571313271016e+02 1.273616118546505902e+02
2.550000000000000000e+02 1.748187578160338376e+02 1.278320971804627959e+02
2.550000000000000000e+02 1.754296512607650698e+02 1.279316690170201127e+02
2.550000000000000000e+02 1.751274867182857520e+02 1.279622524368287060e+02
2.550000000000000000e+02 1.746263647571153683e+02 1.275419604608466528e+02
2.550000000000000000e+02 1.717788949347666119e+02 1.262376706223558500e+02
2.550000000000000000e+02 1.728907229775873873e+02 1.264826262317182426e+02
2.550000000000000000e+02 1.738565597034120174e+02 1.266458128231735998e+02
2.550000000000000000e+02 1.743770288428278832e+02 1.265602100683819771e+02
2.550000000000000000e+02 1.748851164977072870e+02 1.266153092266893765e+02
2.550000000000000000e+02 1.753832750179602442e+02 1.267103244818135863e+02
2.550000000000000000e+02 1.754898934802082522e+02 1.265184702303346427e+02
2.550000000000000000e+02 1.758018463578390822e+02 1.266009798313067023e+02
2.550000000000000000e+02 1.732931045951627027e+02 1.256091561787687709e+02
2.550000000000000000e+02 1.734662247558736681e+02 1.255898755199602590e+02
2.550000000000000000e+02 1.733771785115610840e+02 1.253301448349874505e+02
2.549999911307417335e+02 1.733879313785488137e+02 1.252777751909107877e+02
2.550000000000000000e+02 1.733602049685584916e+02 1.250955817789958218e+02
2.550000000000000000e+02 1.735785428252135318e+02 1.250555847501973403e+02
2.550000000000000000e+02 1.726859173917285375e+02 1.248546550301998224e+02
2.550000000000000000e+02 1.680740106342406648e+02 1.239039381724006432e+02
2.550000000000000000e+02 1.647540321865382396e+02 1.230966028523534561e+02
2.550000000000000000e+02 1.648212467516341633e+02 1.230741403471427731e+02
2.550000000000000000e+02 1.666208713602781302e+02 1.235348794667801968e+02
2.550000000000000000e+02 1.692571619260481270e+02 1.247183500518851673e+02
2.550000000000000000e+02 1.736028612227159442e+02 1.264812326495135153e+02
2.550000000000000000e+02 1.747744104160568952e+02 1.269058883005614291e+02
2.550000000000000000e+02 1.749547268711917525e+02 1.269409750862535304e+02
2.550000000000000000e+02 1.737330696946314390e+02 1.263799978270317297e+02
2.549999900220844609e+02 1.733975744795962726e+02 1.262557062590355628e+02
2.550000000000000000e+02 1.735410835129358134e+02 1.260444937427382968e+02
2.550000000000000000e+02 1.742632384766162090e+02 1.261313348677150117e+02
2.550000000000000000e+02 1.749383719589530699e+02 1.262671021472474280e+02
2.550000000000000000e+02 1.753171436110298202e+02 1.263552725523064453e+02
2.550000000000000000e+02 1.755059202298911600e+02 1.264027840601690542e+02
2.549999944567135799e+02 1.732672573592670346e+02 1.254621238325838846e+02
2.550000000000000000e+02 1.733351892256250721e+02 1.254710352198245715e+02
2.550000000000000000e+02 1.730266399258530043e+02 1.250886537796344129e+02
2.550000000000000000e+02 1.729519774011299376e+02 1.249743412358424450e+02
2.550000000000000000e+02 1.729366369103051966e+02 1.250195023902651030e+02
2.550000000000000000e+02 1.726631300499339261e+02 1.246364823634799421e+02
2.550000000000000000e+02 1.726752210662622247e+02 1.246645291754250593e+02
2.550000000000000000e+02 1.728164440482842394e+02 1.246961458638214140e+02
2.550000000000000000e+02 1.722769292854038667e+02 1.245089091699261132e+02
2.550000000000000000e+02 1.676476897799537085e+02 1.235572189110324643e+02
2.550000000000000000e+02 1.623997252747252844e+02 1.222151959219150541e+02
2.550000000000000000e+02 1.615133127566541589e+02 1.219456624892460184e+02
2.550000000000000000e+02 1.623502226183824177e+02 1.221138125393573404e+02
2.550000000000000000e+02 1.646019221899972536e+02 1.233088375506656433e+02
2.550000000000000000e+02 1.694045789763102050e+02 1.253975633930234466e+02
2.550000000000000000e+02 1.749782692085960889e+02 1.277228212667074700e+02
2.550000000000000000e+02 1.755861060851980824e+02 1.278285694329883171e+02
2.550000000000000000e+02 1.754986718285749703e+02 1.277558847528581225e+02
2.550000000000000000e+02 1.750669385094324468e+02 1.276692941844273577e+02
2.550000000000000000e+02 1.748416427196693519e+02 1.273407868362468918e+02
2.550000000000000000e+02 1.720367664014758304e+02 1.260086996336996350e+02
2.550000000000000000e+02 1.726496144089969675e+02 1.258061834251301576e+02
2.550000000000000000e+02 1.733827539490372374e+02 1.258912418291958204e+02
2.550000000000000000e+02 1.737691298814180243e+02 1.259774421502629735e+02
2.550000000000000000e+02 1.741728618435640215e+02 1.260473928815333124e+02
2.550000000000000000e+02 1.743987030927103490e+02 1.261387318291071296e+02
2.550000000000000000e+02 1.742270308384109967e+02 1.258228897817275538e+02
2.550000000000000000e+02 1.743502514434717909e+02 1.258678569211256928e+02
2.550000000000000000e+02 1.744256977888939275e+02 1.257967964239150689e+02
2.550000000000000000e+02 1.745181686755536532e+02 1.258228276969197026e+02
2.550000000000000000e+02 1.721335987458868715e+02 1.248843504155247501e+02
2.550000000000000000e+02 1.722951046129012127e+02 1.249696427462771311e+02
2.550000000000000000e+02 1.726137737363524423e+02 1.249856750392464733e+02
2.550000000000000000e+02 1.726573860965507379e+02 1.250133182999405790e+02
2.550000000000000000e+02 1.685336300100222502e+02 1.238535973711518494e+02
2.550000000000000000e+02 1.623631440190156923e+02 1.223153520208605016e+02
2.550000000000000000e+02 1.606975350113970080e+02 1.218878692937409625e+02
2.550000000000000000e+02 1.609300681159034809e+02 1.218803071424136846e+02
2.550000000000000000e+02 1.621255410247541136e+02 1.225090920983778062e+02
2.550000000000000000e+02 1.666469325670294097e+02 1.245530470336765774e+02
2.550000000000000000e+02 1.711662608981010862e+02 1.266036040230955422e+02
2.550000000000000000e+02 1.725291920549184397e+02 1.272032290752024437e+02
2.550000000000000000e+02 1.736266773984691554e+02 1.275589029614453409e+02
2.550000000000000000e+02 1.737130373661850626e+02 1.274150923733248248e+02
2.550000000000000000e+02 1.735280357253722912e+02 1.273768547836344425e+02
2.550000000000000000e+02 1.733869757159708627e+02 1.271127870313705728e+02
2.550000000000000000e+02 1.742557628005569939e+02 1.272844770241864722e+02
2.550000000000000000e+02 1.747554656804051376e+02 1.270464970864486673e+02
2.550000000000000000e+02 1.756592974217066114e+02 1.272903096701522827e+02
2.550000000000000000e+02 1.761599171611278223e+02 1.273592759137553259e+02
2.550000000000000000e+02 1.762436784361723880e+02 1.273196125907990250e+02
2.550000000000000000e+02 1.728656617797053627e+02 1.257721620590869946e+02
2.550000000000000000e+02 1.728647571153624369e+02 1.255654506913586772e+02
2.550000000000000000e+02 1.726812976168303067e+02 1.251639449130369286e+02
2.550000000000000000e+02 1.724734221589548326e+02 1.250685449538355130e+02
2.550000000000000000e+02 1.726138369298175519e+02 1.251324135912513640e+02
2.549999955653708810e+02 1.729157276339479665e+02 1.251800537033587943e+02
2.550000000000000000e+02 1.732458691429635849e+02 1.252614923413954955e+02
2.550000000000000000e+02 1.735800151220853422e+02 1.253777206449724559e+02
2.550000000000000000e+02 1.736325433041534723e+02 1.254168429431746574e+02
2.550000000000000000e+02 1.706180564794366319e+02 1.247004474540794092e+02
2.550000000000000000e+02 1.646086528483622828e+02 1.233520607721576283e+02
2.550000000000000000e+02 1.626662453768991270e+02 1.228242689513875945e+02
2.550000000000000000e+02 1.628678824202432054e+02 1.228629688511649789e+02
2.550000000000000000e+02 1.645678254352588397e+02 1.235623664067973948e+02
2.550000000000000000e+02 1.701620768255150722e+02 1.262278645486877906e+02
2.550000000000000000e+02 1.736618340295701159e+02 1.278935567056027054e+02
2.550000000000000000e+02 1.755773255195167906e+02 1.285130455702489485e+02
2.550000000000000000e+02 1.766022836122714921e+02 1.287947110395657546e+02
2.550000000000000000e+02 1.764570561601433383e+02 1.285872613060869583e+02
2.550000000000000000e+02 1.765313018297279939e+02 1.285748365839164933e+02
2.550000000000000000e+02 1.739111910083459804e+02 1.272678504909134460e+02
2.550000000000000000e+02 1.751209811173491460e+02 1.275394593300162285e+02
2.550000000000000000e+02 1.761072526142138770e+02 1.275350568519454697e+02
2.550000000000000000e+02 1.768817528315107097e+02 1.277160130023326161e+02
2.550000000000000000e+02 1.775063049339683801e+02 1.277935181243292675e+02
2.550000000000000000e+02 1.746528062333147204e+02 1.264795097960957548e+02
2.550000000000000000e+02 1.745740738277058028e+02 1.261511920283106747e+02
2.550000000000000000e+02 1.744591348925489456e+02 1.259210724707092766e+02
2.550000000000000000e+02 1.746506288304109091e+02 1.259188352003122020e+02
2.550000000000000000e+02 1.747295208826685950e+02 1.258899302876300510e+02
2.550000000000000000e+02 1.725843710365502091e+02 1.250651336153757427e+02
2.550000000000000000e+02 1.729475405546833997e+02 1.252009973480917751e+02
2.550000000000000000e+02 1.734239294805275335e+02 1.252372670711048386e+02
2.550000000000000000e+02 1.738816563783270794e+02 1.254333375462310016e+02
2.550000000000000000e+02 1.734521337218068311e+02 1.250457842198157010e+02
2.550000000000000000e+02 1.699325359870153989e+02 1.242257625344792444e+02
2.550000000000000000e+02 1.649506614249350207e+02 1.231677764326069422e+02
2.550000000000000000e+02 1.638930411799661329e+02 1.226207017357138369e+02
2.550000000000000000e+02 1.646577231283647791e+02 1.226737764858224864e+02
2.550000000000000000e+02 1.673469088417635646e+02 1.240156819572679154e+02
2.550000000000000000e+02 1.719518476882278435e+02 1.257601564093694861e+02
2.550000000000000000e+02 1.772539102342371109e+02 1.281135453529521442e+02
2.550000000000000000e+02 1.777246261607641884e+02 1.281507141970216992e+02
2.550000000000000000e+02 1.746332561707864386e+02 1.268883537769736307e+02
2.550000000000000000e+02 1.736206784539108980e+02 1.264061577042811848e+02
2.550000000000000000e+02 1.734184981684981608e+02 1.260187917409467104e+02
2.550000000000000000e+02 1.737818007255053203e+02 1.258251004443498431e+02
2.550000000000000000e+02 1.744610850207097315e+02 1.259780563463977501e+02
2.550000000000000000e+02 1.752300641247372539e+02 1.261300277607783613e+02
2.550000000000000000e+02 1.755949487356872396e+02 1.263093674888469025e+02
2.550000000000000000e+02 1.758310594772459297e+02 1.262536086794561356e+02
2.549999900220844609e+02 1.737106881214023986e+02 1.254392755146387088e+02
2.550000000000000000e+02 1.739084581681433974e+02 1.254508620919032609e+02
2.550000000000000000e+02 1.737205973001977952e+02 1.251544148950323319e+02
2.550000000000000000e+02 1.739380992292614678e+02 1.252020217474212700e+02
2.550000000000000000e+02 1.738005891404801844e+02 1.249262931378548842e+02
2.550000000000000000e+02 1.739464130502265959e+02 1.249390515658675440e+02
2.550000000000000000e+02 1.741239312543791868e+02 1.249693400828388690e+02
2.550000000000000000e+02 1.743090548474931154e+02 1.249693533867262687e+02
2.550000000000000000e+02 1.740251731722676141e+02 1.249225070732334615e+02
2.550000000000000000e+02 1.702329665895041160e+02 1.239996164045800811e+02
2.549999889134271598e+02 1.644987860202751335e+02 1.227352626187371953e+02
2.550000000000000000e+02 1.605506878109783599e+02 1.213414176622409002e+02
2.550000000000000000e+02 1.613098907750844830e+02 1.215558973915511416e+02
2.550000000000000000e+02 1.664401269634320499e+02 1.234116167327426439e+02
2.550000000000000000e+02 1.710509638666418368e+02 1.255371100852335786e+02
2.550000000000000000e+02 1.761896269589974224e+02 1.277860579694720116e+02
2.550000000000000000e+02 1.768234696094865512e+02 1.277935713398788522e+02
2.550000000000000000e+02 1.771474891129854825e+02 1.278223997552084654e+02
2.550000000000000000e+02 1.731305920673354137e+02 1.262213689256667521e+02
2.550000000000000000e+02 1.726814018306149023e+02 1.258248576484048584e+02
2.550000000000000000e+02 1.728840499694010475e+02 1.255613863537592323e+02
2.550000000000000000e+02 1.737840113881276238e+02 1.257425032594524055e+02
2.550000000000000000e+02 1.744054237731598391e+02 1.257539811883032286e+02
2.550000000000000000e+02 1.748238565308783166e+02 1.259015734064160199e+02
2.550000000000000000e+02 1.752702462993019878e+02 1.261072160285235384e+02
2.550000000000000000e+02 1.756004532190972895e+02 1.261246662941578194e+02
2.550000000000000000e+02 1.733752294920575707e+02 1.252388779501370237e+02
2.550000000000000000e+02 1.735980197163611081e+02 1.252266505689629241e+02
2.550000000000000000e+02 1.733954369883546747e+02 1.249156012470177188e+02
2.550000000000000000e+02 1.735307796521476860e+02 1.249735906748618675e+02
2.550000000000000000e+02 1.738271714161544708e+02 1.251003844823457456e+02
2.550000000000000000e+02 1.735677777629956893e+02 1.247959039548022560e+02
2.550000000000000000e+02 1.736901369413475891e+02 1.247456230210467538e+02
2.550000000000000000e+02 1.738048851874517595e+02 1.247751243913471484e+02
2.550000000000000000e+02 1.737503835954199189e+02 1.247213988594133838e+02
2.550000000000000000e+02 1.713107255940185780e+02 1.241451720192640238e+02
2.550000000000000000e+02 1.649785885018935971e+02 1.227626752787164435e+02
2.550000000000000000e+02 1.625172972709292196e+02 1.220640426966092775e+02
2.550000000000000000e+02 1.626442717895502312e+02 1.221078413112311409e+02
2.550000000000000000e+02 1.642448946332118282e+02 1.227675999343674818e+02
2.550000000000000000e+02 1.686778297368491053e+02 1.247911389457999576e+02
2.550000000000000000e+02 1.734315204569441846e+02 1.269586470833444167e+02
2.550000000000000000e+02 1.750261742897941417e+02 1.275615936726711510e+02
2.550000000000000000e+02 1.760842258024461273e+02 1.278416781967024036e+02
2.550000000000000000e+02 1.763893238520962541e+02 1.279375593131646411e+02
2.550000000000000000e+02 1.758171535889453594e+02 1.275664240924531470e+02
2.550000000000000000e+02 1.723798747660733000e+02 1.259412189908557878e+02
2.550000000000000000e+02 1.727888273953649332e+02 1.257809869710596047e+02
2.550000000000000000e+02 1.737216494159593481e+02 1.259118373555419623e+02
2.550000000000000000e+02 1.740772734126244927e+02 1.257115273749656268e+02
2.550000000000000000e+02 1.745538430496057742e+02 1.257732152835058343e+02
2.550000000000000000e+02 1.747877032168799758e+02 1.258523468057366301e+02
2.549999855874553134e+02 1.750657112258201948e+02 1.259140336056195650e+02
2.550000000000000000e+02 1.753715653797372909e+02 1.260048525929276479e+02
2.550000000000000000e+02 1.730547421706622799e+02 1.251290488163974857e+02
2.550000000000000000e+02 1.732200540581291079e+02 1.251636544448287793e+02
2.550000000000000000e+02 1.734775408207611633e+02 1.251336530700937431e+02
2.550000000000000000e+02 1.733436360854641691e+02 1.248932773239673963e+02
2.550000000000000000e+02 1.734670119025445842e+02 1.249328076080497425e+02
2.550000000000000000e+02 1.736092969782437194e+02 1.249650340579517405e+02
2.550000000000000000e+02 1.732596807953950702e+02 1.246314135823821090e+02
2.550000000000000000e+02 1.727481939972859948e+02 1.243541328526195286e+02
2.550000000000000000e+02 1.680177573637016621e+02 1.233737073056080362e+02
2.550000000000000000e+02 1.627926766534514798e+02 1.220508385883688618e+02
2.550000000000000000e+02 1.620127018864912429e+02 1.218540618985534252e+02
2.550000000000000000e+02 1.627211039565761155e+02 1.219997538780831690e+02
2.550000000000000000e+02 1.647283290760893806e+02 1.230705449715740230e+02
2.550000000000000000e+02 1.690055732201616081e+02 1.250579107131770513e+02
2.550000000000000000e+02 1.736928808681230123e+02 1.269134327133721740e+02
2.550000000000000000e+02 1.751373604200480827e+02 1.273532337315630230e+02
2.550000000000000000e+02 1.757473802428402792e+02 1.276209312277714218e+02
2.550000000000000000e+02 1.757666087947565075e+02 1.275608730454372051e+02
2.550000000000000000e+02 1.753779346158280816e+02 1.272406030208693579e+02
2.550000000000000000e+02 1.723480119557601427e+02 1.258611074155868295e+02
2.550000000000000000e+02 1.730412863972186130e+02 1.256790038049118010e+02
2.550000000000000000e+02 1.739787769736316818e+02 1.258617293723225856e+02
2.550000000000000000e+02 1.746102703793381750e+02 1.259557856388970123e+02
2.550000000000000000e+02 1.751954496270476795e+02 1.261467884415826290e+02
2.550000000000000000e+02 1.751098335683686855e+02 1.258693170227673903e+02
2.549999922393990062e+02 1.752104952150351664e+02 1.258525097783572306e+02
2.550000000000000000e+02 1.754538166635624350e+02 1.259900874952327712e+02
2.550000000000000000e+02 1.732581741301474949e+02 1.250342297936123543e+02
2.550000000000000000e+02 1.733889923635686330e+02 1.250664573521716392e+02
2.550000000000000000e+02 1.733053264330503964e+02 1.248384176356331352e+02
2.550000000000000000e+02 1.735200134812725707e+02 1.249207354388952496e+02
2.550000000000000000e+02 1.737482594080657066e+02 1.249419152276295080e+02
2.550000000000000000e+02 1.740438773292889607e+02 1.249782359488775967e+02
2.550000000000000000e+02 1.739429363009871565e+02 1.247179498266060023e+02
2.550000000000000000e+02 1.721059998314840982e+02 1.243261924717735809e+02
2.550000000000000000e+02 1.669812925170068070e+02 1.232554058129118602e+02
2.550000000000000000e+02 1.651824872060949474e+02 1.227669269793967146e+02
2.550000000000000000e+02 1.657447327692485146e+02 1.228179972771377066e+02
2.550000000000000000e+02 1.676002181837532987e+02 1.233736042004807132e+02
2.550000000000000000e+02 1.701622032124453483e+02 1.244621526576732435e+02
2.550000000000000000e+02 1.742842464234716147e+02 1.261361564182387411e+02
2.550000000000000000e+02 1.750884741771545521e+02 1.264792625655216511e+02
2.550000000000000000e+02 1.753066801035929245e+02 1.265073115947813278e+02
2.550000000000000000e+02 1.744076854340171394e+02 1.260692833195859777e+02
2.550000000000000000e+02 1.739990764884832686e+02 1.257057479445494010e+02
2.550000000000000000e+02 1.725320789984833709e+02 1.252259698533911632e+02
2.550000000000000000e+02 1.727052058111380006e+02 1.249469108373466781e+02
2.550000000000000000e+02 1.732518326104887763e+02 1.251147005738410058e+02
2.550000000000000000e+02 1.738245505503374773e+02 1.252459600528607808e+02
2.550000000000000000e+02 1.740712545122351287e+02 1.252864581947511766e+02
2.550000000000000000e+02 1.739315370868034165e+02 1.249887615411223152e+02
2.550000000000000000e+02 1.741645036763075609e+02 1.250036419391746279e+02
2.550000000000000000e+02 1.738889158662161094e+02 1.247357260374814842e+02
2.550000000000000000e+02 1.739665917214343267e+02 1.247292681088080570e+02
2.550000000000000000e+02 1.741218669345182661e+02 1.248219086200321044e+02
2.550000000000000000e+02 1.742036115619650616e+02 1.247450709097198143e+02
2.550000000000000000e+02 1.743718081756822755e+02 1.247986855759252904e+02
2.550000000000000000e+02 1.745483906730880221e+02 1.247760290556900742e+02
2.550000000000000000e+02 1.718931043734312425e+02 1.241978875644129943e+02
2.550000000000000000e+02 1.675045388429165598e+02 1.228555574772281744e+02
2.550000000000000000e+02 1.627444223452092729e+02 1.218031190963999677e+02
2.550000000000000000e+02 1.623378500031042506e+02 1.216129610905639993e+02
2.549999911307417335e+02 1.636036195442975156e+02 1.218998705088293519e+02
2.549999711749106552e+02 1.686213957551729834e+02 1.237847187114741558e+02
2.550000000000000000e+02 1.725937281040186519e+02 1.254133850411090094e+02
2.550000000000000000e+02 1.740394183096967708e+02 1.259350803554798688e+02
2.549999889134271598e+02 1.752724270281776455e+02 1.265039412766410294e+02
2.550000000000000000e+02 1.744899866074200077e+02 1.260180844176001500e+02
2.550000000000000000e+02 1.740508563268853948e+02 1.258186192338734770e+02
2.550000000000000000e+02 1.738647183123575246e+02 1.255430436190121384e+02
2.550000000000000000e+02 1.743282656608927823e+02 1.256476520856060830e+02
2.550000000000000000e+02 1.749690019423675551e+02 1.257482904504696251e+02
2.549999933480563072e+02 1.754985387897010298e+02 1.259264805009357104e+02
2.550000000000000000e+02 1.758127566541610065e+02 1.259337776831723517e+02
2.549999955653708810e+02 1.736074222387781845e+02 1.250576302228844554e+02
2.550000000000000000e+02 1.738368499942349956e+02 1.250263594355604084e+02
2.550000000000000000e+02 1.736266895936992682e+02 1.247354400039024682e+02
2.550000000000000000e+02 1.736616466664892755e+02 1.247084586116063178e+02
2.550000000000000000e+02 1.735279680972780341e+02 1.245114357998740502e+02
2.550000000000000000e+02 1.735766980194946427e+02 1.244930343062909657e+02
2.550000000000000000e+02 1.737118522115495409e+02 1.244431181207815627e+02
2.550000000000000000e+02 1.738369652945924031e+02 1.244755651934828649e+02
2.550000000000000000e+02 1.738673735465503114e+02 1.244840486390123147e+02
2.549999933480563072e+02 1.729600417742064167e+02 1.242966212560643555e+02
2.550000000000000000e+02 1.671754483410052501e+02 1.229719520793975960e+02
2.549999988913427273e+02 1.626897932575898551e+02 1.218660608963272409e+02
2.550000000000000000e+02 1.622443292179974890e+02 1.217022978030847327e+02
2.550000000000000000e+02 1.630089391036727591e+02 1.219469474230370167e+02
2.550000000000000000e+02 1.649397178688946326e+02 1.230208538434930716e+02
2.550000000000000000e+02 1.691738474398885899e+02 1.250326089366646301e+02
2.550000000000000000e+02 1.736471132781665574e+02 1.267381296064710057e+02
2.550000000000000000e+02 1.753670897302858691e+02 1.274131256153047929e+02
2.550000000000000000e+02 1.759414163318521673e+02 1.275159269705274596e+02
2.550000000000000000e+02 1.757332914260880443e+02 1.274730053038164357e+02
2.550000000000000000e+02 1.753420640094368821e+02 1.271508738436704533e+02
2.550000000000000000e+02 1.724915342929870690e+02 1.257043831874340327e+02
2.550000000000000000e+02 1.729759266157571176e+02 1.254920420580226903e+02
2.550000000000000000e+02 1.737249421280898218e+02 1.255923201092692665e+02
2.550000000000000000e+02 1.743356859040878533e+02 1.257227359000966800e+02
2.550000000000000000e+02 1.748482769248507793e+02 1.258742239399019098e+02
2.550000000000000000e+02 1.749806284312942921e+02 1.256766523428145774e+02
2.550000000000000000e+02 1.752755922447205705e+02 1.257026337262414728e+02
2.550000000000000000e+02 1.754835353306903016e+02 1.257899815075965222e+02
2.550000000000000000e+02 1.732487239354672681e+02 1.248946099300215593e+02
2.550000000000000000e+02 1.734777980292508062e+02 1.249217620555392898e+02
2.550000000000000000e+02 1.737283069029437002e+02 1.249746638551117996e+02
2.550000000000000000e+02 1.735983866819217951e+02 1.247166804140169774e+02
2.550000000000000000e+02 1.735850306876336049e+02 1.246749915742046539e+02
2.550000000000000000e+02 1.735598020825018466e+02 1.245930041508128738e+02
2.550000000000000000e+02 1.705943644732990947e+02 1.236134200746791549e+02
2.550000000000000000e+02 1.640914209882127466e+02 1.221976747022146554e+02
2.550000000000000000e+02 1.617361107415586901e+02 1.215172174476048639e+02
2.550000000000000000e+02 1.619151178724423232e+02 1.214818723447658044e+02
2.550000000000000000e+02 1.632130151930394106e+02 1.221460700316632568e+02
2.550000000000000000e+02 1.676605069668023589e+02 1.242950757878118679e+02
2.550000000000000000e+02 1.724451203558346322e+02 1.264967217004141986e+02
2.550000000000000000e+02 1.741681533760831542e+02 1.270643786197660319e+02
2.550000000000000000e+02 1.758279907138866065e+02 1.276849561858641806e+02
2.550000000000000000e+02 1.756080009578798808e+02 1.274116843608369010e+02
2.550000000000000000e+02 1.752322038332934255e+02 1.272940802135717320e+02
2.549999977826854263e+02 1.752619856938864302e+02 1.269974955431977293e+02
2.549999955653708810e+02 1.727452560554860668e+02 1.257486928930633496e+02
2.550000000000000000e+02 1.736776068967352273e+02 1.259186334246866892e+02
2.549999988913427273e+02 1.746703629300481566e+02 1.261422340774640958e+02
2.550000000000000000e+02 1.749317444057153637e+02 1.259343918793071282e+02
2.550000000000000000e+02 1.754315980629540093e+02 1.260599584031787401e+02
2.550000000000000000e+02 1.754179083628236242e+02 1.257039951573849947e+02
2.550000000000000000e+02 1.758515740716104006e+02 1.259144260702977363e+02
2.550000000000000000e+02 1.736727044142298269e+02 1.250854619553166742e+02
2.550000000000000000e+02 1.738292024762968992e+02 1.250209292321883083e+02
2.550000000000000000e+02 1.739788179939511679e+02 1.248557969472012985e+02
2.550000000000000000e+02 1.740227585167052382e+02 1.248396571144755143e+02
2.550000000000000000e+02 1.739633599854544173e+02 1.246166606799173451e+02
2.550000000000000000e+02 1.743598080692511587e+02 1.246501033268587690e+02
2.549999944567135799e+02 1.741473682693416265e+02 1.245849597335674872e+02
2.550000000000000000e+02 1.714190369759377006e+02 1.239626072071592660e+02
2.550000000000000000e+02 1.659603776973631568e+02 1.227147746321475097e+02
2.550000000000000000e+02 1.616466509680795411e+02 1.213788437148001265e+02
2.550000000000000000e+02 1.628438633602071945e+02 1.216227571863165053e+02
2.550000000000000000e+02 1.675645659828468581e+02 1.231892987964416477e+02
2.550000000000000000e+02 1.722784015822756771e+02 1.253274352765878206e+02
2.550000000000000000e+02 1.742758439099238217e+02 1.262422959405404868e+02
2.550000000000000000e+02 1.749953879857027630e+02 1.262526142138733007e+02
2.550000000000000000e+02 1.749875896903741932e+02 1.262021148746330397e+02
2.550000000000000000e+02 1.740980906704272400e+02 1.258325761204090441e+02
2.550000000000000000e+02 1.737490909010279552e+02 1.253940589273519066e+02
2.550000000000000000e+02 1.741789893923671286e+02 1.254460250201775580e+02
2.550000000000000000e+02 1.750498064284383872e+02 1.256907788539144519e+02
2.550000000000000000e+02 1.755763199673611155e+02 1.257739314761106471e+02
2.550000000000000000e+02 1.758142987964416477e+02 1.257478458788991418e+02
2.550000000000000000e+02 1.738057510487898014e+02 1.249746527685389736e+02
2.550000000000000000e+02 1.740102173855200363e+02 1.250193660254192878e+02
2.550000000000000000e+02 1.738108331337750201e+02 1.246860382353723793e+02
2.550000000000000000e+02 1.739505960141553373e+02 1.247134985676147920e+02
2.550000000000000000e+02 1.737497006625335985e+02 1.244964212542905102e+02
2.550000000000000000e+02 1.737133932451729095e+02 1.243742239399019098e+02
2.550000000000000000e+02 1.738614921196640353e+02 1.244077231283647791e+02
2.550000000000000000e+02 1.739654708689212441e+02 1.244157098954314478e+02
2.550000000000000000e+02 1.737587073943006146e+02 1.243654932637983421e+02
2.550000000000000000e+02 1.712880324880930232e+02 1.238074206866579772e+02
2.550000000000000000e+02 1.656988532049064702e+02 1.225647899316180229e+02
2.550000000000000000e+02 1.641748053197811146e+02 1.221474081810038257e+02
2.550000000000000000e+02 1.647489877959006321e+02 1.222945846526355069e+02
2.550000000000000000e+02 1.664314916318548399e+02 1.229342322326583883e+02
2.550000000000000000e+02 1.709183961720281388e+02 1.246967090617211653e+02
2.550000000000000000e+02 1.730753299364074280e+02 1.256750957879892496e+02
2.550000000000000000e+02 1.772939150236365720e+02 1.274749853657238674e+02
2.550000000000000000e+02 1.737098588457547237e+02 1.260695915263106599e+02
2.550000000000000000e+02 1.729492268224108500e+02 1.257131803829745706e+02
2.550000000000000000e+02 1.723328810011618657e+02 1.252043211026261815e+02
2.550000000000000000e+02 1.728127289377289344e+02 1.249393730764796118e+02
2.550000000000000000e+02 1.737547129021099863e+02 1.252083754623100873e+02
2.550000000000000000e+02 1.740969542967121697e+02 1.251527818428544805e+02
2.550000000000000000e+02 1.749333242423436161e+02 1.256019066687952943e+02
2.550000000000000000e+02 1.748895544528110975e+02 1.254159848424376236e+02
2.550000000000000000e+02 1.750180544838535184e+02 1.254519785097872244e+02
2.550000000000000000e+02 1.753259208507392657e+02 1.254396336109411152e+02
2.550000000000000000e+02 1.729211035131131950e+02 1.245264880398052298e+02
2.550000000000000000e+02 1.729306701168081304e+02 1.245543075770073358e+02
