2.550000000000000000e+02 1.007296492081748198e+02 1.305144054675749885e+02
2.550000000000000000e+02 1.009765792267539553e+02 1.305406551358046556e+02
2.550000000000000000e+02 1.672139730602494865e+02 1.434981277094576626e+02
2.550000000000000000e+02 1.675780589224099799e+02 1.432413518534902153e+02
2.550000000000000000e+02 1.683468326992833681e+02 1.430660753782181587e+02
2.550000000000000000e+02 1.689402946120499109e+02 1.427654870388392396e+02
2.550000000000000000e+02 1.698446120498982452e+02 1.426883482261346501e+02
2.550000000000000000e+02 1.703947724055560400e+02 1.427458384942050884e+02
2.550000000000000000e+02 1.710630341502256044e+02 1.429672365743607827e+02
2.550000000000000000e+02 1.717219432893921862e+02 1.429230447668760462e+02
2.550000000000000000e+02 1.724911162965584310e+02 1.431949781031584621e+02
2.550000000000000000e+02 1.730115743607891829e+02 1.433415885163230996e+02
2.550000000000000000e+02 1.734207820932495849e+02 1.434303193842342807e+02
2.550000000000000000e+02 1.702172443156684096e+02 1.425191376183314276e+02
2.549999966822967394e+02 1.697091480138016379e+02 1.420138458816243485e+02
2.550000000000000000e+02 1.664325157037954455e+02 1.404678691497832403e+02
2.550000000000000000e+02 1.626334181190834158e+02 1.390598933911350912e+02
2.550000000000000000e+02 1.606425926745111781e+02 1.380428536671680035e+02
2.550000000000000000e+02 1.605068632221534131e+02 1.379472064938511835e+02
2.550000000000000000e+02 1.618133360612226852e+02 1.388926380164558054e+02
2.550000000000000000e+02 1.661812107405113750e+02 1.406031695125188037e+02
2.550000000000000000e+02 1.668320479076351432e+02 1.411731431920728994e+02
2.550000000000000000e+02 1.675289547022914292e+02 1.414027713881270358e+02
2.550000000000000000e+02 1.683840064584623519e+02 1.419158873750331793e+02
2.550000000000000000e+02 1.685225382641776548e+02 1.420459966380607000e+02
2.549999900468902183e+02 1.685220461381933887e+02 1.420900148190745824e+02
2.550000000000000000e+02 1.687522106962753128e+02 1.420070280014155628e+02
2.549999966822967394e+02 1.692573011589843475e+02 1.422416592939927398e+02
2.550000000000000000e+02 1.697270558701229675e+02 1.423781308059807031e+02
2.550000000000000000e+02 1.698015051313810488e+02 1.421292455542776167e+02
2.550000000000000000e+02 1.706307960276032816e+02 1.423843747235247292e+02
2.550000000000000000e+02 1.714425440148633015e+02 1.427066597363531741e+02
2.550000000000000000e+02 1.717622832433867188e+02 1.425095273378749141e+02
2.550000000000000000e+02 1.723199991152791313e+02 1.427230248606564658e+02
2.550000000000000000e+02 1.727769198442891252e+02 1.428427563478722391e+02
2.550000000000000000e+02 1.730191519950455756e+02 1.426723944970361799e+02
2.550000000000000000e+02 1.735871781827833331e+02 1.429107206051490664e+02
2.550000000000000000e+02 1.704998086791117373e+02 1.419496892417942036e+02
2.549999878350880351e+02 1.707962001238609275e+02 1.417135893125718837e+02
2.550000000000000000e+02 1.711666968946297516e+02 1.418099995576395713e+02
2.550000000000000000e+02 1.708867645757763398e+02 1.415393125718835847e+02
2.550000000000000000e+02 1.696098148721578411e+02 1.407288761833141564e+02
2.550000000000000000e+02 1.661059475360523834e+02 1.393989316995487968e+02
2.550000000000000000e+02 1.628540608687958979e+02 1.382374900468902013e+02
2.550000000000000000e+02 1.616411439440856270e+02 1.376949349730160179e+02
2.550000000000000000e+02 1.620142793948509166e+02 1.379230071662390458e+02
2.550000000000000000e+02 1.629712277713881292e+02 1.385604430239759495e+02
2.550000000000000000e+02 1.679153189418738350e+02 1.406926877820047821e+02
2.550000000000000000e+02 1.684673615411837488e+02 1.410125442360435386e+02
2.550000000000000000e+02 1.695448221711050110e+02 1.415758626028488152e+02
2.550000000000000000e+02 1.694099663806069316e+02 1.415455675484384699e+02
2.550000000000000000e+02 1.692054487746615905e+02 1.413973093426523917e+02
2.550000000000000000e+02 1.691261611961426183e+02 1.414079447934176699e+02
2.550000000000000000e+02 1.689317813854728740e+02 1.411863819339998258e+02
2.550000000000000000e+02 1.695002521454481155e+02 1.413022560382199515e+02
2.550000000000000000e+02 1.700317327258250089e+02 1.414795253472529453e+02
2.550000000000000000e+02 1.707706880916570924e+02 1.415900280898876531e+02
2.550000000000000000e+02 1.714309121472175548e+02 1.419294169689462990e+02
2.550000000000000000e+02 1.720493762717862580e+02 1.420939927452888583e+02
2.550000000000000000e+02 1.727160433070866077e+02 1.423205598071308486e+02
2.550000000000000000e+02 1.731586326638945366e+02 1.422501791559762978e+02
2.550000000000000000e+02 1.735079702291426997e+02 1.424457433867114844e+02
2.550000000000000000e+02 1.705675639210828933e+02 1.415815734760683142e+02
2.550000000000000000e+02 1.705854762010085892e+02 1.412665874104220052e+02
2.549999977881978168e+02 1.709090595417145835e+02 1.413503008050959977e+02
2.550000000000000000e+02 1.707899186056799010e+02 1.411294302397593583e+02
2.550000000000000000e+02 1.694461105458727843e+02 1.403853081040431618e+02
2.550000000000000000e+02 1.656702966026718684e+02 1.389373319030345897e+02
2.549999889409891125e+02 1.627086348756967311e+02 1.377770547642219015e+02
2.550000000000000000e+02 1.619930593647704029e+02 1.375917101654428052e+02
2.550000000000000000e+02 1.620860291515526797e+02 1.375295043351322590e+02
2.549999977881978168e+02 1.629225869238255200e+02 1.381862381668583453e+02
2.549999878350880351e+02 1.680642782889498221e+02 1.403163131469521261e+02
2.550000000000000000e+02 1.686601477483853841e+02 1.407555339290453844e+02
2.550000000000000000e+02 1.697644762452446230e+02 1.412520636114306001e+02
2.550000000000000000e+02 1.699886645138458903e+02 1.413545275590551284e+02
2.550000000000000000e+02 1.697826694240467020e+02 1.413598524727948416e+02
2.550000000000000000e+02 1.694100327346721997e+02 1.408684066177121110e+02
2.550000000000000000e+02 1.698551689816862904e+02 1.410386910554719861e+02
2.550000000000000000e+02 1.705916703530036216e+02 1.413148588870211313e+02
2.550000000000000000e+02 1.714518280544988045e+02 1.416483732194992342e+02
2.550000000000000000e+02 1.723249524462532065e+02 1.419156673007166205e+02
2.550000000000000000e+02 1.730038042997434218e+02 1.421375165885163199e+02
2.550000000000000000e+02 1.731882486950367195e+02 1.419831084667787309e+02
2.550000000000000000e+02 1.734676291692470897e+02 1.419910742723170927e+02
2.550000000000000000e+02 1.700922752808988889e+02 1.410482648411926050e+02
2.550000000000000000e+02 1.701855923206228454e+02 1.407734008670264529e+02
2.550000000000000000e+02 1.704071607095461331e+02 1.407723602141024628e+02
2.550000000000000000e+02 1.703019419623108774e+02 1.405482172874458229e+02
2.549999988940989226e+02 1.706304509864637566e+02 1.405189894275856091e+02
2.550000000000000000e+02 1.705400479961072335e+02 1.403555040697160052e+02
2.549999988940989226e+02 1.698448210652039165e+02 1.401105912147217509e+02
2.550000000000000000e+02 1.659904770857294523e+02 1.387356730514022729e+02
2.550000000000000000e+02 1.628079226753959006e+02 1.375175528620720229e+02
2.550000000000000000e+02 1.615111696009908826e+02 1.368111872954083026e+02
2.550000000000000000e+02 1.613784293992745233e+02 1.367349940281341105e+02
2.549999955763956336e+02 1.626781429708926794e+02 1.377456825621516430e+02
2.550000000000000000e+02 1.677133581792444375e+02 1.399145127399805233e+02
2.550000000000000000e+02 1.681565314518269361e+02 1.402009090506945199e+02
2.550000000000000000e+02 1.694145735645403761e+02 1.409090440590993580e+02
2.550000000000000000e+02 1.700363432274617423e+02 1.411463096080686626e+02
2.550000000000000000e+02 1.702179045386180576e+02 1.412517805007520053e+02
2.550000000000000000e+02 1.700128505706449573e+02 1.411164292665663993e+02
2.550000000000000000e+02 1.698504113952048158e+02 1.408783729983190369e+02
2.550000000000000000e+02 1.703151110324692468e+02 1.408511147482969079e+02
2.550000000000000000e+02 1.709883128372998442e+02 1.411452800141555315e+02
2.550000000000000000e+02 1.718174500132708147e+02 1.414369625320711350e+02
2.550000000000000000e+02 1.725566210298150907e+02 1.416685249491285390e+02
2.550000000000000000e+02 1.727356155445457091e+02 1.416073398655224196e+02
2.550000000000000000e+02 1.731754545253472486e+02 1.416175539679730946e+02
2.550000000000000000e+02 1.736570855082721323e+02 1.417353656108997484e+02
2.550000000000000000e+02 1.705218260638768584e+02 1.408651862337432590e+02
2.550000000000000000e+02 1.705510937361762274e+02 1.406746627001680849e+02
2.550000000000000000e+02 1.709808004512076423e+02 1.408566475714412150e+02
2.550000000000000000e+02 1.711672774927010607e+02 1.404890902857648314e+02
2.550000000000000000e+02 1.710908995399451555e+02 1.402516887109617016e+02
2.550000000000000000e+02 1.707830310537025582e+02 1.400125586127576867e+02
2.550000000000000000e+02 1.688204470052198474e+02 1.394624623993630053e+02
2.550000000000000000e+02 1.642479120587454702e+02 1.375383747677607573e+02
2.550000000000000000e+02 1.617328054498805727e+02 1.367416261169601057e+02
2.550000000000000000e+02 1.613149174997788293e+02 1.363217254268778333e+02
2.550000000000000000e+02 1.618869459435548208e+02 1.368843714058214687e+02
2.550000000000000000e+02 1.629394983632663809e+02 1.377580863487569616e+02
2.550000000000000000e+02 1.673977616561974742e+02 1.395350128284526363e+02
2.550000000000000000e+02 1.682116893745023560e+02 1.402183380518446540e+02
2.550000000000000000e+02 1.691664889852251576e+02 1.405180947536052258e+02
2.550000000000000000e+02 1.696884422277271653e+02 1.407160853313279745e+02
2.550000000000000000e+02 1.697313500840484721e+02 1.407169202866495539e+02
2.550000000000000000e+02 1.697352185260550357e+02 1.407384212156064791e+02
2.550000000000000000e+02 1.699541692471025272e+02 1.407820025656905329e+02
2.550000000000000000e+02 1.701656518181013951e+02 1.405895171635849010e+02
2.550000000000000000e+02 1.708674422719631991e+02 1.408114615588781646e+02
2.550000000000000000e+02 1.716796248783508929e+02 1.411348270370698117e+02
2.550000000000000000e+02 1.726376470848447298e+02 1.414975736530124664e+02
2.550000000000000000e+02 1.732143523843227513e+02 1.416418804742103816e+02
2.550000000000000000e+02 1.734340518004069622e+02 1.415281949482438222e+02
2.550000000000000000e+02 1.740178359727505892e+02 1.416392152525878032e+02
2.550000000000000000e+02 1.706504478899407218e+02 1.407297542687782084e+02
2.550000000000000000e+02 1.706197502875342877e+02 1.404552629832787716e+02
2.550000000000000000e+02 1.705071408033265641e+02 1.401478910466247783e+02
2.550000000000000000e+02 1.703973060249491311e+02 1.399931036008139529e+02
2.550000000000000000e+02 1.683623628682650519e+02 1.389855602494912716e+02
2.549999977881978168e+02 1.644418362381668715e+02 1.375760085817924505e+02
2.550000000000000000e+02 1.620737282137485522e+02 1.366452578961337565e+02
2.550000000000000000e+02 1.617250143767141424e+02 1.365169457223746008e+02
2.550000000000000000e+02 1.622668218614527120e+02 1.370208915774573200e+02
2.550000000000000000e+02 1.628488752985932990e+02 1.375441420419357712e+02
2.550000000000000000e+02 1.673735700698929350e+02 1.393064109086083420e+02
2.550000000000000000e+02 1.682836757940369807e+02 1.399763812704591714e+02
2.550000000000000000e+02 1.691588085021675738e+02 1.403992756347872159e+02
2.550000000000000000e+02 1.696908962222418893e+02 1.405477970450322971e+02
2.550000000000000000e+02 1.697785831195257913e+02 1.405887485623285897e+02
2.550000000000000000e+02 1.697459535079182444e+02 1.405412290984694437e+02
2.550000000000000000e+02 1.700425915686101064e+02 1.406351599132973433e+02
2.550000000000000000e+02 1.699334568256215050e+02 1.403842884632398409e+02
2.550000000000000000e+02 1.701304178094311226e+02 1.402991075378218113e+02
2.550000000000000000e+02 1.703209004246660072e+02 1.403500298593293678e+02
2.550000000000000000e+02 1.707056091303193739e+02 1.404865345483499937e+02
2.549999856232858519e+02 1.713994669556754786e+02 1.407523334512961242e+02
2.550000000000000000e+02 1.717073487127311466e+02 1.406401408917986373e+02
2.550000000000000000e+02 1.724812549765549079e+02 1.409034924356365650e+02
2.550000000000000000e+02 1.730619536848624307e+02 1.410840982482526726e+02
2.550000000000000000e+02 1.733710773688401332e+02 1.412056699548792267e+02
2.549999988940989226e+02 1.705163739715119959e+02 1.403941586304520968e+02
2.550000000000000000e+02 1.700680162346279758e+02 1.399819328939219645e+02
2.549999966822967394e+02 1.674165774573122292e+02 1.389458263292931122e+02
2.550000000000000000e+02 1.630795507829779751e+02 1.370695932495797535e+02
2.550000000000000000e+02 1.609566918074847308e+02 1.363176844643015215e+02
2.550000000000000000e+02 1.603587863841458159e+02 1.359684475360523663e+02
2.549999933645934789e+02 1.614651983986552182e+02 1.368007862956737029e+02
2.550000000000000000e+02 1.661577523666283298e+02 1.385316752189684166e+02
2.550000000000000000e+02 1.670309995134035148e+02 1.391369934973016029e+02
2.550000000000000000e+02 1.680212742192338453e+02 1.398482405113686582e+02
2.550000000000000000e+02 1.686398677342298527e+02 1.401088936565513450e+02
2.550000000000000000e+02 1.690442183491108494e+02 1.403209501902150009e+02
2.550000000000000000e+02 1.691057418384499726e+02 1.403168141201450965e+02
2.550000000000000000e+02 1.692490644076793842e+02 1.403334844731487294e+02
2.550000000000000000e+02 1.694137164911970217e+02 1.404523699460320358e+02
2.549999933645934789e+02 1.695005186676103790e+02 1.401716634964168691e+02
2.550000000000000000e+02 1.700130053967972970e+02 1.404327346722109269e+02
2.550000000000000000e+02 1.708656462885959400e+02 1.405593913120410434e+02
2.550000000000000000e+02 1.713399805361408426e+02 1.408326063876846774e+02
2.550000000000000000e+02 1.717237636025833751e+02 1.406799610722816851e+02
2.550000000000000000e+02 1.721313445545430341e+02 1.407793362381668487e+02
2.550000000000000000e+02 1.724895945766610623e+02 1.409221478810935082e+02
2.550000000000000000e+02 1.726078275679023193e+02 1.407808612757675064e+02
2.550000000000000000e+02 1.728983986552242698e+02 1.408207201627886320e+02
2.550000000000000000e+02 1.697618364593470801e+02 1.398518169954879227e+02
2.550000000000000000e+02 1.698839058214633155e+02 1.398338217729806274e+02
2.550000000000000000e+02 1.677368530478634057e+02 1.388711227107847606e+02
2.550000000000000000e+02 1.643075931168716295e+02 1.376183513226577020e+02
2.549999988940989226e+02 1.622344853136335416e+02 1.367316674776608068e+02
2.549999977881978168e+02 1.620103600813943103e+02 1.365317437848358963e+02
2.550000000000000000e+02 1.626799997788197913e+02 1.370220151729629379e+02
2.550000000000000000e+02 1.674504677961603250e+02 1.388107526762806287e+02
2.550000000000000000e+02 1.683961503583119566e+02 1.392893203131911832e+02
2.550000000000000000e+02 1.697332732460408806e+02 1.401528742369282554e+02
2.550000000000000000e+02 1.698311786693798240e+02 1.402290066796425663e+02
2.550000000000000000e+02 1.700249126338140400e+02 1.403959999557639549e+02
2.550000000000000000e+02 1.692217762983278817e+02 1.399603899407237009e+02
2.550000000000000000e+02 1.687889708484473203e+02 1.394922531628771196e+02
2.550000000000000000e+02 1.692904096257630613e+02 1.395980093780412403e+02
2.550000000000000000e+02 1.699880253030169115e+02 1.399184243121295310e+02
2.550000000000000000e+02 1.706509068388923254e+02 1.401668008493320485e+02
2.549999988940989226e+02 1.715540232681588861e+02 1.404192537379456667e+02
2.549999933645934789e+02 1.721544025922321453e+02 1.406192482084402400e+02
2.550000000000000000e+02 1.727305217641334139e+02 1.408361353180571598e+02
2.550000000000000000e+02 1.727062782004777546e+02 1.406122987260019386e+02
2.550000000000000000e+02 1.728831737149429273e+02 1.407223624259046346e+02
2.550000000000000000e+02 1.697546149252410999e+02 1.398102550207909474e+02
2.550000000000000000e+02 1.700012607272405489e+02 1.397771476599133109e+02
2.550000000000000000e+02 1.695816033353976877e+02 1.394949581969388532e+02
2.550000000000000000e+02 1.679216922498451652e+02 1.388589168804741973e+02
2.550000000000000000e+02 1.637807639564717306e+02 1.370561687162700082e+02
2.550000000000000000e+02 1.617458794125453494e+02 1.363056821197912143e+02
2.550000000000000000e+02 1.611911317791736735e+02 1.361480635671945549e+02
2.549999889409891125e+02 1.616399031230646699e+02 1.365003605237547504e+02
2.550000000000000000e+02 1.662712100769707035e+02 1.383513480934265374e+02
2.550000000000000000e+02 1.665743641068742704e+02 1.384714533752101318e+02
2.550000000000000000e+02 1.674520403875077363e+02 1.389925871450057571e+02
2.550000000000000000e+02 1.678924013536229438e+02 1.394352793506148771e+02
2.550000000000000000e+02 1.675409459877908489e+02 1.393289093603468132e+02
2.550000000000000000e+02 1.675742280810404452e+02 1.393581261611961395e+02
2.550000000000000000e+02 1.678137563036362110e+02 1.394362237901441972e+02
2.550000000000000000e+02 1.682066497832433924e+02 1.396569284703176095e+02
2.550000000000000000e+02 1.692084280721932146e+02 1.401872567017605888e+02
2.550000000000000000e+02 1.697902437405998342e+02 1.404669401928691457e+02
2.550000000000000000e+02 1.702511611961426183e+02 1.403599066619481448e+02
2.550000000000000000e+02 1.710560603379633733e+02 1.405967973104485509e+02
2.550000000000000000e+02 1.716366208086348877e+02 1.407773268158895803e+02
2.550000000000000000e+02 1.717950112801910905e+02 1.406837620543218748e+02
2.550000000000000000e+02 1.720459479784128121e+02 1.403206670795364062e+02
2.550000000000000000e+02 1.722311698221710969e+02 1.403276220914801513e+02
2.550000000000000000e+02 1.723976068300451345e+02 1.402955763956471742e+02
2.549999867291869293e+02 1.728784537290984815e+02 1.404233975493231981e+02
2.550000000000000000e+02 1.730670120764398803e+02 1.404280003096523046e+02
2.550000000000000000e+02 1.681447458639299271e+02 1.388639133415907168e+02
2.550000000000000000e+02 1.640933590639653232e+02 1.375087089710696375e+02
2.550000000000000000e+02 1.609386235955056179e+02 1.362101400070777686e+02
2.550000000000000000e+02 1.603898588870211483e+02 1.358440214987171544e+02
2.549999988940989226e+02 1.603387242325046316e+02 1.358469300185791440e+02
2.550000000000000000e+02 1.647761280191099615e+02 1.374511258073077897e+02
2.550000000000000000e+02 1.653915564451915543e+02 1.381042920021233442e+02
2.549999878350880351e+02 1.661953574272316985e+02 1.387230801557108748e+02
2.550000000000000000e+02 1.669117479872600143e+02 1.389926734052906170e+02
2.550000000000000000e+02 1.676819870830752848e+02 1.395049234716447017e+02
2.550000000000000000e+02 1.677579348403078825e+02 1.395163662302043690e+02
2.550000000000000000e+02 1.677737204724409423e+02 1.394941398301336051e+02
2.550000000000000000e+02 1.677851886667256451e+02 1.395725725471113776e+02
2.550000000000000000e+02 1.681112282137485749e+02 1.396162357338759534e+02
2.550000000000000000e+02 1.686324615146421309e+02 1.397453872865610833e+02
2.550000000000000000e+02 1.692690933822878776e+02 1.399402337874900581e+02
2.550000000000000000e+02 1.699490002654162595e+02 1.402916659293992723e+02
2.550000000000000000e+02 1.704055228700345026e+02 1.404548637529859434e+02
2.550000000000000000e+02 1.703754655843581247e+02 1.402112260019463861e+02
2.550000000000000000e+02 1.706463118198708173e+02 1.402047255153499066e+02
2.549999900468902183e+02 1.706155788286295660e+02 1.399549135185349087e+02
2.550000000000000000e+02 1.707094244890736832e+02 1.399495819693886460e+02
2.549999944704945563e+02 1.707599785455188908e+02 1.397714135627709595e+02
2.550000000000000000e+02 1.713480392373706138e+02 1.398489372290542292e+02
2.550000000000000000e+02 1.717623341148367615e+02 1.400775999734583763e+02
2.550000000000000000e+02 1.705774860656462977e+02 1.394497943023976063e+02
2.550000000000000000e+02 1.668340197292754112e+02 1.380862801910997177e+02
2.550000000000000000e+02 1.638324272317084080e+02 1.369730049544368740e+02
2.550000000000000000e+02 1.630623186322215474e+02 1.366104253295585238e+02
2.549999966822967394e+02 1.628682882862956660e+02 1.365625420242413384e+02
2.550000000000000000e+02 1.634640637441387128e+02 1.373482803238078418e+02
2.550000000000000000e+02 1.639224177209590323e+02 1.377286771211182952e+02
2.550000000000000000e+02 1.682074449261258167e+02 1.394440458285411069e+02
2.550000000000000000e+02 1.688134079447934255e+02 1.397684818189861176e+02
2.550000000000000000e+02 1.693788208882597530e+02 1.399005629036539062e+02
2.550000000000000000e+02 1.692747091480138124e+02 1.398960574626205471e+02
2.550000000000000000e+02 1.696346058568521755e+02 1.403372555958595171e+02
2.550000000000000000e+02 1.694885262762098534e+02 1.401326738476510627e+02
2.550000000000000000e+02 1.697384676634521838e+02 1.400475625940015902e+02
2.550000000000000000e+02 1.701909017517473330e+02 1.403173858710077013e+02
2.550000000000000000e+02 1.707659990710430975e+02 1.404593105812616045e+02
2.550000000000000000e+02 1.710307694859771743e+02 1.405762751039547140e+02
2.550000000000000000e+02 1.714211459347075959e+02 1.406937328585331386e+02
2.550000000000000000e+02 1.714803149606299257e+02 1.405383349553216021e+02
2.550000000000000000e+02 1.717533177032646279e+02 1.405091657082190579e+02
2.550000000000000000e+02 1.725810935149960130e+02 1.407340130938688958e+02
2.550000000000000000e+02 1.730442880208794065e+02 1.411107349818632315e+02
2.550000000000000000e+02 1.734798460585685120e+02 1.412023533575157046e+02
2.550000000000000000e+02 1.706481078032380765e+02 1.403645193753870615e+02
2.550000000000000000e+02 1.707414414314783642e+02 1.401150325134919967e+02
2.550000000000000000e+02 1.711086459347075959e+02 1.402607338759621314e+02
2.549999834114836688e+02 1.701353280102627537e+02 1.396774186056799181e+02
2.550000000000000000e+02 1.663759864637706869e+02 1.380092431212952420e+02
2.550000000000000000e+02 1.639422885517119255e+02 1.370675606033796328e+02
2.550000000000000000e+02 1.634196065203928185e+02 1.369181511545607464e+02
2.549999944704945563e+02 1.634140029195788770e+02 1.369175373794567747e+02
2.550000000000000000e+02 1.640602395381756935e+02 1.373340296823852213e+02
2.550000000000000000e+02 1.652145669291338663e+02 1.383781650889144430e+02
2.550000000000000000e+02 1.693457610811288987e+02 1.397020558701229902e+02
2.550000000000000000e+02 1.701252056976024107e+02 1.400449792090595338e+02
2.550000000000000000e+02 1.707128959125895733e+02 1.403518811377510360e+02
2.549999966822967394e+02 1.704215683889233048e+02 1.401988000973192925e+02
2.550000000000000000e+02 1.702355370255684193e+02 1.401450477749270078e+02
2.550000000000000000e+02 1.700627952755905596e+02 1.398780390161903995e+02
2.549999789878793308e+02 1.704831825621516543e+02 1.399245565336636332e+02
2.550000000000000000e+02 1.709482515703795400e+02 1.401711171812792998e+02
2.550000000000000000e+02 1.714369813323896210e+02 1.402782225957710409e+02
2.550000000000000000e+02 1.718681323542422490e+02 1.404225559585950691e+02
2.550000000000000000e+02 1.722921226665486927e+02 1.405612989914181981e+02
2.550000000000000000e+02 1.728140427320180379e+02 1.407609550561797676e+02
2.549999977881978168e+02 1.733535543660974838e+02 1.410775878085464115e+02
2.550000000000000000e+02 1.700881170928072095e+02 1.399909481995930207e+02
2.550000000000000000e+02 1.704300495443687566e+02 1.399964080332655101e+02
2.550000000000000000e+02 1.706332986817658934e+02 1.399523644165265921e+02
2.550000000000000000e+02 1.706836824294435075e+02 1.396691951251879971e+02
2.550000000000000000e+02 1.707641068742811683e+02 1.396683712288772767e+02
2.550000000000000000e+02 1.689817526320445893e+02 1.387465097761656239e+02
2.550000000000000000e+02 1.657309497478545381e+02 1.375659802707245944e+02
2.550000000000000000e+02 1.639328718039458579e+02 1.368884101565955973e+02
2.550000000000000000e+02 1.636833141643811302e+02 1.368959922144563279e+02
2.550000000000000000e+02 1.644688655666637089e+02 1.372020647173316945e+02
2.550000000000000000e+02 1.662990279129434725e+02 1.385025756436344295e+02
2.550000000000000000e+02 1.675840318941873761e+02 1.390352881978235757e+02
2.550000000000000000e+02 1.722219676192161444e+02 1.406887994337786552e+02
2.550000000000000000e+02 1.723873838803857268e+02 1.407152614350172541e+02
2.550000000000000000e+02 1.721770392816066533e+02 1.406252432982394112e+02
2.550000000000000000e+02 1.681074360789170896e+02 1.393661859683269881e+02
2.550000000000000000e+02 1.682311642926656532e+02 1.393422763867999663e+02
2.550000000000000000e+02 1.683973137662567581e+02 1.391566608422542686e+02
2.550000000000000000e+02 1.690079304167035161e+02 1.393797476333716645e+02
2.550000000000000000e+02 1.706590429531982522e+02 1.402092906750420127e+02
2.550000000000000000e+02 1.713986795541006813e+02 1.405196872511722574e+02
2.550000000000000000e+02 1.715825643634433391e+02 1.402662147217552899e+02
2.550000000000000000e+02 1.720308092984163579e+02 1.404800263204458872e+02
2.550000000000000000e+02 1.720358798549057724e+02 1.401482880651154517e+02
2.550000000000000000e+02 1.719417300716623913e+02 1.397909338228788840e+02
2.550000000000000000e+02 1.721496715473768120e+02 1.398804642572768273e+02
2.550000000000000000e+02 1.720665387507741286e+02 1.396379401486331062e+02
2.550000000000000000e+02 1.722638934353711306e+02 1.396229750951075061e+02
2.550000000000000000e+02 1.722204879235601140e+02 1.394990732548880885e+02
2.550000000000000000e+02 1.674526873396443420e+02 1.380616716800849417e+02
2.550000000000000000e+02 1.637350670176059566e+02 1.368010893125718894e+02
2.550000000000000000e+02 1.599525833849420451e+02 1.354223038131469536e+02
2.550000000000000000e+02 1.589334369194019416e+02 1.350355867911173959e+02
2.550000000000000000e+02 1.587635915243740499e+02 1.350355016367336134e+02
2.550000000000000000e+02 1.634813003184995068e+02 1.368133581792444602e+02
2.550000000000000000e+02 1.643816420419357769e+02 1.373949349730160066e+02
2.550000000000000000e+02 1.690092939927452846e+02 1.392413341590728066e+02
2.550000000000000000e+02 1.697231553569848757e+02 1.396285786959214477e+02
2.550000000000000000e+02 1.703718636645138531e+02 1.399143966203662615e+02
2.550000000000000000e+02 1.705088980801557170e+02 1.400166039989383364e+02
2.550000000000000000e+02 1.703330288419003864e+02 1.399584955321596169e+02
2.550000000000000000e+02 1.705040088914447551e+02 1.399188545076528385e+02
2.550000000000000000e+02 1.704502598867557310e+02 1.398244658497743842e+02
2.550000000000000000e+02 1.711210032734672097e+02 1.399642793948509336e+02
2.550000000000000000e+02 1.718912689109086216e+02 1.402035267185702878e+02
2.550000000000000000e+02 1.726641157214898783e+02 1.405761700433513113e+02
2.550000000000000000e+02 1.733367601521719905e+02 1.408055693178802130e+02
2.550000000000000000e+02 1.741851355834734250e+02 1.410233820667079669e+02
2.549999867291869293e+02 1.710973204016632678e+02 1.402118784835884355e+02
2.550000000000000000e+02 1.712428481376625768e+02 1.399235523754755377e+02
2.550000000000000000e+02 1.718614416526585842e+02 1.401460430859063990e+02
2.550000000000000000e+02 1.718294280279571922e+02 1.399468083694594327e+02
2.549999911527912957e+02 1.718288009820401783e+02 1.395656319118818089e+02
2.550000000000000000e+02 1.723558303105370157e+02 1.397501282845262267e+02
2.550000000000000000e+02 1.717930671060780412e+02 1.393810083606122134e+02
2.550000000000000000e+02 1.697147803680438756e+02 1.385141522162257672e+02
2.550000000000000000e+02 1.655443422100327382e+02 1.370215252587808550e+02
2.550000000000000000e+02 1.630673836592055181e+02 1.361542101654428052e+02
2.550000000000000000e+02 1.584848016013447705e+02 1.349382918251791637e+02
2.550000000000000000e+02 1.628440767937715634e+02 1.360800097319295787e+02
2.550000000000000000e+02 1.638019253737945746e+02 1.368189429797398873e+02
2.550000000000000000e+02 1.648452833318588091e+02 1.377670651596921232e+02
2.550000000000000000e+02 1.691682418384499726e+02 1.393487602848801146e+02
2.550000000000000000e+02 1.699533353976820251e+02 1.396851322657701360e+02
2.550000000000000000e+02 1.704245897106962673e+02 1.399158353976820308e+02
2.550000000000000000e+02 1.705510008404848179e+02 1.399695534371405756e+02
2.550000000000000000e+02 1.705185747146775270e+02 1.399390825444572215e+02
2.550000000000000000e+02 1.709074029018844669e+02 1.399688290719278143e+02
2.550000000000000000e+02 1.709809320534371295e+02 1.399319627532513550e+02
2.550000000000000000e+02 1.714584313898964751e+02 1.400588560559143616e+02
2.550000000000000000e+02 1.722270669291338550e+02 1.402751116960099012e+02
2.550000000000000000e+02 1.728135771476599132e+02 1.404700223392019893e+02
2.550000000000000000e+02 1.733873374325400221e+02 1.407009002034857872e+02
2.550000000000000000e+02 1.740724199327612212e+02 1.408954846058568648e+02
2.550000000000000000e+02 1.707141212509953050e+02 1.398752200743165588e+02
2.550000000000000000e+02 1.707918572502875350e+02 1.396209734141378362e+02
2.550000000000000000e+02 1.707685415376448645e+02 1.393246991949040137e+02
2.550000000000000000e+02 1.711264244006016213e+02 1.394636888436698143e+02
2.550000000000000000e+02 1.712768081482792297e+02 1.393196242148102328e+02
2.550000000000000000e+02 1.715208407060072489e+02 1.391934541714589102e+02
2.550000000000000000e+02 1.711390471556223929e+02 1.391126780500752034e+02
2.550000000000000000e+02 1.680552309121472092e+02 1.378203242501990644e+02
2.550000000000000000e+02 1.639153797664336878e+02 1.363167953198265820e+02
2.550000000000000000e+02 1.621971744227196268e+02 1.356408884809342794e+02
2.550000000000000000e+02 1.617703662744404198e+02 1.355192869149783235e+02
2.550000000000000000e+02 1.621546204547465209e+02 1.358911284614704016e+02
2.550000000000000000e+02 1.627956018313722097e+02 1.365576959656728206e+02
2.550000000000000000e+02 1.671064031673007264e+02 1.382443267274175014e+02
2.550000000000000000e+02 1.677315646288595872e+02 1.385244735910819998e+02
2.550000000000000000e+02 1.688355359196673362e+02 1.392907425019906213e+02
2.550000000000000000e+02 1.691683546403609739e+02 1.394768833495532192e+02
2.550000000000000000e+02 1.695033962222418893e+02 1.397101908785278113e+02
2.550000000000000000e+02 1.694691696894629729e+02 1.397736640714854559e+02
2.550000000000000000e+02 1.695218249579757526e+02 1.396023080155710829e+02
2.550000000000000000e+02 1.697218924179421435e+02 1.395847828010262788e+02
2.550000000000000000e+02 1.699498706095726845e+02 1.396615489250641531e+02
2.550000000000000000e+02 1.707173139874369667e+02 1.399119923914005028e+02
2.550000000000000000e+02 1.711708772007431776e+02 1.398394651862337525e+02
2.550000000000000000e+02 1.718102329027691724e+02 1.400846158099619458e+02
2.550000000000000000e+02 1.725253284526231994e+02 1.402947259577103409e+02
2.549999955763956336e+02 1.730484307263558321e+02 1.404073752543572482e+02
2.550000000000000000e+02 1.730482217110501608e+02 1.403117579403698016e+02
2.549999988940989226e+02 1.736232670529947768e+02 1.403509720870565332e+02
2.550000000000000000e+02 1.704812129523135411e+02 1.395886932672741807e+02
2.550000000000000000e+02 1.709992734229850555e+02 1.396746560647615638e+02
2.550000000000000000e+02 1.707954138281872076e+02 1.393522615677253782e+02
2.550000000000000000e+02 1.683960408741042158e+02 1.381426125807307699e+02
2.550000000000000000e+02 1.648385417588251016e+02 1.369946242148102158e+02
2.550000000000000000e+02 1.625232913828187122e+02 1.359417732018048355e+02
2.550000000000000000e+02 1.622852682916040123e+02 1.357879799610722955e+02
2.550000000000000000e+02 1.632464301512872566e+02 1.363574980093780482e+02
2.549999977881978168e+02 1.645456670795364005e+02 1.374743143413253108e+02
2.550000000000000000e+02 1.690429996461116389e+02 1.388250973192957645e+02
2.549999966822967394e+02 1.702591590728125368e+02 1.393974144032557660e+02
2.550000000000000000e+02 1.708241418207555569e+02 1.399527581173139765e+02
2.550000000000000000e+02 1.709889365655135691e+02 1.400758869326727449e+02
2.550000000000000000e+02 1.706505009731929476e+02 1.397293561443864576e+02
2.550000000000000000e+02 1.708325112801911132e+02 1.397118397770503293e+02
2.550000000000000000e+02 1.715019751393435286e+02 1.400262253384057374e+02
2.550000000000000000e+02 1.718811897283906944e+02 1.399024407237016590e+02
2.549999800937804082e+02 1.723600946651331469e+02 1.400004821728744560e+02
2.550000000000000000e+02 1.728091800849332174e+02 1.401905788286295547e+02
2.550000000000000000e+02 1.732491075378218284e+02 1.402570213660090133e+02
2.550000000000000000e+02 1.702831029372732985e+02 1.392766267805007487e+02
2.550000000000000000e+02 1.705651729629302054e+02 1.393686366451384515e+02
2.550000000000000000e+02 1.705861165177386454e+02 1.392348823321242151e+02
2.550000000000000000e+02 1.711179907989029516e+02 1.394665531274882824e+02
2.550000000000000000e+02 1.712514620012386217e+02 1.392247743961779918e+02
2.550000000000000000e+02 1.711430914359019653e+02 1.390100736530124834e+02
2.550000000000000000e+02 1.704928956914093590e+02 1.386584888967530844e+02
2.549999933645934789e+02 1.668446175794036890e+02 1.373894950455631374e+02
2.550000000000000000e+02 1.627870620631690599e+02 1.356961923825533063e+02
2.550000000000000000e+02 1.617080786074493517e+02 1.352609008670264643e+02
2.550000000000000000e+02 1.616983190303459139e+02 1.352572547111386427e+02
2.550000000000000000e+02 1.630951992833761039e+02 1.363924964611165080e+02
2.550000000000000000e+02 1.645578872865610833e+02 1.374640272494028181e+02
2.550000000000000000e+02 1.695116362912501131e+02 1.392208108466778640e+02
2.550000000000000000e+02 1.703754501017428993e+02 1.396795817482084487e+02
2.550000000000000000e+02 1.708446994160842394e+02 1.399348259311687173e+02
2.550000000000000000e+02 1.709868309298416307e+02 1.399457710342387031e+02
2.550000000000000000e+02 1.707262574095372827e+02 1.396119249314341459e+02
2.549999911527912957e+02 1.708817139255064887e+02 1.397012795275590520e+02
2.550000000000000000e+02 1.714270459170131744e+02 1.399124834114836631e+02
2.550000000000000000e+02 1.717603147394497114e+02 1.397891035565779134e+02
2.550000000000000000e+02 1.717836315579934592e+02 1.396883692382553193e+02
2.550000000000000000e+02 1.718762142793948442e+02 1.396009024152879761e+02
2.550000000000000000e+02 1.723571496505352627e+02 1.397844609838095948e+02
2.550000000000000000e+02 1.694542433424754506e+02 1.390822137927983704e+02
2.550000000000000000e+02 1.700790111032469270e+02 1.391815281341236812e+02
2.550000000000000000e+02 1.704954348403078939e+02 1.393493143413253108e+02
2.549999878350880351e+02 1.708473414137839370e+02 1.394975493231885366e+02
2.550000000000000000e+02 1.708696562859417725e+02 1.391392041935769157e+02
2.550000000000000000e+02 1.705691000176944101e+02 1.389065369813323798e+02
2.550000000000000000e+02 1.703857438290719415e+02 1.387538275236662741e+02
2.550000000000000000e+02 1.692145105281783515e+02 1.380796259842519760e+02
2.550000000000000000e+02 1.652898710519331189e+02 1.366952943908696909e+02
2.550000000000000000e+02 1.621424511191719091e+02 1.356001968503937007e+02
2.550000000000000000e+02 1.613547896576130256e+02 1.353445224719101248e+02
2.550000000000000000e+02 1.612643944085641010e+02 1.353099796514199795e+02
2.550000000000000000e+02 1.622803282314429794e+02 1.361145580819251393e+02
2.550000000000000000e+02 1.668614825709988452e+02 1.378636324427143336e+02
2.549999944704945563e+02 1.675466270016809744e+02 1.385512850570644900e+02
2.550000000000000000e+02 1.681369503671591588e+02 1.388450765283552926e+02
2.550000000000000000e+02 1.688416073166415856e+02 1.393168130142440191e+02
2.550000000000000000e+02 1.689631933999823161e+02 1.393705498540210499e+02
2.550000000000000000e+02 1.690194362116252194e+02 1.393647781562416981e+02
2.550000000000000000e+02 1.691958738830398943e+02 1.395000674599663739e+02
2.550000000000000000e+02 1.695816497832433924e+02 1.396547277271520784e+02
2.550000000000000000e+02 1.700950123860921792e+02 1.397804012209147970e+02
2.550000000000000000e+02 1.702065911704857228e+02 1.396231398743696275e+02
2.550000000000000000e+02 1.707109915509156792e+02 1.397473491550915696e+02
2.550000000000000000e+02 1.714000376006370061e+02 1.399415708219056853e+02
2.550000000000000000e+02 1.717258062018933060e+02 1.397703386269132011e+02
2.550000000000000000e+02 1.724930648942758467e+02 1.400266002388746358e+02
2.550000000000000000e+02 1.728890526851278366e+02 1.402054642572768159e+02
2.549999988940989226e+02 1.731814927452888639e+02 1.401335762629390445e+02
2.550000000000000000e+02 1.739457256922940758e+02 1.404205951959656602e+02
2.550000000000000000e+02 1.713017429001150163e+02 1.397212996549588695e+02
2.550000000000000000e+02 1.717521907900557494e+02 1.397801612403786464e+02
2.550000000000000000e+02 1.709889896487658234e+02 1.394104574006900918e+02
2.549999911527912957e+02 1.672122467486508128e+02 1.376882177298062402e+02
2.550000000000000000e+02 1.630764929664690897e+02 1.358536760152171894e+02
2.550000000000000000e+02 1.617086315579934421e+02 1.354423659647881095e+02
2.550000000000000000e+02 1.612711680527293652e+02 1.352147361320003540e+02
2.550000000000000000e+02 1.615578452623197450e+02 1.356285831195257856e+02
2.550000000000000000e+02 1.664724807573210512e+02 1.377112271078474635e+02
2.550000000000000000e+02 1.668569229408121828e+02 1.380545297708573003e+02
2.550000000000000000e+02 1.680732161815447228e+02 1.387441884897814646e+02
2.550000000000000000e+02 1.687238244271432279e+02 1.392460618862249078e+02
2.550000000000000000e+02 1.688465119879678014e+02 1.392628970184906620e+02
2.550000000000000000e+02 1.687719344421834933e+02 1.392467331681854432e+02
2.550000000000000000e+02 1.687126072724055632e+02 1.392137751039547027e+02
2.550000000000000000e+02 1.690790863045209278e+02 1.393770160576837895e+02
2.550000000000000000e+02 1.696704503229231307e+02 1.395814031673007207e+02
2.550000000000000000e+02 1.701830266300981975e+02 1.397468990533486703e+02
2.550000000000000000e+02 1.707987923560116883e+02 1.399897903211536629e+02
2.550000000000000000e+02 1.711730038485357852e+02 1.397975504290896254e+02
2.550000000000000000e+02 1.716270636114306001e+02 1.400545917013182304e+02
2.550000000000000000e+02 1.717550086260284843e+02 1.398056810138901085e+02
2.550000000000000000e+02 1.721575245510041441e+02 1.398694904007785453e+02
2.550000000000000000e+02 1.725378970184906677e+02 1.400604087410422096e+02
2.550000000000000000e+02 1.728644729275413567e+02 1.398382498009378025e+02
2.550000000000000000e+02 1.731988553923737015e+02 1.400439451915420648e+02
2.550000000000000000e+02 1.699575289746085218e+02 1.389501459789436524e+02
2.550000000000000000e+02 1.695612536494735991e+02 1.387957002565690630e+02
2.550000000000000000e+02 1.661969289126780609e+02 1.373944693886578818e+02
2.550000000000000000e+02 1.631415287976643356e+02 1.362305494116606326e+02
2.550000000000000000e+02 1.614521045297708497e+02 1.354388248695036623e+02
2.550000000000000000e+02 1.616411649562063246e+02 1.357840783420330979e+02
2.550000000000000000e+02 1.621258438025303121e+02 1.359133294258161584e+02
2.550000000000000000e+02 1.670384543926391245e+02 1.380641864991595185e+02
2.550000000000000000e+02 1.675957433867114901e+02 1.384702413076174423e+02
2.550000000000000000e+02 1.688973016013447648e+02 1.391626559320534398e+02
2.550000000000000000e+02 1.693102870919225040e+02 1.392845240201716308e+02
2.550000000000000000e+02 1.693471069627532586e+02 1.393204414757144036e+02
2.550000000000000000e+02 1.693172078209325093e+02 1.393840484827037187e+02
2.550000000000000000e+02 1.695669766876050630e+02 1.395269297973989069e+02
2.550000000000000000e+02 1.697361342121560597e+02 1.393468791471290729e+02
2.549999944704945563e+02 1.702861342121560710e+02 1.394750796248783615e+02
2.550000000000000000e+02 1.707748993630009693e+02 1.395418063788374639e+02
2.550000000000000000e+02 1.712804189153322056e+02 1.397687981066973464e+02
2.550000000000000000e+02 1.714863498628682521e+02 1.395507398478279981e+02
2.550000000000000000e+02 1.721424168362381693e+02 1.398014144474918226e+02
2.550000000000000000e+02 1.726156385472883414e+02 1.399211415111032579e+02
2.550000000000000000e+02 1.727210154383791973e+02 1.398260096876935279e+02
2.550000000000000000e+02 1.732556036008139415e+02 1.400468581350083923e+02
2.550000000000000000e+02 1.736226444306821293e+02 1.401347120233566272e+02
2.550000000000000000e+02 1.701372401132442747e+02 1.389543594620897125e+02
2.550000000000000000e+02 1.690170872777138698e+02 1.384619603202689575e+02
2.549999867291869293e+02 1.654771056356719328e+02 1.370842851455365974e+02
2.550000000000000000e+02 1.621620952402017224e+02 1.356814883216844976e+02
2.550000000000000000e+02 1.613902592232150823e+02 1.353563478722463174e+02
2.550000000000000000e+02 1.612990057949216975e+02 1.353063932141909333e+02
2.550000000000000000e+02 1.625772748385384432e+02 1.362804332920463537e+02
2.550000000000000000e+02 1.670274340882951378e+02 1.380114206405379207e+02
2.550000000000000000e+02 1.674703773334512960e+02 1.383628395116340926e+02
2.550000000000000000e+02 1.684291703530036273e+02 1.389408530920994451e+02
2.549999944704945563e+02 1.687440259223214980e+02 1.390890316730071561e+02
2.550000000000000000e+02 1.688187029992037651e+02 1.391363841458019976e+02
2.550000000000000000e+02 1.687189330266301113e+02 1.391302486065646349e+02
2.550000000000000000e+02 1.687604806246129385e+02 1.391581272670972282e+02
2.550000000000000000e+02 1.690338062903653906e+02 1.391848546845970134e+02
2.550000000000000000e+02 1.693062018933026707e+02 1.392936875165885056e+02
2.550000000000000000e+02 1.694526442095018979e+02 1.393208163761833021e+02
2.549999933645934789e+02 1.695481642041935686e+02 1.392636468194284589e+02
2.550000000000000000e+02 1.698416957887286571e+02 1.393887850570644957e+02
2.550000000000000000e+02 1.698130629036539005e+02 1.391710784747412220e+02
2.550000000000000000e+02 1.697806931788020961e+02 1.391057307794390852e+02
2.550000000000000000e+02 1.700827855436609752e+02 1.392390936034680919e+02
2.550000000000000000e+02 1.706196275325135048e+02 1.393838626913208998e+02
2.550000000000000000e+02 1.707525457843050560e+02 1.392661041316464718e+02
2.550000000000000000e+02 1.709648290276917635e+02 1.392510406529239901e+02
2.549999745642749645e+02 1.690860833407060113e+02 1.386279085198619896e+02
2.549999933645934789e+02 1.652974896045297726e+02 1.371345726798195130e+02
2.550000000000000000e+02 1.630184276298327859e+02 1.361808402636468145e+02
2.549999966822967394e+02 1.625948166415995786e+02 1.360229773069096666e+02
2.550000000000000000e+02 1.628620410510484078e+02 1.362607139697425396e+02
2.550000000000000000e+02 1.638187582942581741e+02 1.371659891179332931e+02
2.550000000000000000e+02 1.643090219410775887e+02 1.376458794125453551e+02
2.550000000000000000e+02 1.690057031319118721e+02 1.393681688489781436e+02
2.550000000000000000e+02 1.690296337255595915e+02 1.394363974166150513e+02
2.550000000000000000e+02 1.690502355569317956e+02 1.393296038662302010e+02
2.550000000000000000e+02 1.695108776431036119e+02 1.396804653631779161e+02
2.550000000000000000e+02 1.692809442183491058e+02 1.394509698752543443e+02
2.550000000000000000e+02 1.695305283995399463e+02 1.395275291957887305e+02
2.550000000000000000e+02 1.699088151375740949e+02 1.396185293727328940e+02
2.550000000000000000e+02 1.702819693886578705e+02 1.397601654428027871e+02
2.550000000000000000e+02 1.707553824205963053e+02 1.398858522073785764e+02
2.550000000000000000e+02 1.711972120233566272e+02 1.401007110943997134e+02
2.550000000000000000e+02 1.717294512518800218e+02 1.402052010528178414e+02
2.550000000000000000e+02 1.717623086791117544e+02 1.400527448465009286e+02
2.550000000000000000e+02 1.721755916570821796e+02 1.400704735468459603e+02
2.550000000000000000e+02 1.725933236751305060e+02 1.402823265947093603e+02
2.550000000000000000e+02 1.730198940546757456e+02 1.404662357338759762e+02
2.550000000000000000e+02 1.703618386711492576e+02 1.397370001327081184e+02
2.550000000000000000e+02 1.709971567283022296e+02 1.399477141024506750e+02
2.550000000000000000e+02 1.705987403786605228e+02 1.396002045917013277e+02
2.550000000000000000e+02 1.681474000265416180e+02 1.386044247102539089e+02
2.550000000000000000e+02 1.644316752189684223e+02 1.370523069096699942e+02
2.550000000000000000e+02 1.629459037423692962e+02 1.362960276032911509e+02
2.550000000000000000e+02 1.630692117137043340e+02 1.362965894010439740e+02
2.550000000000000000e+02 1.637945777669645224e+02 1.367482935946208897e+02
2.550000000000000000e+02 1.648440082279040837e+02 1.377573498186322354e+02
2.550000000000000000e+02 1.688851986198354496e+02 1.390699371848182011e+02
2.549999922586923731e+02 1.695032148544634083e+02 1.394369359904450221e+02
2.550000000000000000e+02 1.700763127045917145e+02 1.395759543926391189e+02
2.550000000000000000e+02 1.702200112801911018e+02 1.396599785455188965e+02
2.550000000000000000e+02 1.702339345748916344e+02 1.397567471025391512e+02
2.550000000000000000e+02 1.701943322569229338e+02 1.397273190745819704e+02
2.550000000000000000e+02 1.704490367601521825e+02 1.398827800141555429e+02
2.550000000000000000e+02 1.705974365212775297e+02 1.396053945855082645e+02
2.550000000000000000e+02 1.710663042997434218e+02 1.398081339025037551e+02
2.550000000000000000e+02 1.717477716093072502e+02 1.400284360346810502e+02
2.550000000000000000e+02 1.726836658409271763e+02 1.403183247810315777e+02
2.550000000000000000e+02 1.731153112005662251e+02 1.405091977793506146e+02
2.550000000000000000e+02 1.734438445545430341e+02 1.406346832699283311e+02
2.550000000000000000e+02 1.703187151641157300e+02 1.396603987879323938e+02
2.550000000000000000e+02 1.709413308413695347e+02 1.397973646377068064e+02
2.550000000000000000e+02 1.714172575864814689e+02 1.398586934884544064e+02
2.550000000000000000e+02 1.718244514730602361e+02 1.397063191188180156e+02
2.550000000000000000e+02 1.725586669468282821e+02 1.399459358135008529e+02
2.550000000000000000e+02 1.724751504025479960e+02 1.396765438379191266e+02
2.550000000000000000e+02 1.710422918694152088e+02 1.390841214721755250e+02
2.550000000000000000e+02 1.666151309386888499e+02 1.372792112713438826e+02
2.550000000000000000e+02 1.643845793152260342e+02 1.366532601964080413e+02
2.550000000000000000e+02 1.596926722993895567e+02 1.351351079359461949e+02
2.550000000000000000e+02 1.641822060514907662e+02 1.364691519950455643e+02
2.550000000000000000e+02 1.650363885694063413e+02 1.371953906042643609e+02
2.550000000000000000e+02 1.659236983544191730e+02 1.378562737768733939e+02
2.550000000000000000e+02 1.668260406529240072e+02 1.383389266124037817e+02
2.550000000000000000e+02 1.675250552950544147e+02 1.387001105901088067e+02
2.550000000000000000e+02 1.718521399186056726e+02 1.401853656108997654e+02
2.550000000000000000e+02 1.717798615411837488e+02 1.400204038750774203e+02
2.550000000000000000e+02 1.679554653631779217e+02 1.388200411395204696e+02
2.550000000000000000e+02 1.681657292311775507e+02 1.388849144032557774e+02
2.550000000000000000e+02 1.686356221799522359e+02 1.391044711580996136e+02
2.550000000000000000e+02 1.692373263735291573e+02 1.393230248606564601e+02
2.549999922586923731e+02 1.697026983986552295e+02 1.395237724497920908e+02
2.550000000000000000e+02 1.702281330177828806e+02 1.396101245244625204e+02
2.550000000000000000e+02 1.704710464036096482e+02 1.395723734849155164e+02
2.550000000000000000e+02 1.711097330354773192e+02 1.397285643192072939e+02
2.550000000000000000e+02 1.714603611872954048e+02 1.398234992922233175e+02
2.550000000000000000e+02 1.715108676899938018e+02 1.396545198177475129e+02
2.550000000000000000e+02 1.716894662921348242e+02 1.394190336636291363e+02
2.550000000000000000e+02 1.721148378749004735e+02 1.395199559851366757e+02
2.549999988940989226e+02 1.724447801468636783e+02 1.396254534194461598e+02
2.550000000000000000e+02 1.720490035831195144e+02 1.392411118729540931e+02
2.550000000000000000e+02 1.697530445456958432e+02 1.384322403344244776e+02
2.550000000000000000e+02 1.665207964699637273e+02 1.372032701495178344e+02
2.550000000000000000e+02 1.607872898787932456e+02 1.354107128638414679e+02
2.550000000000000000e+02 1.607466192603733646e+02 1.353442791736707136e+02
2.550000000000000000e+02 1.652520779881447481e+02 1.367705996195700209e+02
2.550000000000000000e+02 1.662714644342210022e+02 1.374746273113332791e+02
2.550000000000000000e+02 1.674980635671945493e+02 1.383746184641245804e+02
2.550000000000000000e+02 1.683282789967265387e+02 1.385927397593559363e+02
2.550000000000000000e+02 1.690643501725205624e+02 1.392360479518711713e+02
2.550000000000000000e+02 1.690581792444483824e+02 1.391841104131646603e+02
2.550000000000000000e+02 1.689588637972219658e+02 1.391848082367513086e+02
2.550000000000000000e+02 1.688703795452534848e+02 1.389595328673803465e+02
2.550000000000000000e+02 1.694391289923029262e+02 1.390713372555958642e+02
2.550000000000000000e+02 1.698892926656639872e+02 1.392202313545076606e+02
2.550000000000000000e+02 1.702850847120233482e+02 1.393004169247102482e+02
2.550000000000000000e+02 1.706316807484738547e+02 1.394829503229231307e+02
2.550000000000000000e+02 1.706859008670264473e+02 1.392445711315579899e+02
2.549999988940989226e+02 1.710850460054852817e+02 1.392501747323719314e+02
2.549999988940989226e+02 1.712059906661948219e+02 1.391775203485800319e+02
2.550000000000000000e+02 1.715642738653454842e+02 1.391335961691586363e+02
2.550000000000000000e+02 1.719092232150756558e+02 1.393573077943908629e+02
2.550000000000000000e+02 1.719268092541803128e+02 1.390847407767849120e+02
2.550000000000000000e+02 1.718565281341236926e+02 1.389995786516853968e+02
2.550000000000000000e+02 1.701942824913739685e+02 1.384781407590905076e+02
2.550000000000000000e+02 1.664220218083694647e+02 1.370113211094399617e+02
2.550000000000000000e+02 1.602158287622754926e+02 1.350254324073254963e+02
2.549999933645934789e+02 1.601678525612669262e+02 1.350205951959656829e+02
2.550000000000000000e+02 1.646571949924798730e+02 1.366000376006369947e+02
2.550000000000000000e+02 1.657829978766699242e+02 1.373064252853224900e+02
2.550000000000000000e+02 1.665938368132354128e+02 1.379280578165088968e+02
2.550000000000000000e+02 1.676153587543130072e+02 1.385540387507741400e+02
2.550000000000000000e+02 1.680265360966115225e+02 1.387490433955587150e+02
2.550000000000000000e+02 1.680426700875873678e+02 1.386825975404759674e+02
2.550000000000000000e+02 1.679025800672387732e+02 1.387271664602317855e+02
2.550000000000000000e+02 1.678820578607449363e+02 1.386469831018313812e+02
2.549999966822967394e+02 1.681519485977174213e+02 1.387474099796514224e+02
2.550000000000000000e+02 1.686981078032380879e+02 1.389035355657790092e+02
2.550000000000000000e+02 1.690715374236928312e+02 1.389976499601875730e+02
2.550000000000000000e+02 1.696569041404936797e+02 1.392015471556223929e+02
2.550000000000000000e+02 1.703719333362824102e+02 1.394464843404405769e+02
2.550000000000000000e+02 1.704027205166769932e+02 1.392576395647173229e+02
2.550000000000000000e+02 1.707411859683269881e+02 1.393544921702202828e+02
2.550000000000000000e+02 1.711439352384322774e+02 1.395372865610899851e+02
2.550000000000000000e+02 1.712126116960099012e+02 1.393324382907192671e+02
2.550000000000000000e+02 1.712595914801380275e+02 1.390190801114748353e+02
2.550000000000000000e+02 1.715011258073078011e+02 1.390342762983278817e+02
2.550000000000000000e+02 1.712873429620454715e+02 1.389555814827921836e+02
2.550000000000000000e+02 1.678780102627621034e+02 1.375377466159426660e+02
2.550000000000000000e+02 1.642858367247633282e+02 1.363745255684331710e+02
2.550000000000000000e+02 1.630630794921702318e+02 1.358492778465893878e+02
2.550000000000000000e+02 1.629831228434928789e+02 1.358289779262142929e+02
2.550000000000000000e+02 1.634010572414403271e+02 1.361159559409006476e+02
2.550000000000000000e+02 1.641280180040697019e+02 1.369672067150314092e+02
2.550000000000000000e+02 1.686507498009378025e+02 1.386119592143678574e+02
2.550000000000000000e+02 1.688213029726621244e+02 1.385960486154118314e+02
2.550000000000000000e+02 1.694168804742103873e+02 1.390215031407590800e+02
2.550000000000000000e+02 1.694803072193222988e+02 1.391136435017251927e+02
2.550000000000000000e+02 1.693364493939662054e+02 1.390345118552596659e+02
2.550000000000000000e+02 1.694631159869061321e+02 1.391355525081836788e+02
2.550000000000000000e+02 1.697047288330531671e+02 1.392339777050340501e+02
2.550000000000000000e+02 1.700098215075643679e+02 1.393081936211625305e+02
2.549999811996815140e+02 1.704653211536760011e+02 1.394838516323100066e+02
2.550000000000000000e+02 1.707934154649208267e+02 1.395770127399805460e+02
2.550000000000000000e+02 1.714126636733610667e+02 1.397761247014067010e+02
2.550000000000000000e+02 1.720416714589047160e+02 1.399455951959656659e+02
2.550000000000000000e+02 1.722417145890471488e+02 1.397177696186853098e+02
2.550000000000000000e+02 1.726634355923206101e+02 1.399510273821109365e+02
2.550000000000000000e+02 1.729844455011943865e+02 1.400492778465894048e+02
2.550000000000000000e+02 1.735251846854817188e+02 1.403101930903299888e+02
2.550000000000000000e+02 1.704983345129611507e+02 1.394451495178271330e+02
2.550000000000000000e+02 1.705368088118198671e+02 1.392968282756790188e+02
2.550000000000000000e+02 1.681116727859860305e+02 1.382809685481730639e+02
2.550000000000000000e+02 1.640385981597805767e+02 1.364616495620631724e+02
2.550000000000000000e+02 1.620670165000442466e+02 1.357773633106255033e+02
2.550000000000000000e+02 1.611826771653543346e+02 1.353064982747943077e+02
2.550000000000000000e+02 1.615400811731398676e+02 1.355361353180571484e+02
2.550000000000000000e+02 1.625414392196761924e+02 1.365925539679731173e+02
2.549999988940989226e+02 1.670703430505175504e+02 1.381929167035300452e+02
2.550000000000000000e+02 1.674454027691763258e+02 1.384324902680704099e+02
2.549999933645934789e+02 1.684054222330354662e+02 1.390745189330266385e+02
2.550000000000000000e+02 1.688228025745377465e+02 1.393475526408917915e+02
2.550000000000000000e+02 1.688694539060426507e+02 1.393546967619216161e+02
2.550000000000000000e+02 1.689795142882420578e+02 1.392862912501105939e+02
2.550000000000000000e+02 1.691166592939927398e+02 1.393953198265947151e+02
2.550000000000000000e+02 1.694397958506591237e+02 1.395324217022029529e+02
2.550000000000000000e+02 1.699267805007520167e+02 1.396834734141378362e+02
2.550000000000000000e+02 1.707476765018136859e+02 1.398996494293550370e+02
2.550000000000000000e+02 1.708835983809608194e+02 1.397581715031407725e+02
2.550000000000000000e+02 1.713155998407502523e+02 1.399082168450853771e+02
2.550000000000000000e+02 1.712923681765902870e+02 1.397560769264796932e+02
2.550000000000000000e+02 1.714306566840661787e+02 1.396955288419003693e+02
2.550000000000000000e+02 1.718797266212509953e+02 1.398855657789967211e+02
2.550000000000000000e+02 1.719424577545784416e+02 1.396536229319649749e+02
2.550000000000000000e+02 1.723108411483677003e+02 1.397196883570733519e+02
2.549999944704945563e+02 1.728852716093072672e+02 1.398522803680438926e+02
2.550000000000000000e+02 1.729368309298416477e+02 1.398738476510660860e+02
2.550000000000000000e+02 1.671785775900203532e+02 1.378948520304344072e+02
2.550000000000000000e+02 1.636467254268778220e+02 1.368286284614704016e+02
2.550000000000000000e+02 1.612595959037423654e+02 1.356428835264973998e+02
2.550000000000000000e+02 1.607904306378837589e+02 1.353985833407060113e+02
2.550000000000000000e+02 1.613436864106874395e+02 1.358481896399186155e+02
2.550000000000000000e+02 1.657202833318588091e+02 1.373189783685747045e+02
2.550000000000000000e+02 1.665238410156595705e+02 1.379321087321949904e+02
2.550000000000000000e+02 1.675520956825621397e+02 1.386229087410422096e+02
2.549999988940989226e+02 1.680736143059364736e+02 1.388458384942050827e+02
2.550000000000000000e+02 1.685701296116075412e+02 1.391948487127311296e+02
2.550000000000000000e+02 1.686824040077855500e+02 1.393230569317880168e+02
2.550000000000000000e+02 1.688880805980712978e+02 1.394579204635937231e+02
2.550000000000000000e+02 1.689896366009024291e+02 1.392322580288418976e+02
2.549999955763956336e+02 1.695620753339821363e+02 1.394800661328850708e+02
2.550000000000000000e+02 1.703431201893302784e+02 1.396470793152260512e+02
2.550000000000000000e+02 1.711339998230558308e+02 1.399917190126515152e+02
2.550000000000000000e+02 1.716778454834999650e+02 1.401770801999469143e+02
2.550000000000000000e+02 1.719001083783066406e+02 1.400809984075024204e+02
2.550000000000000000e+02 1.721128218172166555e+02 1.398495554277625388e+02
2.550000000000000000e+02 1.724271797310448449e+02 1.399265338848093450e+02
2.550000000000000000e+02 1.726971489869945913e+02 1.398668163319472626e+02
2.549999933645934789e+02 1.731661760152171894e+02 1.399306058126161076e+02
2.550000000000000000e+02 1.735236530124745684e+02 1.400275369370963574e+02
2.550000000000000000e+02 1.696941121826063750e+02 1.388859860214102468e+02
2.550000000000000000e+02 1.681762596213394545e+02 1.382436089976112612e+02
2.549999944704945563e+02 1.642823177475006560e+02 1.367521531894187490e+02
2.550000000000000000e+02 1.619938146952136719e+02 1.357516002388746301e+02
2.550000000000000000e+02 1.617454414757144150e+02 1.354258449084314009e+02
2.549999867291869293e+02 1.624771642484296308e+02 1.360405721932230279e+02
2.550000000000000000e+02 1.673302043705211020e+02 1.378863045209236589e+02
2.550000000000000000e+02 1.678462565248164253e+02 1.381827468371228917e+02
2.550000000000000000e+02 1.690764321419092369e+02 1.389665763514111347e+02
2.550000000000000000e+02 1.694465882951428739e+02 1.390830122533840552e+02
2.550000000000000000e+02 1.695687815181810265e+02 1.393356487215783375e+02
2.549999933645934789e+02 1.691551302751481956e+02 1.390085054852694100e+02
2.550000000000000000e+02 1.693692382553304299e+02 1.390529416968946350e+02
2.550000000000000000e+02 1.699536118729540703e+02 1.391296669025922199e+02
2.550000000000000000e+02 1.705663286295673799e+02 1.394030976289480748e+02
2.550000000000000000e+02 1.712444163054056503e+02 1.397174854021056376e+02
2.550000000000000000e+02 1.713728711404052092e+02 1.395108433601698721e+02
2.550000000000000000e+02 1.721683977705034181e+02 1.396891400513138137e+02
2.550000000000000000e+02 1.727803359727506063e+02 1.399736651773865219e+02
2.550000000000000000e+02 1.729109041847297306e+02 1.398038175705564754e+02
2.550000000000000000e+02 1.732690745819693916e+02 1.399756082455985222e+02
2.550000000000000000e+02 1.737998396443421996e+02 1.401882011412899089e+02
2.550000000000000000e+02 1.707233157126426590e+02 1.392318223038131464e+02
2.550000000000000000e+02 1.703960652039281740e+02 1.388361917190126462e+02
2.550000000000000000e+02 1.689653797664336992e+02 1.382341535433070874e+02
2.550000000000000000e+02 1.647102881978235871e+02 1.364503527824471405e+02
2.550000000000000000e+02 1.617602262673626399e+02 1.354341402724940338e+02
2.550000000000000000e+02 1.605969443952932920e+02 1.346247334778377365e+02
2.550000000000000000e+02 1.610291814120145091e+02 1.351118187649296658e+02
2.550000000000000000e+02 1.622306212952313444e+02 1.360878804299743479e+02
2.550000000000000000e+02 1.668849276740688197e+02 1.379548958241175001e+02
2.550000000000000000e+02 1.672311112094134273e+02 1.382780854640361099e+02
2.549999922586923731e+02 1.680192548438467668e+02 1.387990832079978816e+02
2.550000000000000000e+02 1.682026431036008205e+02 1.389584291780943204e+02
2.549999988940989226e+02 1.681736353180571655e+02 1.388517959833672535e+02
2.550000000000000000e+02 1.680854065292400321e+02 1.388217552862072068e+02
2.549999988940989226e+02 1.681524761125365046e+02 1.388118143413253165e+02
2.550000000000000000e+02 1.686383681323542305e+02 1.390050495443687453e+02
2.550000000000000000e+02 1.691469919490400855e+02 1.392255993983898179e+02
2.550000000000000000e+02 1.696258570733433544e+02 1.393321032026895523e+02
2.550000000000000000e+02 1.700856055914358933e+02 1.395108776431036119e+02
2.550000000000000000e+02 1.704540675042024134e+02 1.396114460762629506e+02
2.550000000000000000e+02 1.707548593293815884e+02 1.397288352649738954e+02
2.550000000000000000e+02 1.708283696806157650e+02 1.394495808634875686e+02
2.550000000000000000e+02 1.707970693621162468e+02 1.391919600990887318e+02
2.550000000000000000e+02 1.711212366185968392e+02 1.393226035123418569e+02
2.550000000000000000e+02 1.714866075378218113e+02 1.394252432982393941e+02
2.550000000000000000e+02 1.718896377068035122e+02 1.395414956206316788e+02
2.550000000000000000e+02 1.713805040697160109e+02 1.391608499955763989e+02
2.550000000000000000e+02 1.684882840838715481e+02 1.380989670883836027e+02
2.550000000000000000e+02 1.654829237812969893e+02 1.371074747854551958e+02
2.550000000000000000e+02 1.642898434044059002e+02 1.365490223834380288e+02
2.550000000000000000e+02 1.641709490843138894e+02 1.364759787224630543e+02
2.550000000000000000e+02 1.647278432716977932e+02 1.370005629036539005e+02
2.549999944704945563e+02 1.650531993718481942e+02 1.373540708219056796e+02
2.549999889409891125e+02 1.660756237282137420e+02 1.381900579492170209e+02
2.550000000000000000e+02 1.667331891975581755e+02 1.385386169600990911e+02
2.550000000000000000e+02 1.672934718658763131e+02 1.387073841015659639e+02
2.550000000000000000e+02 1.675650502079093940e+02 1.388614892064053663e+02
2.550000000000000000e+02 1.676006535875431211e+02 1.387948852074670469e+02
2.550000000000000000e+02 1.677212056533663542e+02 1.388900059718658895e+02
2.550000000000000000e+02 1.681861098823321186e+02 1.390064451915420705e+02
2.550000000000000000e+02 1.684497589135627607e+02 1.392189086968061531e+02
2.550000000000000000e+02 1.688330432186145345e+02 1.393609119260373461e+02
2.550000000000000000e+02 1.694758946739803491e+02 1.395323973723790232e+02
2.550000000000000000e+02 1.699348856498274927e+02 1.396470726798195301e+02
2.550000000000000000e+02 1.704179133858267789e+02 1.397985114571352767e+02
2.550000000000000000e+02 1.706216236839777025e+02 1.396544689462974418e+02
2.550000000000000000e+02 1.709803669379810742e+02 1.396776375740953711e+02
2.550000000000000000e+02 1.711970417145890337e+02 1.395964312571883568e+02
2.550000000000000000e+02 1.717979651419977074e+02 1.397796558435813381e+02
2.550000000000000000e+02 1.720580719720428249e+02 1.395064440856409931e+02
2.550000000000000000e+02 1.723768988321684503e+02 1.396730635671945606e+02
2.550000000000000000e+02 1.716669302397593526e+02 1.392470240201716365e+02
2.550000000000000000e+02 1.685422133504379474e+02 1.380119382022471939e+02
2.550000000000000000e+02 1.654663739715119846e+02 1.369583362824029109e+02
2.550000000000000000e+02 1.600927972662125001e+02 1.352612790851986233e+02
2.550000000000000000e+02 1.600138027514819044e+02 1.353137054321861399e+02
2.550000000000000000e+02 1.649261667256480450e+02 1.371052784658940027e+02
2.550000000000000000e+02 1.654088626913208770e+02 1.373415531274882824e+02
2.550000000000000000e+02 1.660729275413607127e+02 1.377903521189064975e+02
2.549999889409891125e+02 1.668143789259488585e+02 1.384958572945235744e+02
2.550000000000000000e+02 1.673132531186410574e+02 1.387132177298062459e+02
2.549999922586923731e+02 1.673510826771653512e+02 1.387378959125895790e+02
2.550000000000000000e+02 1.673399849597452089e+02 1.387341015659559389e+02
2.550000000000000000e+02 1.675194019286915079e+02 1.387422233035477177e+02
2.550000000000000000e+02 1.676587609484207633e+02 1.388003295585242824e+02
2.549999933645934789e+02 1.681845516676988552e+02 1.388705199946916764e+02
2.550000000000000000e+02 1.686075190214987174e+02 1.389657557728036750e+02
2.550000000000000000e+02 1.689635926302751443e+02 1.391635085817924562e+02
2.550000000000000000e+02 1.694664746085110210e+02 1.393960950632575475e+02
2.550000000000000000e+02 1.700856907458197043e+02 1.395846600460054958e+02
2.550000000000000000e+02 1.702183424754489920e+02 1.394397571441210175e+02
2.550000000000000000e+02 1.707057429443510443e+02 1.395711415111032352e+02
2.550000000000000000e+02 1.711179620454746555e+02 1.397492369282491325e+02
2.550000000000000000e+02 1.711741915863045165e+02 1.395119558966646025e+02
2.550000000000000000e+02 1.711332422808104070e+02 1.392261777846589439e+02
2.550000000000000000e+02 1.714053282314429794e+02 1.391427342298504755e+02
2.550000000000000000e+02 1.711225692294081284e+02 1.391420463593736088e+02
2.549999988940989226e+02 1.681029129434663503e+02 1.377682274617358189e+02
2.550000000000000000e+02 1.648621870299920431e+02 1.366814960629921245e+02
2.550000000000000000e+02 1.637890161903919193e+02 1.360692426789347849e+02
2.550000000000000000e+02 1.637162843935238357e+02 1.361631038219941559e+02
2.550000000000000000e+02 1.644039834557197253e+02 1.367166615057949173e+02
2.550000000000000000e+02 1.655435105724143909e+02 1.376695125188003317e+02
2.550000000000000000e+02 1.665550340617535028e+02 1.382702202954967845e+02
2.550000000000000000e+02 1.712926457577634380e+02 1.398749071043085905e+02
2.550000000000000000e+02 1.714609141378395236e+02 1.399334081659736455e+02
2.550000000000000000e+02 1.714267218879943471e+02 1.398212410422011942e+02
2.550000000000000000e+02 1.715916239051579169e+02 1.399103357515703863e+02
2.550000000000000000e+02 1.714610966115190536e+02 1.399040188445545425e+02
2.550000000000000000e+02 1.679822624524462640e+02 1.387769629744315694e+02
2.550000000000000000e+02 1.686472783774219124e+02 1.389970218083694533e+02
2.550000000000000000e+02 1.693459933203574224e+02 1.392566807484738547e+02
2.550000000000000000e+02 1.700339721755286178e+02 1.395668395558701320e+02
2.549999867291869293e+02 1.705611353180571541e+02 1.396789226311598782e+02
2.550000000000000000e+02 1.710312306467309611e+02 1.398304919048040347e+02
2.550000000000000000e+02 1.711788938777315821e+02 1.396656584535079162e+02
2.549999933645934789e+02 1.711858953375210035e+02 1.394702225072989563e+02
2.550000000000000000e+02 1.716076362470140566e+02 1.395475592762983297e+02
2.549999900468902183e+02 1.719151143501725301e+02 1.395051523931699649e+02
2.549999966822967394e+02 1.720768512784216568e+02 1.393962532071131477e+02
2.550000000000000000e+02 1.708096810581261593e+02 1.387508161550030934e+02
2.550000000000000000e+02 1.676919003804299848e+02 1.376791869415199585e+02
2.550000000000000000e+02 1.651849752278156132e+02 1.366963925506502733e+02
2.550000000000000000e+02 1.644956007254711210e+02 1.364040630805980641e+02
2.550000000000000000e+02 1.647227008316376100e+02 1.365573686189507328e+02
2.550000000000000000e+02 1.654997843492878076e+02 1.371017440060161050e+02
2.550000000000000000e+02 1.668137939042732114e+02 1.380537744404140597e+02
2.550000000000000000e+02 1.680578906042643439e+02 1.387562671414668785e+02
2.550000000000000000e+02 1.684669191807484765e+02 1.388788717597098241e+02
2.550000000000000000e+02 1.681958075289745977e+02 1.387091004600548558e+02
2.550000000000000000e+02 1.677866816331947177e+02 1.386560304786339941e+02
2.549999944704945563e+02 1.676980082721401288e+02 1.386912313102716041e+02
2.550000000000000000e+02 1.679627333451296067e+02 1.387093006281518228e+02
2.549999922586923731e+02 1.684296525258780832e+02 1.388896764133415900e+02
2.550000000000000000e+02 1.690445656020525576e+02 1.390689971688932189e+02
2.550000000000000000e+02 1.696162821817216582e+02 1.393288673361054464e+02
2.550000000000000000e+02 1.702781075820578565e+02 1.395899009112625038e+02
2.550000000000000000e+02 1.710409747412191450e+02 1.398635130053968112e+02
