2.550000000000000000e+02 1.008889448563650717e+02 1.305689228275664391e+02
2.550000000000000000e+02 1.011412731033741608e+02 1.305967409019270633e+02
2.550000000000000000e+02 1.673017161866895890e+02 1.435416308474819118e+02
2.550000000000000000e+02 1.676718514936600002e+02 1.432899854036822092e+02
2.550000000000000000e+02 1.684480823303961472e+02 1.431153086718246357e+02
2.550000000000000000e+02 1.690460186976144428e+02 1.428140984311197030e+02
2.550000000000000000e+02 1.699546070187692521e+02 1.427412019127444580e+02
2.550000000000000000e+02 1.705018536428110849e+02 1.428026956175227440e+02
2.550000000000000000e+02 1.711690878196862116e+02 1.430236630489289951e+02
2.550000000000000000e+02 1.718259859230603865e+02 1.429810639641091825e+02
2.550000000000000000e+02 1.725976934683716593e+02 1.432514327673902130e+02
2.550000000000000000e+02 1.731200815781932931e+02 1.433951897073572468e+02
2.550000000000000000e+02 1.735279322480120356e+02 1.434826635145784053e+02
2.550000000000000000e+02 1.703295096353606937e+02 1.425744602496597224e+02
2.549999966419514408e+02 1.698217100078802275e+02 1.420684773264560476e+02
2.550000000000000000e+02 1.665496521061680539e+02 1.405249659717744919e+02
2.550000000000000000e+02 1.627532819328032190e+02 1.391151631563865578e+02
2.550000000000000000e+02 1.607633191399813768e+02 1.380934959076581379e+02
2.550000000000000000e+02 1.606245321118991285e+02 1.380030446307042098e+02
2.550000000000000000e+02 1.619332554266064790e+02 1.389476927967619417e+02
2.550000000000000000e+02 1.662969679060104511e+02 1.406585066086395841e+02
2.550000000000000000e+02 1.669449537484776727e+02 1.412282767837953941e+02
2.550000000000000000e+02 1.676413346675979597e+02 1.414606671770900448e+02
2.550000000000000000e+02 1.684944715327029030e+02 1.419736964055448141e+02
2.550000000000000000e+02 1.686347282667096579e+02 1.421005254226663794e+02
2.549999899258542939e+02 1.686333525861451506e+02 1.421416480854645670e+02
2.550000000000000000e+02 1.688612924457339375e+02 1.420633921215703026e+02
2.549999966419514408e+02 1.693662701930654180e+02 1.422959895945268158e+02
2.550000000000000000e+02 1.698378174475248841e+02 1.424328658929722735e+02
2.550000000000000000e+02 1.699094099237051410e+02 1.421890424636435171e+02
2.550000000000000000e+02 1.707408090210616933e+02 1.424390480603911442e+02
2.550000000000000000e+02 1.715538989182606144e+02 1.427604065925209511e+02
2.550000000000000000e+02 1.718713845010387615e+02 1.425620522601905691e+02
2.550000000000000000e+02 1.724292078587291428e+02 1.427783139461995745e+02
2.550000000000000000e+02 1.728868673436492713e+02 1.428957393079733436e+02
2.550000000000000000e+02 1.731285774410774536e+02 1.427283126029801679e+02
2.550000000000000000e+02 1.736952179149652693e+02 1.429673664839888261e+02
2.550000000000000000e+02 1.706106051651264295e+02 1.420014517963321055e+02
2.549999876871552544e+02 1.709042474837022780e+02 1.417691285640088950e+02
2.550000000000000000e+02 1.712752245415144330e+02 1.418663328766387224e+02
2.550000000000000000e+02 1.709971311071710147e+02 1.415975748173221689e+02
2.550000000000000000e+02 1.697212898040690732e+02 1.407857329948420499e+02
2.550000000000000000e+02 1.662242045902285383e+02 1.394546708216921047e+02
2.550000000000000000e+02 1.629718416433842094e+02 1.382932930815244674e+02
2.550000000000000000e+02 1.617608767193208621e+02 1.377505216168779896e+02
2.550000000000000000e+02 1.621315963267425957e+02 1.379761679292929273e+02
2.550000000000000000e+02 1.630882931710724222e+02 1.386201409037180383e+02
2.550000000000000000e+02 1.680275304015330562e+02 1.407493888351601186e+02
2.550000000000000000e+02 1.685767325291926397e+02 1.410704462622680637e+02
2.550000000000000000e+02 1.696551776631563939e+02 1.416332865445232585e+02
2.550000000000000000e+02 1.695193501952145709e+02 1.416031939519306491e+02
2.550000000000000000e+02 1.693185209810874596e+02 1.414531574611361862e+02
2.550000000000000000e+02 1.692393046153019611e+02 1.414605037520595943e+02
2.550000000000000000e+02 1.690421412708646756e+02 1.412480053191489446e+02
2.550000000000000000e+02 1.696075873988108071e+02 1.413597869206246855e+02
2.550000000000000000e+02 1.701408880471380485e+02 1.415383992854072517e+02
2.550000000000000000e+02 1.708776371874776032e+02 1.416465609105236751e+02
2.550000000000000000e+02 1.715383645855720260e+02 1.419826579178307782e+02
2.550000000000000000e+02 1.721574644942331247e+02 1.421482477702557503e+02
2.550000000000000000e+02 1.728233632871265968e+02 1.423746865821333927e+02
2.550000000000000000e+02 1.732666178630274487e+02 1.423056607744107680e+02
2.550000000000000000e+02 1.736160373683644877e+02 1.424942465434486678e+02
2.550000000000000000e+02 1.706779508292141259e+02 1.416376117110824566e+02
2.550000000000000000e+02 1.706950007611576723e+02 1.413222540117486972e+02
2.549999977613009605e+02 1.710175961745110556e+02 1.414067010978580186e+02
2.550000000000000000e+02 1.709002883444372856e+02 1.411881570581703613e+02
2.550000000000000000e+02 1.695606217314993955e+02 1.404433430045132241e+02
2.550000000000000000e+02 1.657869866663084792e+02 1.389939801382620601e+02
2.549999888065047742e+02 1.628233946289132348e+02 1.378341168779998611e+02
2.550000000000000000e+02 1.621110204437997027e+02 1.376485074593452111e+02
2.550000000000000000e+02 1.622026627086467556e+02 1.375846183465864385e+02
2.549999977613009605e+02 1.630393540905508871e+02 1.382417806164481817e+02
2.549999876871552544e+02 1.681766535031162562e+02 1.403696260029371672e+02
2.550000000000000000e+02 1.687681916684576322e+02 1.408085330252883409e+02
2.550000000000000000e+02 1.698733881366860032e+02 1.413073162923561767e+02
2.550000000000000000e+02 1.700996456139408224e+02 1.414089442743033089e+02
2.550000000000000000e+02 1.698941005802707878e+02 1.414174938659646159e+02
2.550000000000000000e+02 1.695207672917114508e+02 1.409276777079303713e+02
2.550000000000000000e+02 1.699660657998423972e+02 1.410904938122358203e+02
2.550000000000000000e+02 1.706995005462425752e+02 1.413692196790601088e+02
2.550000000000000000e+02 1.715592046350025157e+02 1.417075083727344236e+02
2.550000000000000000e+02 1.724352814492442292e+02 1.419676463213697275e+02
2.550000000000000000e+02 1.731110439501397025e+02 1.421928113134895000e+02
2.550000000000000000e+02 1.732961295132172665e+02 1.420379851260835267e+02
2.550000000000000000e+02 1.735766653682212279e+02 1.420453090300164831e+02
2.550000000000000000e+02 1.701987908786446155e+02 1.411078806683859739e+02
2.550000000000000000e+02 1.702944493695823382e+02 1.408289298123074786e+02
2.550000000000000000e+02 1.705162495970341752e+02 1.408325285210258642e+02
2.550000000000000000e+02 1.704099483308259835e+02 1.406009664463786919e+02
2.549999988806504803e+02 1.707414616018339473e+02 1.405711357815746112e+02
2.550000000000000000e+02 1.706519740848198410e+02 1.404100882495164342e+02
2.549999988806504803e+02 1.699634677895980985e+02 1.401678475804140760e+02
2.550000000000000000e+02 1.661048897664589106e+02 1.387975477290636945e+02
2.550000000000000000e+02 1.629258106329249927e+02 1.375718409717744919e+02
2.550000000000000000e+02 1.616299799860305200e+02 1.368670985117128680e+02
2.550000000000000000e+02 1.614945487678200493e+02 1.367908047675335013e+02
2.549999955226018926e+02 1.627929572766673800e+02 1.378083057973350662e+02
2.550000000000000000e+02 1.678249169442653397e+02 1.399716390411204259e+02
2.550000000000000000e+02 1.682664835410845967e+02 1.402541606221792279e+02
2.550000000000000000e+02 1.695232276219643381e+02 1.409670206049860326e+02
2.550000000000000000e+02 1.701481347159538586e+02 1.411986823017408028e+02
2.550000000000000000e+02 1.703290137635217434e+02 1.413060055340640417e+02
2.550000000000000000e+02 1.701243227935382265e+02 1.411739547514148683e+02
2.550000000000000000e+02 1.699601477989110947e+02 1.409347262518805053e+02
2.550000000000000000e+02 1.704257266817107279e+02 1.409061324683000294e+02
2.550000000000000000e+02 1.710958834801919863e+02 1.411991367576474090e+02
2.550000000000000000e+02 1.719230816587864581e+02 1.414934540439859632e+02
2.550000000000000000e+02 1.726649305555555429e+02 1.417209405670176920e+02
2.550000000000000000e+02 1.728409717744824263e+02 1.416612534923705198e+02
2.550000000000000000e+02 1.732828842503044768e+02 1.416724436295579892e+02
2.550000000000000000e+02 1.737647631008668156e+02 1.417890988788595052e+02
2.550000000000000000e+02 1.706311485869331648e+02 1.409202877623755228e+02
2.550000000000000000e+02 1.706587327172433675e+02 1.407345082025933038e+02
2.550000000000000000e+02 1.710885897986961766e+02 1.409113374435847845e+02
2.550000000000000000e+02 1.712748450820259336e+02 1.405463533831220104e+02
2.550000000000000000e+02 1.712007766046994846e+02 1.403080808080808026e+02
2.550000000000000000e+02 1.708954471577476966e+02 1.400686866448169781e+02
2.550000000000000000e+02 1.689368026452467859e+02 1.395206755050504910e+02
2.550000000000000000e+02 1.643643717762733729e+02 1.375974382566802774e+02
2.550000000000000000e+02 1.618482520237839424e+02 1.367967473941542949e+02
2.550000000000000000e+02 1.614334569095207428e+02 1.363777233773909359e+02
2.550000000000000000e+02 1.620046844777562853e+02 1.369412957142345419e+02
2.550000000000000000e+02 1.630548436492585438e+02 1.378144756519091629e+02
2.550000000000000000e+02 1.675087980872555420e+02 1.395885718891038039e+02
2.550000000000000000e+02 1.683214659896840715e+02 1.402684155383623477e+02
2.550000000000000000e+02 1.692776020399025754e+02 1.405731920266494797e+02
2.550000000000000000e+02 1.697973205011103914e+02 1.407743301812450625e+02
2.550000000000000000e+02 1.698405094831291535e+02 1.407756633265276776e+02
2.550000000000000000e+02 1.698442469911884700e+02 1.407955754352030908e+02
2.550000000000000000e+02 1.700650409234185929e+02 1.408374021688516393e+02
2.550000000000000000e+02 1.702751696933877668e+02 1.406424025270434868e+02
2.550000000000000000e+02 1.709746702396303419e+02 1.408653332975141552e+02
2.550000000000000000e+02 1.717866016100723527e+02 1.411881234776846554e+02
2.550000000000000000e+02 1.727452640321656361e+02 1.415528702360484203e+02
2.550000000000000000e+02 1.733221297639515797e+02 1.416960619045060525e+02
2.550000000000000000e+02 1.735438852174224564e+02 1.415844549215559880e+02
2.550000000000000000e+02 1.741269745325596432e+02 1.416948317393796231e+02
2.550000000000000000e+02 1.707608062003008911e+02 1.407808660631133932e+02
2.550000000000000000e+02 1.707318788505623672e+02 1.405100808618095982e+02
2.550000000000000000e+02 1.706172988752776121e+02 1.402087900279389601e+02
2.550000000000000000e+02 1.705095435740382470e+02 1.400502531968622293e+02
2.550000000000000000e+02 1.684787569847410396e+02 1.390468604484561865e+02
2.549999977613009605e+02 1.645604795741099053e+02 1.376343398524249722e+02
2.550000000000000000e+02 1.621922113421448444e+02 1.367022586234687367e+02
2.550000000000000000e+02 1.618436682874847747e+02 1.365712298069345820e+02
2.550000000000000000e+02 1.623856674009599601e+02 1.370770190826706880e+02
2.550000000000000000e+02 1.629655844795472319e+02 1.376038599648971967e+02
2.550000000000000000e+02 1.674826030697041404e+02 1.393651284565513322e+02
2.550000000000000000e+02 1.683961008578694702e+02 1.400312029873200004e+02
2.550000000000000000e+02 1.692682991260118968e+02 1.404522172075363642e+02
2.550000000000000000e+02 1.698049981194928080e+02 1.405984647001934320e+02
2.550000000000000000e+02 1.698905164230962157e+02 1.406436506017623174e+02
2.550000000000000000e+02 1.698581302833297570e+02 1.405959685507557708e+02
2.550000000000000000e+02 1.701529132190701432e+02 1.406948608424672216e+02
2.550000000000000000e+02 1.700445948850204161e+02 1.404409800576688951e+02
2.550000000000000000e+02 1.702402000949208514e+02 1.403539618257038342e+02
2.550000000000000000e+02 1.704272165359266467e+02 1.404083241546672411e+02
2.550000000000000000e+02 1.708134559244931552e+02 1.405437497761300847e+02
2.550000000000000000e+02 1.715086335428755717e+02 1.408070151873343434e+02
2.550000000000000000e+02 1.718147857117272110e+02 1.406976390679848237e+02
2.550000000000000000e+02 1.725892670051579501e+02 1.409573684540439729e+02
2.550000000000000000e+02 1.731692042320366909e+02 1.411408130507199701e+02
2.550000000000000000e+02 1.734794498620961463e+02 1.412589044254602868e+02
2.549999988806504803e+02 1.706280782111899157e+02 1.404508437656708963e+02
2.550000000000000000e+02 1.701825424009599601e+02 1.400330566301310853e+02
2.549999966419514408e+02 1.675342856759080234e+02 1.390039669747116591e+02
2.550000000000000000e+02 1.631987640142560281e+02 1.371281106723261018e+02
2.550000000000000000e+02 1.610761627802851308e+02 1.363770786320653201e+02
2.550000000000000000e+02 1.604799804337703222e+02 1.360224485546958988e+02
2.549999932839028531e+02 1.615872219535783358e+02 1.368538644422953041e+02
2.550000000000000000e+02 1.662732914248871623e+02 1.385849116161616053e+02
2.550000000000000000e+02 1.671431256268357401e+02 1.391927475105666474e+02
2.550000000000000000e+02 1.681331309549394746e+02 1.399081640876853783e+02
2.550000000000000000e+02 1.687536446020488654e+02 1.401640305985385737e+02
2.550000000000000000e+02 1.691554127265563352e+02 1.403760790529407529e+02
2.550000000000000000e+02 1.692176854986030605e+02 1.403735392488717082e+02
2.550000000000000000e+02 1.693618353302528874e+02 1.403885094294003864e+02
2.550000000000000000e+02 1.695260730084533236e+02 1.405122344902929967e+02
2.549999932839028531e+02 1.696124353015975430e+02 1.402235497707572165e+02
2.550000000000000000e+02 1.701229583064689450e+02 1.404869987552833379e+02
2.550000000000000000e+02 1.709776174869259933e+02 1.406145128143133434e+02
2.550000000000000000e+02 1.714464525574897777e+02 1.408863636363636260e+02
2.550000000000000000e+02 1.718323471864030410e+02 1.407332310247868747e+02
2.550000000000000000e+02 1.722430913747403167e+02 1.408297088795758896e+02
2.550000000000000000e+02 1.725990993713733133e+02 1.409768787162404067e+02
2.550000000000000000e+02 1.727171929848126695e+02 1.408370103965183660e+02
2.550000000000000000e+02 1.730066220717816350e+02 1.408771827315710254e+02
2.550000000000000000e+02 1.698717729153234473e+02 1.399061201554552554e+02
2.550000000000000000e+02 1.699964527813596931e+02 1.398880527347947691e+02
2.550000000000000000e+02 1.678541778601619114e+02 1.389271773586933136e+02
2.550000000000000000e+02 1.644244103266709658e+02 1.376738181907729768e+02
2.549999988806504803e+02 1.623520365445232585e+02 1.367877164821978511e+02
2.549999977613009605e+02 1.621315090174797717e+02 1.365874525395801982e+02
2.550000000000000000e+02 1.627977883892112629e+02 1.370777746435990991e+02
2.550000000000000000e+02 1.675614187083602076e+02 1.388694245200229318e+02
2.550000000000000000e+02 1.685061463482341253e+02 1.393485553675048436e+02
2.550000000000000000e+02 1.698448268142417135e+02 1.402123864979583061e+02
2.550000000000000000e+02 1.699415162260906982e+02 1.402898824235260520e+02
2.550000000000000000e+02 1.701364520649759982e+02 1.404490774321226354e+02
2.550000000000000000e+02 1.693346396142273704e+02 1.400164309316569984e+02
2.550000000000000000e+02 1.689002402124077662e+02 1.395532754405759590e+02
2.550000000000000000e+02 1.694020580360341057e+02 1.396536228866681029e+02
2.550000000000000000e+02 1.700983415717458342e+02 1.399750306701769489e+02
2.550000000000000000e+02 1.707590712085392965e+02 1.402207905741815352e+02
2.549999988806504803e+02 1.716636489003510349e+02 1.404786304982448542e+02
2.549999932839028531e+02 1.722647742943620699e+02 1.406774840604627741e+02
2.550000000000000000e+02 1.728386211404828430e+02 1.408900843541800896e+02
2.550000000000000000e+02 1.728172135808439123e+02 1.406667909144637747e+02
2.550000000000000000e+02 1.729906892506626548e+02 1.407806601028010505e+02
2.550000000000000000e+02 1.698658705852854780e+02 1.398666910684862899e+02
2.550000000000000000e+02 1.701149146607923228e+02 1.398329852156314814e+02
2.550000000000000000e+02 1.696927296009742747e+02 1.395543063614872210e+02
2.550000000000000000e+02 1.680385033849129570e+02 1.389158327512715800e+02
2.550000000000000000e+02 1.638998629916183063e+02 1.371135580091697079e+02
2.550000000000000000e+02 1.618673100687728379e+02 1.363617905562719272e+02
2.550000000000000000e+02 1.613120242764524619e+02 1.362065815513288953e+02
2.549999888065047742e+02 1.617613983361988801e+02 1.365549119295794753e+02
2.550000000000000000e+02 1.663882128017766320e+02 1.384076794093416538e+02
2.550000000000000000e+02 1.666891454437997027e+02 1.385262140464932941e+02
2.550000000000000000e+02 1.675651920356042694e+02 1.390498166505480242e+02
2.550000000000000000e+02 1.680063075345655079e+02 1.394945039938390892e+02
2.550000000000000000e+02 1.676572551758721943e+02 1.393847943083315499e+02
2.550000000000000000e+02 1.676884771921341155e+02 1.394131395963177908e+02
2.550000000000000000e+02 1.679280370191274585e+02 1.394942241564581877e+02
2.550000000000000000e+02 1.683200421770900448e+02 1.397127413317572859e+02
2.550000000000000000e+02 1.693226883193638628e+02 1.402411000519378206e+02
2.550000000000000000e+02 1.699005323626334132e+02 1.405200374758220505e+02
2.550000000000000000e+02 1.703613461745110556e+02 1.404178531771616747e+02
2.550000000000000000e+02 1.711666577118704708e+02 1.406558974049000597e+02
2.550000000000000000e+02 1.717470818557919756e+02 1.408298017855863691e+02
2.550000000000000000e+02 1.719051340085249535e+02 1.407410194587721151e+02
2.550000000000000000e+02 1.721564111863314110e+02 1.403784901318146012e+02
2.550000000000000000e+02 1.723378599828068047e+02 1.403855577047066276e+02
2.550000000000000000e+02 1.725070474246006142e+02 1.403520678863098965e+02
2.549999865678057063e+02 1.729902997170284493e+02 1.404763548606633776e+02
2.550000000000000000e+02 1.731758106329249927e+02 1.404879065477469737e+02
2.550000000000000000e+02 1.682618292857654581e+02 1.389268046153019611e+02
2.550000000000000000e+02 1.642132685453829026e+02 1.375668486728991979e+02
2.550000000000000000e+02 1.610558241994412185e+02 1.362646466885163647e+02
2.550000000000000000e+02 1.605111800630417633e+02 1.359029244125653690e+02
2.549999988806504803e+02 1.604578587291353244e+02 1.359063417866609313e+02
2.550000000000000000e+02 1.648909876692456464e+02 1.375082977380184843e+02
2.550000000000000000e+02 1.655042658410344529e+02 1.381589509904004558e+02
2.549999876871552544e+02 1.663118865964610507e+02 1.387751450676982472e+02
2.550000000000000000e+02 1.670241846658070131e+02 1.390520721398380886e+02
2.550000000000000000e+02 1.677940497618024267e+02 1.395662498209040621e+02
2.550000000000000000e+02 1.678715714324092119e+02 1.395722316247582171e+02
2.550000000000000000e+02 1.678886426319936902e+02 1.395514833619886872e+02
2.550000000000000000e+02 1.679003252829715507e+02 1.396288942169926202e+02
2.550000000000000000e+02 1.682242751092485094e+02 1.396757916039831002e+02
2.550000000000000000e+02 1.687465938193996635e+02 1.398020990042266760e+02
2.550000000000000000e+02 1.693797303710867652e+02 1.399968255247510456e+02
2.550000000000000000e+02 1.700617668260620405e+02 1.403449465846407236e+02
2.550000000000000000e+02 1.705153641915609910e+02 1.405114352747331452e+02
2.550000000000000000e+02 1.704879994537574248e+02 1.402696356293430711e+02
2.550000000000000000e+02 1.707560937388064985e+02 1.402633683913604159e+02
2.549999899258542939e+02 1.707265138082957208e+02 1.400105207661723625e+02
2.550000000000000000e+02 1.708193761641234971e+02 1.400077682856938281e+02
2.549999944032523729e+02 1.708694502650619711e+02 1.398270537825059137e+02
2.550000000000000000e+02 1.714576068754925018e+02 1.399095229780070326e+02
2.550000000000000000e+02 1.718717169478472613e+02 1.401367901085321250e+02
2.550000000000000000e+02 1.706918520309477856e+02 1.395073809907586622e+02
2.550000000000000000e+02 1.669526839762876875e+02 1.381423040242854086e+02
2.550000000000000000e+02 1.639470704384268345e+02 1.370295653789669643e+02
2.550000000000000000e+02 1.631811745558421194e+02 1.366690553585500254e+02
2.549999966419514408e+02 1.629876323071136994e+02 1.366192935561286674e+02
2.550000000000000000e+02 1.635808741224299752e+02 1.374062108227666670e+02
2.550000000000000000e+02 1.640417864370656957e+02 1.377838883068271230e+02
2.550000000000000000e+02 1.683174799860305200e+02 1.395035528153879341e+02
2.550000000000000000e+02 1.689235126083530361e+02 1.398226569775771964e+02
2.550000000000000000e+02 1.694927130346013371e+02 1.399574445698115994e+02
2.550000000000000000e+02 1.693883997331470823e+02 1.399514784368507776e+02
2.550000000000000000e+02 1.697464214395730266e+02 1.403944531753707281e+02
2.550000000000000000e+02 1.696019413998137395e+02 1.401882600383265185e+02
2.550000000000000000e+02 1.698496153915036757e+02 1.401041823375599904e+02
2.550000000000000000e+02 1.703017743928648144e+02 1.403725128053585536e+02
2.550000000000000000e+02 1.708745836019772071e+02 1.405117397378035662e+02
2.550000000000000000e+02 1.711400194319077173e+02 1.406305676445304016e+02
2.550000000000000000e+02 1.715313776058457051e+02 1.407505003492370577e+02
2.550000000000000000e+02 1.715927593756716192e+02 1.405897695930940472e+02
2.550000000000000000e+02 1.718626076814241799e+02 1.405652446450318678e+02
2.550000000000000000e+02 1.726898036213195837e+02 1.407918043466580684e+02
2.550000000000000000e+02 1.731517658858084303e+02 1.411675207303531749e+02
2.550000000000000000e+02 1.735884263736657260e+02 1.412543844920839717e+02
2.550000000000000000e+02 1.707593017945411589e+02 1.404232394870692815e+02
2.550000000000000000e+02 1.708534749086610702e+02 1.401704534261050128e+02
2.550000000000000000e+02 1.712213827100795243e+02 1.403195698115910943e+02
2.549999832097571471e+02 1.702525823393509654e+02 1.397311501540224867e+02
2.550000000000000000e+02 1.664914078730568008e+02 1.380650543556128582e+02
2.550000000000000000e+02 1.640599803442223674e+02 1.371238056540583159e+02
2.550000000000000000e+02 1.635364639300809415e+02 1.369790323447238336e+02
2.549999944032523729e+02 1.635317246041980184e+02 1.369772906368650922e+02
2.550000000000000000e+02 1.641797596980442790e+02 1.373862696110036552e+02
2.550000000000000000e+02 1.653334038523533138e+02 1.384310044147145220e+02
2.550000000000000000e+02 1.694568457178164635e+02 1.397541102514506690e+02
2.550000000000000000e+02 1.702352727183179297e+02 1.400972837864460132e+02
2.550000000000000000e+02 1.708249796278386725e+02 1.404109669388924715e+02
2.549999966419514408e+02 1.705358135880077270e+02 1.402528509832366126e+02
2.550000000000000000e+02 1.703475960849631008e+02 1.402002863296081330e+02
2.550000000000000000e+02 1.701751020846765527e+02 1.399367948098001193e+02
2.550000000000000000e+02 1.705965293448671218e+02 1.399802893742388505e+02
2.550000000000000000e+02 1.710580315567017635e+02 1.402269268482699260e+02
2.550000000000000000e+02 1.715456403574754631e+02 1.403336948832294695e+02
2.550000000000000000e+02 1.719761377068557806e+02 1.404803800415502621e+02
2.550000000000000000e+02 1.723991163854860531e+02 1.406191278923991774e+02
2.550000000000000000e+02 1.729228107762017430e+02 1.408201921699262016e+02
2.549999977613009605e+02 1.734609660434128386e+02 1.411339671090335912e+02
2.550000000000000000e+02 1.701986095440217639e+02 1.400487722974424969e+02
2.550000000000000000e+02 1.705406368651049434e+02 1.400539884662225063e+02
2.550000000000000000e+02 1.707448140536571373e+02 1.400098513951572556e+02
2.550000000000000000e+02 1.707959034046135116e+02 1.397261746453900741e+02
2.550000000000000000e+02 1.708759771921341155e+02 1.397264388118776424e+02
2.550000000000000000e+02 1.690978434612078161e+02 1.388059887438211888e+02
2.550000000000000000e+02 1.658474830306612091e+02 1.376221456587147998e+02
2.550000000000000000e+02 1.640519456533419316e+02 1.369469864872125413e+02
2.550000000000000000e+02 1.638050585643670729e+02 1.369508885396518281e+02
2.550000000000000000e+02 1.645861484973852100e+02 1.372590409861021499e+02
2.550000000000000000e+02 1.664131978024930163e+02 1.385605780768679836e+02
2.550000000000000000e+02 1.676984908929722735e+02 1.390884398058600198e+02
2.550000000000000000e+02 1.723305965237481132e+02 1.407424712551042205e+02
2.550000000000000000e+02 1.724957408750626939e+02 1.407718317931083902e+02
2.550000000000000000e+02 1.722903503116268951e+02 1.406813200712801688e+02
2.550000000000000000e+02 1.682216782183537589e+02 1.394251759617451114e+02
2.550000000000000000e+02 1.683440567017694605e+02 1.394006476556343443e+02
2.550000000000000000e+02 1.685145448277097273e+02 1.392117574235260520e+02
2.550000000000000000e+02 1.691243843577620112e+02 1.394333897485493310e+02
2.550000000000000000e+02 1.707720634984597723e+02 1.402664443638512921e+02
2.550000000000000000e+02 1.715117912278816448e+02 1.405715376280535907e+02
2.550000000000000000e+02 1.716956343129880338e+02 1.403205962551042205e+02
2.550000000000000000e+02 1.721427069901139078e+02 1.405364773622752352e+02
2.550000000000000000e+02 1.721475672057453892e+02 1.402088236084246660e+02
2.550000000000000000e+02 1.720523116806361372e+02 1.398452958216921047e+02
2.550000000000000000e+02 1.722612628949065083e+02 1.399325826975428129e+02
2.550000000000000000e+02 1.721766053710867652e+02 1.396921318683286870e+02
2.550000000000000000e+02 1.723720527527043487e+02 1.396781959667598016e+02
2.550000000000000000e+02 1.723310778440432784e+02 1.395559562826850026e+02
2.550000000000000000e+02 1.675694992925710949e+02 1.381199976269790000e+02
2.550000000000000000e+02 1.638525245809155422e+02 1.368588813668600892e+02
2.550000000000000000e+02 1.600718678361630509e+02 1.354833687047782860e+02
2.550000000000000000e+02 1.590548996167347298e+02 1.350950596389426153e+02
2.550000000000000000e+02 1.588868684629987911e+02 1.350880939268572263e+02
2.550000000000000000e+02 1.635957693065405749e+02 1.368757230997922534e+02
2.550000000000000000e+02 1.644986814062611984e+02 1.374520840049430603e+02
2.550000000000000000e+02 1.691204196217494200e+02 1.392988562486567901e+02
2.550000000000000000e+02 1.698312200014327686e+02 1.396869806218210499e+02
2.550000000000000000e+02 1.704811020219929674e+02 1.399747855326312731e+02
2.550000000000000000e+02 1.706206300594598417e+02 1.400723133372734424e+02
2.550000000000000000e+02 1.704456634160756607e+02 1.400161007235475381e+02
2.550000000000000000e+02 1.706172171627623868e+02 1.399735587255534028e+02
2.550000000000000000e+02 1.705614119922630607e+02 1.398841036696754827e+02
2.550000000000000000e+02 1.712303923543950077e+02 1.400210829482770976e+02
2.550000000000000000e+02 1.720026539777204562e+02 1.402546777616591385e+02
2.550000000000000000e+02 1.727712206282685088e+02 1.406330324521813964e+02
2.550000000000000000e+02 1.734460954849917584e+02 1.408566773676481034e+02
2.550000000000000000e+02 1.742935908284977415e+02 1.410789454832008119e+02
2.549999865678057063e+02 1.712085101905580586e+02 1.402693826563507287e+02
2.550000000000000000e+02 1.713547800702056065e+02 1.399793457625904409e+02
2.550000000000000000e+02 1.719713267426033383e+02 1.402019082670678358e+02
2.550000000000000000e+02 1.719401472616233377e+02 1.400021995218138784e+02
2.549999910452038137e+02 1.719377406601475684e+02 1.396248052331828831e+02
2.550000000000000000e+02 1.724672802940754934e+02 1.398061913460849723e+02
2.550000000000000000e+02 1.719047836521240811e+02 1.394389708252740263e+02
2.550000000000000000e+02 1.698309368060033080e+02 1.385760362937889454e+02
2.550000000000000000e+02 1.656623526936026849e+02 1.370767403646393063e+02
2.550000000000000000e+02 1.631855769575184354e+02 1.362138942617665975e+02
2.550000000000000000e+02 1.586041308474819118e+02 1.349993283902858252e+02
2.550000000000000000e+02 1.629616354144279740e+02 1.361361129020703515e+02
2.550000000000000000e+02 1.639167159180456963e+02 1.368755630328103621e+02
2.550000000000000000e+02 1.649624234364925712e+02 1.378259724908661212e+02
2.550000000000000000e+02 1.692812018679704806e+02 1.394052067662439924e+02
2.550000000000000000e+02 1.700660852765241202e+02 1.397388523980944228e+02
2.550000000000000000e+02 1.705347412511641210e+02 1.399743870442008813e+02
2.550000000000000000e+02 1.706619631599684794e+02 1.400274453309692717e+02
2.550000000000000000e+02 1.706299766279819607e+02 1.399923044720252108e+02
2.550000000000000000e+02 1.710202120943477269e+02 1.400250599971344627e+02
2.550000000000000000e+02 1.710919523246651011e+02 1.399909310301597429e+02
2.550000000000000000e+02 1.715683944945913026e+02 1.401176727380184843e+02
2.550000000000000000e+02 1.723378375958163247e+02 1.403315490901927092e+02
2.550000000000000000e+02 1.729229529335912332e+02 1.405253935632925106e+02
2.550000000000000000e+02 1.734958237069274389e+02 1.407542468120925605e+02
2.550000000000000000e+02 1.741823789759295096e+02 1.409525059997134520e+02
2.550000000000000000e+02 1.708252807328605343e+02 1.399359497009098163e+02
2.550000000000000000e+02 1.709023938408911931e+02 1.396791821136901035e+02
2.550000000000000000e+02 1.708816914714521147e+02 1.393845648416792073e+02
2.550000000000000000e+02 1.712350947417436657e+02 1.395219168636721747e+02
2.550000000000000000e+02 1.713878355809871721e+02 1.393785494573393464e+02
2.550000000000000000e+02 1.716331533419299262e+02 1.392528465058385336e+02
2.550000000000000000e+02 1.712523215309119564e+02 1.391728880113188609e+02
2.550000000000000000e+02 1.681738931871910552e+02 1.378797068647467654e+02
2.550000000000000000e+02 1.640343304498889552e+02 1.363732325471022193e+02
2.550000000000000000e+02 1.623165610000716299e+02 1.356970043968049424e+02
2.550000000000000000e+02 1.618906361934952258e+02 1.355728685346371378e+02
2.550000000000000000e+02 1.622738566963965923e+02 1.359466853821907080e+02
2.550000000000000000e+02 1.629151824091983656e+02 1.366135255480335218e+02
2.550000000000000000e+02 1.672208566158034273e+02 1.382987443137044181e+02
2.550000000000000000e+02 1.678444943674331853e+02 1.385781809674761860e+02
2.550000000000000000e+02 1.689478797281323921e+02 1.393423329035031202e+02
2.550000000000000000e+02 1.692829995433054080e+02 1.395304015330611094e+02
2.550000000000000000e+02 1.696177141539508568e+02 1.397669704581273606e+02
2.550000000000000000e+02 1.695830031252238825e+02 1.398254407998423972e+02
2.550000000000000000e+02 1.696331197614442203e+02 1.396598296797764931e+02
2.550000000000000000e+02 1.698344459667598016e+02 1.396429969016405153e+02
2.550000000000000000e+02 1.700630395264703907e+02 1.397177347499820996e+02
2.550000000000000000e+02 1.708283466312056760e+02 1.399676530374668744e+02
2.550000000000000000e+02 1.712807149509277167e+02 1.398939953614155627e+02
2.550000000000000000e+02 1.719181117469016442e+02 1.401401716634429420e+02
2.550000000000000000e+02 1.726328656691023582e+02 1.403529924690164137e+02
2.549999955226018926e+02 1.731588883068271230e+02 1.404630312432838934e+02
2.550000000000000000e+02 1.731569540708503609e+02 1.403681104036822092e+02
2.549999988806504803e+02 1.737330631223583453e+02 1.404068634035389493e+02
2.550000000000000000e+02 1.705917015903717981e+02 1.396446166004011786e+02
2.550000000000000000e+02 1.711094970090980780e+02 1.397357753062540269e+02
2.550000000000000000e+02 1.709076536643026145e+02 1.394120157693960778e+02
2.550000000000000000e+02 1.685142638709793061e+02 1.382021354950211389e+02
2.550000000000000000e+02 1.649583064689447554e+02 1.370505654953793169e+02
2.550000000000000000e+02 1.626388888888888857e+02 1.360016432051006632e+02
2.550000000000000000e+02 1.624050534153592764e+02 1.358457446808510554e+02
2.550000000000000000e+02 1.633659355075578503e+02 1.364132649634644281e+02
2.549999977613009605e+02 1.646647592950784542e+02 1.375363094598467057e+02
2.550000000000000000e+02 1.691540762232251609e+02 1.388827559728490542e+02
2.549999966419514408e+02 1.703708494519664782e+02 1.394573751701411197e+02
2.550000000000000000e+02 1.709354650225660919e+02 1.400105095726771367e+02
2.550000000000000000e+02 1.711004448295006739e+02 1.401290833870621100e+02
2.550000000000000000e+02 1.707643511802421301e+02 1.397828327602263698e+02
2.550000000000000000e+02 1.709437112705064692e+02 1.397696132423525910e+02
2.550000000000000000e+02 1.716104797979797922e+02 1.400850672057453892e+02
2.550000000000000000e+02 1.719907351439931347e+02 1.399600448187549375e+02
2.549999798517085878e+02 1.724686212748047751e+02 1.400549242424242493e+02
2.550000000000000000e+02 1.729186277670320351e+02 1.402472340873271719e+02
2.550000000000000000e+02 1.733567613188623966e+02 1.403147420570957706e+02
2.550000000000000000e+02 1.703969582796045472e+02 1.393318591500107573e+02
2.550000000000000000e+02 1.706766960383981768e+02 1.394273486191704308e+02
2.550000000000000000e+02 1.706973021437782165e+02 1.392949284511784640e+02
2.550000000000000000e+02 1.712311982860520061e+02 1.395223265455978208e+02
2.550000000000000000e+02 1.713616159377462509e+02 1.392805671967905994e+02
2.550000000000000000e+02 1.712544628465506094e+02 1.390689575274016647e+02
2.550000000000000000e+02 1.706085959327315607e+02 1.387193779550827344e+02
2.549999932839028531e+02 1.669621525539078846e+02 1.374502941650547996e+02
2.550000000000000000e+02 1.629047579070850418e+02 1.357511137527759786e+02
2.550000000000000000e+02 1.618282425316999706e+02 1.353170232914248743e+02
2.550000000000000000e+02 1.618176669174009703e+02 1.353117914517515601e+02
2.550000000000000000e+02 1.632126652159896878e+02 1.364472887115839228e+02
2.550000000000000000e+02 1.646794653091195642e+02 1.375181233881366722e+02
2.550000000000000000e+02 1.696224971344652204e+02 1.392781885790529373e+02
2.550000000000000000e+02 1.704858144834873599e+02 1.397353913693674201e+02
2.550000000000000000e+02 1.709548689465577809e+02 1.399914157085034674e+02
2.550000000000000000e+02 1.710981322533849038e+02 1.400024390626119271e+02
2.550000000000000000e+02 1.708381331040905593e+02 1.396711630937030009e+02
2.549999910452038137e+02 1.709937350007163843e+02 1.397588663675764735e+02
2.550000000000000000e+02 1.715387664320510055e+02 1.399704390984311146e+02
2.550000000000000000e+02 1.718694278780714910e+02 1.398456976681710842e+02
2.550000000000000000e+02 1.718946860000716299e+02 1.397449853141342544e+02
2.550000000000000000e+02 1.719877957321441500e+02 1.396564414087685293e+02
2.550000000000000000e+02 1.724660993803281031e+02 1.398408385718890941e+02
2.550000000000000000e+02 1.695665833870621100e+02 1.391391038039974148e+02
2.550000000000000000e+02 1.701903140447023475e+02 1.392375125367146609e+02
2.550000000000000000e+02 1.706076411275879252e+02 1.394054149652554031e+02
2.549999876871552544e+02 1.709578923096210303e+02 1.395556014488860228e+02
2.550000000000000000e+02 1.709858480639730658e+02 1.391947175657282116e+02
2.550000000000000000e+02 1.706830091697112834e+02 1.389648042929293013e+02
2.550000000000000000e+02 1.704978933841965727e+02 1.388130887778494298e+02
2.550000000000000000e+02 1.693321770452754436e+02 1.381393422254459438e+02
2.550000000000000000e+02 1.654092733630632495e+02 1.367518570008596726e+02
2.550000000000000000e+02 1.622608979869618224e+02 1.356579200694892222e+02
2.550000000000000000e+02 1.614764018733433488e+02 1.353988309513575530e+02
2.550000000000000000e+02 1.613854468891038039e+02 1.353676492316784845e+02
2.550000000000000000e+02 1.623999458234830513e+02 1.361734073894978110e+02
2.550000000000000000e+02 1.669772973529622391e+02 1.379214563632781676e+02
2.549999944032523729e+02 1.676586711530195544e+02 1.386099100490722833e+02
2.550000000000000000e+02 1.682511674815531251e+02 1.389003219249229915e+02
2.550000000000000000e+02 1.689561864209470627e+02 1.393742948098001193e+02
2.550000000000000000e+02 1.690781552224371467e+02 1.394294317286338583e+02
2.550000000000000000e+02 1.691330928970556613e+02 1.394212425675191582e+02
2.550000000000000000e+02 1.693079308152446458e+02 1.395568193011677067e+02
2.550000000000000000e+02 1.696929355612866175e+02 1.397138539651837448e+02
2.550000000000000000e+02 1.702064270810946311e+02 1.398362816999785139e+02
2.550000000000000000e+02 1.703169919496382363e+02 1.396839673329035065e+02
2.550000000000000000e+02 1.708202335858585741e+02 1.398081658786446155e+02
2.550000000000000000e+02 1.715075186707500450e+02 1.400043609857439719e+02
2.550000000000000000e+02 1.718350929507844285e+02 1.398318087792821700e+02
2.550000000000000000e+02 1.726043412851923620e+02 1.400816196092126802e+02
2.550000000000000000e+02 1.729977501074575628e+02 1.402628020005014662e+02
2.549999988806504803e+02 1.732913599648971967e+02 1.401894655777634568e+02
2.550000000000000000e+02 1.740532575309835863e+02 1.404767567071423571e+02
2.550000000000000000e+02 1.714120818110179698e+02 1.397801317698259140e+02
2.550000000000000000e+02 1.718624386596461022e+02 1.398348209488501936e+02
2.550000000000000000e+02 1.711053207160255170e+02 1.394674862543878362e+02
2.549999910452038137e+02 1.673317237087183855e+02 1.377478251038756412e+02
2.550000000000000000e+02 1.631948395748262897e+02 1.359105315119277861e+02
2.550000000000000000e+02 1.618319565334192873e+02 1.354998421717171766e+02
2.550000000000000000e+02 1.613942807955440912e+02 1.352751584998925409e+02
2.550000000000000000e+02 1.616789783920768002e+02 1.356858959721326698e+02
2.550000000000000000e+02 1.665862313292499550e+02 1.377705646894476672e+02
2.550000000000000000e+02 1.669706282685006045e+02 1.381114648255605744e+02
2.550000000000000000e+02 1.681882119062969991e+02 1.388015460455619916e+02
2.550000000000000000e+02 1.688356727738376719e+02 1.393020318432552358e+02
2.550000000000000000e+02 1.689602877176015454e+02 1.393234830575256069e+02
2.550000000000000000e+02 1.688864095296941059e+02 1.393036481839673399e+02
2.550000000000000000e+02 1.688266709649688266e+02 1.392734705208109460e+02
2.550000000000000000e+02 1.691932993498817837e+02 1.394332072945769880e+02
2.550000000000000000e+02 1.697810473977362165e+02 1.396456878178952650e+02
2.550000000000000000e+02 1.702940419263557601e+02 1.398060603821907080e+02
2.550000000000000000e+02 1.709086140661938487e+02 1.400444381760871124e+02
2.550000000000000000e+02 1.712852057812164333e+02 1.398547946217494200e+02
2.550000000000000000e+02 1.717380654953793169e+02 1.401105715846407236e+02
2.550000000000000000e+02 1.718647859355970979e+02 1.398613025198796436e+02
2.550000000000000000e+02 1.722670163514578405e+02 1.399286907192492322e+02
2.550000000000000000e+02 1.726467153807579393e+02 1.401160810229959282e+02
2.550000000000000000e+02 1.729750608926140956e+02 1.398955870764381473e+02
2.550000000000000000e+02 1.733084681030159686e+02 1.400996724783293814e+02
2.550000000000000000e+02 1.700721734185829916e+02 1.390039457070706987e+02
2.550000000000000000e+02 1.696778624006017537e+02 1.388564803621319470e+02
2.550000000000000000e+02 1.663161737051364639e+02 1.374560565764023181e+02
2.550000000000000000e+02 1.632623475445948884e+02 1.362863990078085692e+02
2.550000000000000000e+02 1.615724599720610399e+02 1.355002205118561562e+02
2.550000000000000000e+02 1.617615662386274096e+02 1.358452107511282918e+02
2.550000000000000000e+02 1.622450345655132935e+02 1.359738654273228633e+02
2.550000000000000000e+02 1.671514737355827833e+02 1.381205964789741358e+02
2.550000000000000000e+02 1.677090172558922632e+02 1.385266964861379790e+02
2.550000000000000000e+02 1.690109472383408615e+02 1.392174638673973845e+02
2.550000000000000000e+02 1.694273105612866175e+02 1.393386312146285491e+02
2.550000000000000000e+02 1.694609313435776130e+02 1.393830682713661417e+02
2.550000000000000000e+02 1.694283862561788112e+02 1.394458156476108570e+02
2.550000000000000000e+02 1.696794395640805249e+02 1.395861585715309161e+02
2.550000000000000000e+02 1.698476699620316595e+02 1.394012744913675874e+02
2.549999944032523729e+02 1.703988510996489651e+02 1.395333812414929469e+02
2.550000000000000000e+02 1.708861923758865373e+02 1.395965450157604550e+02
2.550000000000000000e+02 1.713909025986818619e+02 1.398233028422523034e+02
2.550000000000000000e+02 1.715966838151013576e+02 1.396082388602335413e+02
2.550000000000000000e+02 1.722529539633927982e+02 1.398605771813883507e+02
2.550000000000000000e+02 1.727245403950855973e+02 1.399776264417221796e+02
2.550000000000000000e+02 1.728309300899061611e+02 1.398834689984956015e+02
2.550000000000000000e+02 1.733635736800630411e+02 1.401042595726771367e+02
2.550000000000000000e+02 1.737305815244644975e+02 1.401940134948778507e+02
2.550000000000000000e+02 1.702497705333476574e+02 1.390125512662081917e+02
2.550000000000000000e+02 1.691361599147503512e+02 1.385238734866394452e+02
2.549999865678057063e+02 1.656013481445662308e+02 1.371419782935740272e+02
2.550000000000000000e+02 1.622822921144064878e+02 1.357362902070348980e+02
2.550000000000000000e+02 1.615096823733791780e+02 1.354186188122358203e+02
2.550000000000000000e+02 1.614197549520022790e+02 1.353648161580342446e+02
2.550000000000000000e+02 1.626996662099720652e+02 1.363396184809083707e+02
2.550000000000000000e+02 1.671408869277885287e+02 1.380726625743247951e+02
2.550000000000000000e+02 1.675862783419299262e+02 1.384175386399455476e+02
2.550000000000000000e+02 1.685423886471093908e+02 1.389944804874991178e+02
2.549999944032523729e+02 1.688593313453685880e+02 1.391455076026219615e+02
2.550000000000000000e+02 1.689321707769181273e+02 1.391931493570456269e+02
2.550000000000000000e+02 1.688348489325883008e+02 1.391877932695751952e+02
2.550000000000000000e+02 1.688763074002435758e+02 1.392185328461924314e+02
2.550000000000000000e+02 1.691477563758148790e+02 1.392409411043054774e+02
2.550000000000000000e+02 1.694184038971272912e+02 1.393537290010029324e+02
2.550000000000000000e+02 1.695657942456479645e+02 1.393794718013467957e+02
2.549999932839028531e+02 1.696605572569668254e+02 1.393256725051937792e+02
2.550000000000000000e+02 1.699541850239988605e+02 1.394459410147574943e+02
2.550000000000000000e+02 1.699264665717458342e+02 1.392287905652267455e+02
2.550000000000000000e+02 1.698923846174511141e+02 1.391639511247223879e+02
2.550000000000000000e+02 1.701918968049287173e+02 1.393013691883372758e+02
2.550000000000000000e+02 1.707287054946629326e+02 1.394386249462712328e+02
2.550000000000000000e+02 1.708616618310767308e+02 1.393250893240919766e+02
2.550000000000000000e+02 1.710774645837810795e+02 1.393083908678988507e+02
2.549999742549609607e+02 1.692011493480908371e+02 1.386894006554910845e+02
2.549999932839028531e+02 1.654161450497886676e+02 1.371922426839315108e+02
2.550000000000000000e+02 1.631376094723834171e+02 1.362420358281395636e+02
2.549999966419514408e+02 1.627144550558779201e+02 1.360782470090980780e+02
2.550000000000000000e+02 1.629815967744824263e+02 1.363157293233755922e+02
2.550000000000000000e+02 1.639370108442581966e+02 1.372178321333906581e+02
2.550000000000000000e+02 1.644294250125367114e+02 1.377005426606490346e+02
2.550000000000000000e+02 1.691191637115839228e+02 1.394239032613367613e+02
2.550000000000000000e+02 1.691429700372519562e+02 1.394907071602550275e+02
2.550000000000000000e+02 1.691661069919048543e+02 1.393852286159466871e+02
2.550000000000000000e+02 1.696251141736514114e+02 1.397389050075220212e+02
2.550000000000000000e+02 1.693919279228454684e+02 1.395064060373235861e+02
2.550000000000000000e+02 1.696425659520739373e+02 1.395820136202449930e+02
2.550000000000000000e+02 1.700199065119277861e+02 1.396707422182821006e+02
2.550000000000000000e+02 1.703938946199584450e+02 1.398123500071638432e+02
2.550000000000000000e+02 1.708647355648685391e+02 1.399461022010889053e+02
2.550000000000000000e+02 1.713075099398237739e+02 1.401575003134178701e+02
2.550000000000000000e+02 1.718381420588867456e+02 1.402628803549681322e+02
2.550000000000000000e+02 1.718721344652195739e+02 1.401122595637223185e+02
2.550000000000000000e+02 1.722850468335840617e+02 1.401230971058098760e+02
2.550000000000000000e+02 1.727009389103803869e+02 1.403382954097714617e+02
2.550000000000000000e+02 1.731281744752489544e+02 1.405202971649115398e+02
2.550000000000000000e+02 1.704698984526112326e+02 1.397938314886453099e+02
2.550000000000000000e+02 1.711072493552546803e+02 1.400069825023282419e+02
2.550000000000000000e+02 1.707098220681997418e+02 1.396609132101153250e+02
2.550000000000000000e+02 1.682640097786374440e+02 1.386636164392148487e+02
2.550000000000000000e+02 1.645483245576330660e+02 1.371104137563579002e+02
2.550000000000000000e+02 1.630658770775127095e+02 1.363571105559137493e+02
2.550000000000000000e+02 1.631884279407550764e+02 1.363526186062755130e+02
2.550000000000000000e+02 1.639150503259545815e+02 1.368027985976789296e+02
2.550000000000000000e+02 1.649647908607350075e+02 1.378128693853427933e+02
2.550000000000000000e+02 1.689943092270220006e+02 1.391302161687800094e+02
2.549999921645533334e+02 1.696143751343219321e+02 1.394954867827208318e+02
2.550000000000000000e+02 1.701902972544594945e+02 1.396305295866466167e+02
2.550000000000000000e+02 1.703326684397163149e+02 1.397195212318217727e+02
2.550000000000000000e+02 1.703476777974783261e+02 1.398125615642237847e+02
2.550000000000000000e+02 1.703071830897628729e+02 1.397817872877713228e+02
2.550000000000000000e+02 1.705604594258184648e+02 1.399422393258829516e+02
2.550000000000000000e+02 1.707111776004728085e+02 1.396554485457411090e+02
2.550000000000000000e+02 1.711770497528476369e+02 1.398656746991188413e+02
2.550000000000000000e+02 1.718563415627910445e+02 1.400867764524679444e+02
2.550000000000000000e+02 1.727932158464073495e+02 1.403749843291066668e+02
2.550000000000000000e+02 1.732231445662296778e+02 1.405659834157174544e+02
2.550000000000000000e+02 1.735505196020488654e+02 1.406925236406619319e+02
2.550000000000000000e+02 1.704268549860305200e+02 1.397175813990973552e+02
2.550000000000000000e+02 1.710514553782505800e+02 1.398538286231105303e+02
2.550000000000000000e+02 1.715286542284547693e+02 1.399125933537502817e+02
2.550000000000000000e+02 1.719331132692169888e+02 1.397594137294935308e+02
2.550000000000000000e+02 1.726683333781073202e+02 1.400017562594025264e+02
2.550000000000000000e+02 1.725847022978007033e+02 1.397353242083960083e+02
2.550000000000000000e+02 1.711575059101654972e+02 1.391450811304534625e+02
2.550000000000000000e+02 1.667321844329823080e+02 1.373393061823912831e+02
2.550000000000000000e+02 1.645023483953005154e+02 1.367129260244286968e+02
2.550000000000000000e+02 1.598134783114836353e+02 1.351919829948420499e+02
2.550000000000000000e+02 1.642965627014829124e+02 1.365310843362705100e+02
2.550000000000000000e+02 1.651510931567447642e+02 1.372558888978436755e+02
2.550000000000000000e+02 1.660393708807937401e+02 1.379149025718174641e+02
2.550000000000000000e+02 1.669413057883802480e+02 1.383972940844616346e+02
2.550000000000000000e+02 1.676409966240418328e+02 1.387538125044773949e+02
2.550000000000000000e+02 1.719625141038040113e+02 1.402373994824127692e+02
2.550000000000000000e+02 1.718927316158034273e+02 1.400773873486639332e+02
2.550000000000000000e+02 1.680713618901783661e+02 1.388769241618310843e+02
2.550000000000000000e+02 1.682787135539795145e+02 1.389417882280249330e+02
2.550000000000000000e+02 1.687489623629916196e+02 1.391665021222866869e+02
2.550000000000000000e+02 1.693518440164051810e+02 1.393793520309477856e+02
2.549999921645533334e+02 1.698153062092556809e+02 1.395834072104019015e+02
2.550000000000000000e+02 1.703425758023497281e+02 1.396617079482770976e+02
2.550000000000000000e+02 1.705845153664302529e+02 1.396287005695250514e+02
2.550000000000000000e+02 1.712222692349021997e+02 1.397852069005659530e+02
2.550000000000000000e+02 1.715728718926857255e+02 1.398791617415287760e+02
2.550000000000000000e+02 1.716210296672397817e+02 1.397125980550182760e+02
2.550000000000000000e+02 1.717983749283616248e+02 1.394815038684719468e+02
2.550000000000000000e+02 1.722268473744537687e+02 1.395721073769610996e+02
2.549999988806504803e+02 1.725539280213482414e+02 1.396819681746543438e+02
2.550000000000000000e+02 1.721620415144351455e+02 1.393008822712945118e+02
2.550000000000000000e+02 1.698693248979153338e+02 1.384887941919191974e+02
2.550000000000000000e+02 1.666344730550182760e+02 1.372615192259474100e+02
2.550000000000000000e+02 1.609100054176516892e+02 1.354684768787162454e+02
2.550000000000000000e+02 1.608677622859803762e+02 1.354032826044129365e+02
2.550000000000000000e+02 1.653685682176373746e+02 1.368287059424027632e+02
2.550000000000000000e+02 1.663893981929221297e+02 1.375312746256895196e+02
2.550000000000000000e+02 1.676129099057955329e+02 1.384328580575256069e+02
2.550000000000000000e+02 1.684440817751988106e+02 1.386482018769252704e+02
2.550000000000000000e+02 1.691776463661437049e+02 1.392959604914392173e+02
2.550000000000000000e+02 1.691729842753778996e+02 1.392385400995773352e+02
2.550000000000000000e+02 1.690722652052439230e+02 1.392407183537502817e+02
2.550000000000000000e+02 1.689819672791747394e+02 1.390208199011390491e+02
2.550000000000000000e+02 1.695539582437853596e+02 1.391310758292141259e+02
2.550000000000000000e+02 1.700030256017623174e+02 1.392782691722186428e+02
2.550000000000000000e+02 1.703963068181818130e+02 1.393559777741958499e+02
2.550000000000000000e+02 1.707429178755641601e+02 1.395405976878716103e+02
2.550000000000000000e+02 1.707983536607206929e+02 1.393017867057095884e+02
2.549999988806504803e+02 1.711993762984454577e+02 1.393047082079662005e+02
2.549999988806504803e+02 1.713152815835661613e+02 1.392340302403467263e+02
2.550000000000000000e+02 1.716764699297943935e+02 1.391894073715882314e+02
2.550000000000000000e+02 1.720210437710437645e+02 1.394180098860949784e+02
2.550000000000000000e+02 1.720374478383122039e+02 1.391414813023855572e+02
2.550000000000000000e+02 1.719693063167132436e+02 1.390616593685077760e+02
2.550000000000000000e+02 1.703094240275091238e+02 1.385387429257110057e+02
2.550000000000000000e+02 1.665400525646536209e+02 1.370712734615660224e+02
2.550000000000000000e+02 1.603347246847911833e+02 1.350876562611935015e+02
2.549999932839028531e+02 1.602908394673687269e+02 1.350813890232108179e+02
2.550000000000000000e+02 1.647747779210545218e+02 1.366594367880937000e+02
2.550000000000000000e+02 1.658991231015832000e+02 1.373650243570456269e+02
2.550000000000000000e+02 1.667100672057453892e+02 1.379831246865821299e+02
2.550000000000000000e+02 1.677300128949065083e+02 1.386122035962461609e+02
2.550000000000000000e+02 1.681420779156816252e+02 1.388036470646178202e+02
2.550000000000000000e+02 1.681584808636005448e+02 1.387382367558564340e+02
2.550000000000000000e+02 1.680196457034887771e+02 1.387793784475965424e+02
2.550000000000000000e+02 1.679998220234257360e+02 1.386984617898846750e+02
2.549999966419514408e+02 1.682685991116842104e+02 1.388060189662583355e+02
2.550000000000000000e+02 1.688137044200873902e+02 1.389605104681567411e+02
2.550000000000000000e+02 1.691852501074575628e+02 1.390535955745397132e+02
2.550000000000000000e+02 1.697713157729779994e+02 1.392581555806289941e+02
2.550000000000000000e+02 1.704845496185256764e+02 1.395043665824915706e+02
2.550000000000000000e+02 1.705135575614299057e+02 1.393161378859517185e+02
2.550000000000000000e+02 1.708530920911240116e+02 1.394102057812164333e+02
2.550000000000000000e+02 1.712531151497241808e+02 1.395925175961745026e+02
2.550000000000000000e+02 1.713231853105523328e+02 1.393855364370656957e+02
2.550000000000000000e+02 1.713705248406046167e+02 1.390761605415860629e+02
2.550000000000000000e+02 1.716136800182677860e+02 1.390910400548033579e+02
2.550000000000000000e+02 1.714014412744465972e+02 1.390119591303102027e+02
2.550000000000000000e+02 1.679928350436994151e+02 1.375942055752560975e+02
2.550000000000000000e+02 1.644010629343076175e+02 1.364336651085321250e+02
2.550000000000000000e+02 1.631811801525897181e+02 1.359092386632280238e+02
2.550000000000000000e+02 1.631040065996847943e+02 1.358864599004226648e+02
2.550000000000000000e+02 1.635202669424743931e+02 1.361743028691167012e+02
2.550000000000000000e+02 1.642458964646464779e+02 1.370278684450891831e+02
2.550000000000000000e+02 1.687642974514650120e+02 1.386673864084103514e+02
2.550000000000000000e+02 1.689324047209685489e+02 1.386562846998352256e+02
2.550000000000000000e+02 1.695285859481338093e+02 1.390804554857081428e+02
2.550000000000000000e+02 1.695943913872770281e+02 1.391695993624185235e+02
2.550000000000000000e+02 1.694501956622967214e+02 1.390883189161114615e+02
2.550000000000000000e+02 1.695745744233111338e+02 1.391911468407479049e+02
2.550000000000000000e+02 1.698167333798982668e+02 1.392898354108460524e+02
2.550000000000000000e+02 1.701210207124435954e+02 1.393640079876782067e+02
2.549999809710581076e+02 1.705769866215345019e+02 1.395391828300737984e+02
2.550000000000000000e+02 1.709051709470592471e+02 1.396335798140984252e+02
2.550000000000000000e+02 1.715214959882513028e+02 1.398325509080163442e+02
2.550000000000000000e+02 1.721507954097714617e+02 1.400010645013969395e+02
2.550000000000000000e+02 1.723521954921556016e+02 1.397706061053800397e+02
2.550000000000000000e+02 1.727753208055734717e+02 1.400087454778279152e+02
2.550000000000000000e+02 1.730909863260262114e+02 1.401132177269145416e+02
2.550000000000000000e+02 1.736313176087112140e+02 1.403671399276452405e+02
2.550000000000000000e+02 1.706111715559853792e+02 1.394990026595744723e+02
2.550000000000000000e+02 1.706510248764238042e+02 1.393519772189984849e+02
2.550000000000000000e+02 1.682315699100938389e+02 1.383440443889247149e+02
2.550000000000000000e+02 1.641582200551615358e+02 1.365171193316140261e+02
2.550000000000000000e+02 1.621899345852138481e+02 1.358305875689519269e+02
2.550000000000000000e+02 1.613057637545669536e+02 1.353602189895408117e+02
2.550000000000000000e+02 1.616627377498388114e+02 1.355916803227308662e+02
2.550000000000000000e+02 1.626602449584497379e+02 1.366496458378107377e+02
2.549999988806504803e+02 1.671853071942832685e+02 1.382472900548033579e+02
2.550000000000000000e+02 1.675595572301024561e+02 1.384889643330467663e+02
2.549999932839028531e+02 1.685197800254316292e+02 1.391331589386775534e+02
2.550000000000000000e+02 1.689369045060534518e+02 1.394103177161687768e+02
2.550000000000000000e+02 1.689818542248728477e+02 1.394127131241492918e+02
2.550000000000000000e+02 1.690960301149795839e+02 1.393412482538147401e+02
2.550000000000000000e+02 1.692291509957733240e+02 1.394550256554910845e+02
2.550000000000000000e+02 1.695539918242710655e+02 1.395894628913245867e+02
2.550000000000000000e+02 1.700394033419299262e+02 1.397390807453972457e+02
2.550000000000000000e+02 1.708587951769467850e+02 1.399594717117988409e+02
2.550000000000000000e+02 1.709945476484705296e+02 1.398150633104090446e+02
2.550000000000000000e+02 1.714239435579196140e+02 1.399710950372519562e+02
2.550000000000000000e+02 1.714035456515509566e+02 1.398156565656565533e+02
2.550000000000000000e+02 1.715405226914535319e+02 1.397561362740883908e+02
2.550000000000000000e+02 1.719900165215989603e+02 1.399375391772333330e+02
2.550000000000000000e+02 1.720533817787807038e+02 1.397125197005516100e+02
2.550000000000000000e+02 1.724224301973636955e+02 1.397733317214700151e+02
2.549999944032523729e+02 1.729961360054445265e+02 1.399040168977004157e+02
2.550000000000000000e+02 1.730484376119349577e+02 1.399330830467798421e+02
2.550000000000000000e+02 1.672978477147360081e+02 1.379537943710151069e+02
2.550000000000000000e+02 1.637671025413711448e+02 1.368824671806719664e+02
2.550000000000000000e+02 1.613811161257969786e+02 1.357007743660004166e+02
2.550000000000000000e+02 1.609130534064044582e+02 1.354548107403825554e+02
2.550000000000000000e+02 1.614652162135539868e+02 1.359074734490293110e+02
2.550000000000000000e+02 1.658378107314277656e+02 1.373743977899563049e+02
2.550000000000000000e+02 1.666388776953936599e+02 1.379859913407120757e+02
2.550000000000000000e+02 1.676661249014972555e+02 1.386802925084174944e+02
2.549999988806504803e+02 1.681899748817967009e+02 1.388982556057024169e+02
2.550000000000000000e+02 1.686838968138835071e+02 1.392520853481624670e+02
2.550000000000000000e+02 1.687965548660362458e+02 1.393810769485636456e+02
2.550000000000000000e+02 1.690014047836521343e+02 1.395149477935382265e+02
2.550000000000000000e+02 1.691018831936385141e+02 1.392925923687226941e+02
2.549999955226018926e+02 1.696735764112758886e+02 1.395391458915395049e+02
2.550000000000000000e+02 1.704540764470950762e+02 1.397027835983953139e+02
2.550000000000000000e+02 1.712420380668386031e+02 1.400514676910953540e+02
2.550000000000000000e+02 1.717874635092055371e+02 1.402366439214843581e+02
2.550000000000000000e+02 1.720085048176803468e+02 1.401395235600687670e+02
2.550000000000000000e+02 1.722236404380686281e+02 1.399076469482054677e+02
2.550000000000000000e+02 1.725370392757360776e+02 1.399865051221434271e+02
2.550000000000000000e+02 1.728083975839959976e+02 1.399220921538075686e+02
2.549999932839028531e+02 1.732770804230245858e+02 1.399855872555340568e+02
2.550000000000000000e+02 1.736344674582706489e+02 1.400821445841392574e+02
2.550000000000000000e+02 1.698109026882298167e+02 1.389424027509134021e+02
2.550000000000000000e+02 1.682970742442151959e+02 1.383010692026649338e+02
2.549999944032523729e+02 1.644039116788451906e+02 1.368090121068844383e+02
2.550000000000000000e+02 1.621134001808868845e+02 1.358075435203094798e+02
2.550000000000000000e+02 1.618691021473601381e+02 1.354816616967547702e+02
2.549999865678057063e+02 1.625995851690665575e+02 1.360978345064116297e+02
2.550000000000000000e+02 1.674436116483988712e+02 1.379435355326312731e+02
2.550000000000000000e+02 1.679580411831076674e+02 1.382387662081810902e+02
2.550000000000000000e+02 1.691893771491510847e+02 1.390238197578622987e+02
2.550000000000000000e+02 1.695603015975356413e+02 1.391424853589082318e+02
2.550000000000000000e+02 1.696835744412207134e+02 1.393939282004441509e+02
2.549999932839028531e+02 1.692675659520739373e+02 1.390685993355541257e+02
2.550000000000000000e+02 1.694829198456193069e+02 1.391109152249444776e+02
2.550000000000000000e+02 1.700667400959954136e+02 1.391851840658356707e+02
2.550000000000000000e+02 1.706773150386847249e+02 1.394596810301597429e+02
2.550000000000000000e+02 1.713549759563722432e+02 1.397769058044988810e+02
2.550000000000000000e+02 1.714822527133032395e+02 1.395676736334980887e+02
2.550000000000000000e+02 1.722765420159037149e+02 1.397488414732430613e+02
2.550000000000000000e+02 1.728901257701124621e+02 1.400342901533061024e+02
2.550000000000000000e+02 1.730206844598467057e+02 1.398609252990901837e+02
2.550000000000000000e+02 1.733775924134966715e+02 1.400334170606776922e+02
2.550000000000000000e+02 1.739073783043197921e+02 1.402462512984454577e+02
2.550000000000000000e+02 1.708361507360842495e+02 1.392901510674116992e+02
2.550000000000000000e+02 1.705067675872197128e+02 1.388975649670463497e+02
2.550000000000000000e+02 1.690827165717458342e+02 1.382943340765814071e+02
2.550000000000000000e+02 1.648300133426463105e+02 1.365083313185041902e+02
2.550000000000000000e+02 1.618809896393008216e+02 1.354936924654344921e+02
2.550000000000000000e+02 1.607195089189769988e+02 1.346815170767963252e+02
2.550000000000000000e+02 1.611482444122071911e+02 1.351707209506411687e+02
2.550000000000000000e+02 1.623514611988681224e+02 1.361455803603410004e+02
2.550000000000000000e+02 1.670012581488645367e+02 1.380094864872125413e+02
2.550000000000000000e+02 1.673463189071566717e+02 1.383308662869833086e+02
2.549999921645533334e+02 1.681349510172648536e+02 1.388549949853141356e+02
2.550000000000000000e+02 1.683159487158822287e+02 1.390189976001146306e+02
2.549999988806504803e+02 1.682891089530052398e+02 1.389155708234830513e+02
2.550000000000000000e+02 1.682009501038756412e+02 1.388768155849273001e+02
2.549999988806504803e+02 1.682658869277885287e+02 1.388670279926928970e+02
2.550000000000000000e+02 1.687516073859158894e+02 1.390629320689160977e+02
2.550000000000000000e+02 1.692602151837524218e+02 1.392806612221505702e+02
2.550000000000000000e+02 1.697383688391002181e+02 1.393902824790457657e+02
2.550000000000000000e+02 1.701979278601619114e+02 1.395664087685364336e+02
2.550000000000000000e+02 1.705659643867755619e+02 1.396668446432409212e+02
2.550000000000000000e+02 1.708663440701339766e+02 1.397844076850061015e+02
2.550000000000000000e+02 1.709403319542947202e+02 1.395035796797764931e+02
2.550000000000000000e+02 1.709095722293860717e+02 1.392489668403897269e+02
2.550000000000000000e+02 1.712331123737373844e+02 1.393766174600615955e+02
2.550000000000000000e+02 1.715977427197506984e+02 1.394786338562934418e+02
2.550000000000000000e+02 1.719995947954724613e+02 1.395988408016333437e+02
2.550000000000000000e+02 1.714921611952862008e+02 1.392217386632280238e+02
2.550000000000000000e+02 1.686028984436564144e+02 1.381580454366358595e+02
2.550000000000000000e+02 1.655979553961601880e+02 1.371655383623468651e+02
2.550000000000000000e+02 1.644105113636363740e+02 1.366056565208825759e+02
2.550000000000000000e+02 1.642918972526685195e+02 1.365293582993051018e+02
2.550000000000000000e+02 1.648450753098359485e+02 1.370595191722186428e+02
2.549999944032523729e+02 1.651713914410057953e+02 1.374103725642954430e+02
2.549999888065047742e+02 1.661926434110609705e+02 1.382481900118203271e+02
2.550000000000000000e+02 1.668496209882513028e+02 1.385954335016834875e+02
2.550000000000000000e+02 1.674084338509205452e+02 1.387653294917257654e+02
2.550000000000000000e+02 1.676811566462497183e+02 1.389204455906583462e+02
2.550000000000000000e+02 1.677156818629557904e+02 1.388533193190772863e+02
2.550000000000000000e+02 1.678345791693531055e+02 1.389495878555053991e+02
2.550000000000000000e+02 1.683005285568450518e+02 1.390631895193065475e+02
2.550000000000000000e+02 1.685626679024285295e+02 1.392750252972992371e+02
2.550000000000000000e+02 1.689470637223296876e+02 1.394146943728060819e+02
2.550000000000000000e+02 1.695854992746615153e+02 1.395879763951572556e+02
2.550000000000000000e+02 1.700459761623325505e+02 1.397025966670248636e+02
2.550000000000000000e+02 1.705268666272655764e+02 1.398605089010674192e+02
2.550000000000000000e+02 1.707341287431048045e+02 1.397099843738806442e+02
2.550000000000000000e+02 1.710908128268500548e+02 1.397368666720395538e+02
2.550000000000000000e+02 1.713068013915753340e+02 1.396502402124077662e+02
2.550000000000000000e+02 1.719062522386990395e+02 1.398364384089118175e+02
2.550000000000000000e+02 1.721679841410559391e+02 1.395647163120567313e+02
2.550000000000000000e+02 1.724864558707643880e+02 1.397265742531699857e+02
2.550000000000000000e+02 1.717809556110752851e+02 1.393059462085392965e+02
2.550000000000000000e+02 1.686582346067053493e+02 1.380696526434558393e+02
2.550000000000000000e+02 1.655846138691883311e+02 1.370156552224371467e+02
2.550000000000000000e+02 1.602104589780786625e+02 1.353176434110609705e+02
2.550000000000000000e+02 1.601319399670463497e+02 1.353723303513862106e+02
2.550000000000000000e+02 1.650437050021491530e+02 1.371628149849559293e+02
2.550000000000000000e+02 1.655244465935955418e+02 1.373994163711583951e+02
2.550000000000000000e+02 1.661908614066193763e+02 1.378466076993337595e+02
2.549999888065047742e+02 1.669301391575327784e+02 1.385546768661795340e+02
2.550000000000000000e+02 1.674320588419657554e+02 1.387699938211906385e+02
2.549999921645533334e+02 1.674663691435632984e+02 1.387991584730281431e+02
2.550000000000000000e+02 1.674559793412852002e+02 1.387927804194426642e+02
2.550000000000000000e+02 1.676364375134321847e+02 1.387972880399742053e+02
2.550000000000000000e+02 1.677754327405258152e+02 1.388586630937030009e+02
2.549999932839028531e+02 1.683010736800630411e+02 1.389264923167848735e+02
2.550000000000000000e+02 1.687242169030732839e+02 1.390217041872626851e+02
2.550000000000000000e+02 1.690772015366430310e+02 1.392183280052296084e+02
2.550000000000000000e+02 1.695777768822981670e+02 1.394545208288559479e+02
2.550000000000000000e+02 1.701965712085392965e+02 1.396458747492657153e+02
2.550000000000000000e+02 1.703280947775628533e+02 1.395009883856293413e+02
2.550000000000000000e+02 1.708160382638441206e+02 1.396278778476252000e+02
2.550000000000000000e+02 1.712281637294935308e+02 1.398065070026506191e+02
2.550000000000000000e+02 1.712868142864818424e+02 1.395682433824056261e+02
2.550000000000000000e+02 1.712442308725553346e+02 1.392817660201303909e+02
2.550000000000000000e+02 1.715150608478400898e+02 1.391940661043054774e+02
2.550000000000000000e+02 1.712355805394369099e+02 1.392003311035890931e+02
2.549999988806504803e+02 1.682195805573465179e+02 1.378245184558349479e+02
2.550000000000000000e+02 1.649783517802134725e+02 1.367357898577978403e+02
2.550000000000000000e+02 1.639054306361487079e+02 1.361283345422308173e+02
2.550000000000000000e+02 1.638343183609140965e+02 1.362188910380399705e+02
2.550000000000000000e+02 1.645180260047281422e+02 1.367769270721398414e+02
2.550000000000000000e+02 1.656607867236191680e+02 1.377266078336557200e+02
2.550000000000000000e+02 1.666728141342503022e+02 1.383253523712300250e+02
2.550000000000000000e+02 1.714032490239272022e+02 1.399314577512715800e+02
2.550000000000000000e+02 1.715696996561358389e+02 1.399908828981302520e+02
2.550000000000000000e+02 1.715384048821548788e+02 1.398777659126728281e+02
2.550000000000000000e+02 1.717044570259330953e+02 1.399659997582205051e+02
2.550000000000000000e+02 1.715731506107171072e+02 1.399585012357618723e+02
2.550000000000000000e+02 1.680942346783437245e+02 1.388369645031879145e+02
2.550000000000000000e+02 1.687593655974640114e+02 1.390558085285478853e+02
2.550000000000000000e+02 1.694576012787449031e+02 1.393191522942187817e+02
2.550000000000000000e+02 1.701455848377390794e+02 1.396234664911526693e+02
2.549999865678057063e+02 1.706730783007378704e+02 1.397350925030446263e+02
2.550000000000000000e+02 1.711421988054301835e+02 1.398874594795472319e+02
2.550000000000000000e+02 1.712900178648183953e+02 1.397242851833942154e+02
2.549999932839028531e+02 1.712965817304248048e+02 1.395299571513002377e+02
2.550000000000000000e+02 1.717185171752990982e+02 1.396029208306468945e+02
2.549999899258542939e+02 1.720254584855648545e+02 1.395610907389497868e+02
2.549999966419514408e+02 1.721894599810158297e+02 1.394537540744322541e+02
2.550000000000000000e+02 1.709273474998209110e+02 1.388060950820259336e+02
2.550000000000000000e+02 1.678061499301525998e+02 1.377413630990758691e+02
2.550000000000000000e+02 1.653023161580342446e+02 1.367567116197435269e+02
2.550000000000000000e+02 1.646141400709219909e+02 1.364604623361272218e+02
2.550000000000000000e+02 1.648430638387420402e+02 1.366117715273300348e+02
2.550000000000000000e+02 1.656164694372806139e+02 1.371551899760011395e+02
2.550000000000000000e+02 1.669299623003080342e+02 1.381063191758005644e+02
2.550000000000000000e+02 1.681732126226806940e+02 1.388143032720825261e+02
2.550000000000000000e+02 1.685822878608782958e+02 1.389351549627480438e+02
2.550000000000000000e+02 1.683112485672326102e+02 1.387660716204599112e+02
2.550000000000000000e+02 1.679064044702342642e+02 1.387110679042195045e+02
2.549999944032523729e+02 1.678144812486567901e+02 1.387491269073715898e+02
2.550000000000000000e+02 1.680796450766530654e+02 1.387658443925066365e+02
2.549999921645533334e+02 1.685431945787663892e+02 1.389481438946199603e+02
2.550000000000000000e+02 1.691582480388996430e+02 1.391256671323160674e+02
2.550000000000000000e+02 1.697289987642381277e+02 1.393860300702056065e+02
2.550000000000000000e+02 1.703895358729135410e+02 1.396455031252238825e+02
2.550000000000000000e+02 1.711503006572820311e+02 1.399216197883086181e+02
