2.550000000000000000e+02 1.430914243121896163e+02 1.338856942496493616e+02
2.550000000000000000e+02 1.418554980726313772e+02 1.335218096977074538e+02
2.550000000000000000e+02 1.620672484056206883e+02 1.382330814963790147e+02
2.550000000000000000e+02 1.619220397029117748e+02 1.378121289705117078e+02
2.550000000000000000e+02 1.617545758465867607e+02 1.372889906233736497e+02
2.550000000000000000e+02 1.629485741000467556e+02 1.376706867959811973e+02
2.550000000000000000e+02 1.687212989670715331e+02 1.401818077571074355e+02
2.550000000000000000e+02 1.692525481401113154e+02 1.403659607734172994e+02
2.550000000000000000e+02 1.699577721029929478e+02 1.406455714625949440e+02
2.550000000000000000e+02 1.703655031887586233e+02 1.406652090114407088e+02
2.550000000000000000e+02 1.703035715860876564e+02 1.405984567819559459e+02
2.549999922817045501e+02 1.697652789171451957e+02 1.401419096827119120e+02
2.550000000000000000e+02 1.695876820415111865e+02 1.400050499704499600e+02
2.550000000000000000e+02 1.698421156509389789e+02 1.399046492806548656e+02
2.550000000000000000e+02 1.706500646131590315e+02 1.401919176215300809e+02
2.549999988973863765e+02 1.715845032064004556e+02 1.404593367117415141e+02
2.550000000000000000e+02 1.731426671782793960e+02 1.414653779318496447e+02
2.550000000000000000e+02 1.735405772843949421e+02 1.412361125812626312e+02
2.550000000000000000e+02 1.740893249358278752e+02 1.414670737516208305e+02
2.549999955895454491e+02 1.743476154877521651e+02 1.412175555937795082e+02
2.550000000000000000e+02 1.744185741882558318e+02 1.412233013134333532e+02
2.550000000000000000e+02 1.709439111469827992e+02 1.399179732638245639e+02
2.550000000000000000e+02 1.709810934839944707e+02 1.396339885063554789e+02
2.550000000000000000e+02 1.715512274294988799e+02 1.398064163292668809e+02
2.550000000000000000e+02 1.716515366023622278e+02 1.395496220240457887e+02
2.550000000000000000e+02 1.699924515070523228e+02 1.388990469007735840e+02
2.550000000000000000e+02 1.655248606296364926e+02 1.373153265500542375e+02
2.550000000000000000e+02 1.629495013981140801e+02 1.364277666781338496e+02
2.550000000000000000e+02 1.619698413118455846e+02 1.359081611050834795e+02
2.550000000000000000e+02 1.623491392997962350e+02 1.360969120202528018e+02
2.550000000000000000e+02 1.632120326020799723e+02 1.367819294856527961e+02
2.550000000000000000e+02 1.676012452918397742e+02 1.386107211534220767e+02
2.550000000000000000e+02 1.683993820953187424e+02 1.392046539116321355e+02
2.550000000000000000e+02 1.698374185168523525e+02 1.400914783402577370e+02
2.550000000000000000e+02 1.703711573914807786e+02 1.402284350825196100e+02
2.550000000000000000e+02 1.705463340301851645e+02 1.402749852249772857e+02
2.550000000000000000e+02 1.707148266250319750e+02 1.403323630333342180e+02
2.550000000000000000e+02 1.704795773902458507e+02 1.399811012022899206e+02
2.550000000000000000e+02 1.706208244021628957e+02 1.400152844302133701e+02
2.550000000000000000e+02 1.706430552982790516e+02 1.397108064957174349e+02
2.550000000000000000e+02 1.709631782176471120e+02 1.397600172448772469e+02
2.550000000000000000e+02 1.714815069641077230e+02 1.399843384759233231e+02
2.550000000000000000e+02 1.719714235624123546e+02 1.402007429410675172e+02
2.550000000000000000e+02 1.724968222675028926e+02 1.403276592835657652e+02
2.550000000000000000e+02 1.723723052122751653e+02 1.401106991011493506e+02
2.550000000000000000e+02 1.722706795187312139e+02 1.399235458731376980e+02
2.550000000000000000e+02 1.717994775816595734e+02 1.397769269275891588e+02
2.549999966921591010e+02 1.714430896998244691e+02 1.395705121419813395e+02
2.550000000000000000e+02 1.686459617878218467e+02 1.389233132216606350e+02
2.550000000000000000e+02 1.688615194456940856e+02 1.389917689892120336e+02
2.549999977947727245e+02 1.729572340275388740e+02 1.401498606296364926e+02
2.550000000000000000e+02 1.712849374156500630e+02 1.395257107447493468e+02
2.550000000000000000e+02 1.679939146753464456e+02 1.384430466978926972e+02
2.550000000000000000e+02 1.640316582426984837e+02 1.374587093245829976e+02
2.550000000000000000e+02 1.638456704772993930e+02 1.370684293048241500e+02
2.550000000000000000e+02 1.637255671844540359e+02 1.370948346961637867e+02
2.549999933843181736e+02 1.674181232192789821e+02 1.384573431862887674e+02
2.550000000000000000e+02 1.679969413497755113e+02 1.388665153880758965e+02
2.550000000000000000e+02 1.686423077262342645e+02 1.389617503329893111e+02
2.549999944869318256e+02 1.695855319449222520e+02 1.396531398025880435e+02
2.549999922817045501e+02 1.699905329593267993e+02 1.397305587163813243e+02
2.550000000000000000e+02 1.702156745349175822e+02 1.399196955463229983e+02
2.550000000000000000e+02 1.708162395141443142e+02 1.401041672179734974e+02
2.549999933843181736e+02 1.712793791403142052e+02 1.402951928250725473e+02
2.550000000000000000e+02 1.712517167694302600e+02 1.400664798839168270e+02
2.550000000000000000e+02 1.716876913034657264e+02 1.400771961858389147e+02
2.550000000000000000e+02 1.717014883078850005e+02 1.399780193971790823e+02
2.549999911790909266e+02 1.723079666040381994e+02 1.400774409660659501e+02
2.550000000000000000e+02 1.727759456014536852e+02 1.403076700009702904e+02
2.550000000000000000e+02 1.729288318029056200e+02 1.400331037691744598e+02
2.550000000000000000e+02 1.732520674005662897e+02 1.401215179461395337e+02
2.550000000000000000e+02 1.732350871505817338e+02 1.401629453456473300e+02
2.550000000000000000e+02 1.704213604929124131e+02 1.393543612779733110e+02
2.550000000000000000e+02 1.704196382104139786e+02 1.391485385958876861e+02
2.550000000000000000e+02 1.700811733132216546e+02 1.389572990817433720e+02
2.550000000000000000e+02 1.675905951467358364e+02 1.381178517558019507e+02
2.550000000000000000e+02 1.634272495523388500e+02 1.363408112590083476e+02
2.550000000000000000e+02 1.612870974357617229e+02 1.354813206224033308e+02
2.550000000000000000e+02 1.616346996921502637e+02 1.356428458016883098e+02
2.550000000000000000e+02 1.634325288664249740e+02 1.365999453103636938e+02
2.550000000000000000e+02 1.686694011484823648e+02 1.387441164536417091e+02
2.550000000000000000e+02 1.698057525558584189e+02 1.393685662494376629e+02
2.550000000000000000e+02 1.705105729621494675e+02 1.398780432136335889e+02
2.550000000000000000e+02 1.706787424912011488e+02 1.398456936321857427e+02
2.550000000000000000e+02 1.706773719424523961e+02 1.399308098917674386e+02
2.550000000000000000e+02 1.694657836936674755e+02 1.392722485379343311e+02
2.550000000000000000e+02 1.689877576808065953e+02 1.390493210105233572e+02
2.550000000000000000e+02 1.690041535455644066e+02 1.386762935863170014e+02
2.550000000000000000e+02 1.687757614649765685e+02 1.386358728730583039e+02
2.550000000000000000e+02 1.690327762929247513e+02 1.389675699277567560e+02
2.550000000000000000e+02 1.697148365485547004e+02 1.391229557543200315e+02
2.550000000000000000e+02 1.696232677939788402e+02 1.391190139105736137e+02
2.550000000000000000e+02 1.697800241692908969e+02 1.392306755934266675e+02
2.550000000000000000e+02 1.706057560842220369e+02 1.394656447643494062e+02
2.550000000000000000e+02 1.706573991990614445e+02 1.395114815157850217e+02
2.550000000000000000e+02 1.707806239911085129e+02 1.394495642470913026e+02
2.550000000000000000e+02 1.712140713346917664e+02 1.396077110181975343e+02
2.550000000000000000e+02 1.710060445279490580e+02 1.393852267414679886e+02
2.550000000000000000e+02 1.711806566284721214e+02 1.392312335159261636e+02
2.550000000000000000e+02 1.699752926336588246e+02 1.388099138197182469e+02
2.550000000000000000e+02 1.664091060449690076e+02 1.376628350842837847e+02
2.550000000000000000e+02 1.641311106847671795e+02 1.365953418984360610e+02
2.550000000000000000e+02 1.639734303192286973e+02 1.364446102040276401e+02
2.550000000000000000e+02 1.647910999232580878e+02 1.370178061075974369e+02
2.550000000000000000e+02 1.653710184621627093e+02 1.375629305706246157e+02
2.550000000000000000e+02 1.695271661947480197e+02 1.393423857912796393e+02
2.550000000000000000e+02 1.696056987483129888e+02 1.391836910211966369e+02
2.549999966921591010e+02 1.705022372030661586e+02 1.397772047862252691e+02
2.550000000000000000e+02 1.704692238482097935e+02 1.395517081690439056e+02
2.550000000000000000e+02 1.710206177723676149e+02 1.399068964072437211e+02
2.550000000000000000e+02 1.714577754108338468e+02 1.401817471133575168e+02
2.549999977947727245e+02 1.717505645381812940e+02 1.403262964531124624e+02
2.549999867686363757e+02 1.713764058323850747e+02 1.398740352130690496e+02
2.550000000000000000e+02 1.716938427849374023e+02 1.400887791420783799e+02
2.550000000000000000e+02 1.721506721532721258e+02 1.402059572009491433e+02
2.550000000000000000e+02 1.728489761129781925e+02 1.404443940917551004e+02
2.550000000000000000e+02 1.734270400557481366e+02 1.406685785987103827e+02
2.550000000000000000e+02 1.735973420395706057e+02 1.406592934892869948e+02
2.550000000000000000e+02 1.708831185441971741e+02 1.400156725502130257e+02
2.550000000000000000e+02 1.709448197006183534e+02 1.397107326206038920e+02
2.550000000000000000e+02 1.710382121781470914e+02 1.396851729339225585e+02
2.550000000000000000e+02 1.708610034225127379e+02 1.394049337549727738e+02
2.550000000000000000e+02 1.709455110393677160e+02 1.394374575493750399e+02
2.550000000000000000e+02 1.708978737198655722e+02 1.391526436264521465e+02
2.550000000000000000e+02 1.709124414512159547e+02 1.389976183545476260e+02
2.550000000000000000e+02 1.690654158617587086e+02 1.384581977118561724e+02
2.550000000000000000e+02 1.650885740559422175e+02 1.370056178164721530e+02
2.550000000000000000e+02 1.625189484153236776e+02 1.360362748859897408e+02
2.550000000000000000e+02 1.616626851288293665e+02 1.355590791411962925e+02
2.550000000000000000e+02 1.622942070884825512e+02 1.359869042578528138e+02
2.550000000000000000e+02 1.633708387361401435e+02 1.369767580071802229e+02
2.550000000000000000e+02 1.680117869397620041e+02 1.389399494561909592e+02
2.550000000000000000e+02 1.683664337946668752e+02 1.392183792461651137e+02
2.550000000000000000e+02 1.692007991743629134e+02 1.397743831979323659e+02
2.550000000000000000e+02 1.697761440719080497e+02 1.399850165833090898e+02
2.550000000000000000e+02 1.703255687281131259e+02 1.402364246209214400e+02
2.550000000000000000e+02 1.704578944931064655e+02 1.403704925154586363e+02
2.550000000000000000e+02 1.705460319140490526e+02 1.403087869485829344e+02
2.550000000000000000e+02 1.704185752908694838e+02 1.401241289352280717e+02
2.550000000000000000e+02 1.706076128855839897e+02 1.401376392601021337e+02
2.550000000000000000e+02 1.704917557578484093e+02 1.397274769112704860e+02
2.550000000000000000e+02 1.704711093175262704e+02 1.397879541665564034e+02
2.550000000000000000e+02 1.707961939982534716e+02 1.398729579595473069e+02
2.550000000000000000e+02 1.707581119285153477e+02 1.398315393809486125e+02
2.550000000000000000e+02 1.703661636543262148e+02 1.397221887762752885e+02
2.550000000000000000e+02 1.706967988920938240e+02 1.397982900667742854e+02
2.550000000000000000e+02 1.709632421692379580e+02 1.398007544082493041e+02
2.550000000000000000e+02 1.718393844769641987e+02 1.400138774952146434e+02
2.550000000000000000e+02 1.733834724831741028e+02 1.409615882487849206e+02
2.550000000000000000e+02 1.735845638501504027e+02 1.408242896962960913e+02
2.550000000000000000e+02 1.739452298728907067e+02 1.408441179973007991e+02
2.550000000000000000e+02 1.730695495602776930e+02 1.405258551871355905e+02
2.550000000000000000e+02 1.662348897827410212e+02 1.383432436246879718e+02
2.550000000000000000e+02 1.643522365414979731e+02 1.374705536002540498e+02
2.550000000000000000e+02 1.638492242010461553e+02 1.370492361092734086e+02
2.550000000000000000e+02 1.644639522524191477e+02 1.374945387546640632e+02
2.550000000000000000e+02 1.686090562068326903e+02 1.390330971534926334e+02
2.550000000000000000e+02 1.686626807183748440e+02 1.391374463027159720e+02
2.550000000000000000e+02 1.689333492109696806e+02 1.394805322536540757e+02
2.550000000000000000e+02 1.688482461827515806e+02 1.394359811497172927e+02
2.549999988973863765e+02 1.686098754487637450e+02 1.393654723155768522e+02
2.549999955895454491e+02 1.681576042851976354e+02 1.392340484885372405e+02
2.550000000000000000e+02 1.675577306447202375e+02 1.390399741547363988e+02
2.549999988973863765e+02 1.677285938588831016e+02 1.393379665158291232e+02
2.550000000000000000e+02 1.675024114160205215e+02 1.391421213845299008e+02
2.550000000000000000e+02 1.673246568666366727e+02 1.390094505014686774e+02
2.550000000000000000e+02 1.682117734878756607e+02 1.396313113604488194e+02
2.550000000000000000e+02 1.685808028350401742e+02 1.397662095230534476e+02
2.550000000000000000e+02 1.718174049767569045e+02 1.406865666375576609e+02
2.550000000000000000e+02 1.722062185203807019e+02 1.407777825557701874e+02
2.550000000000000000e+02 1.725809362512900691e+02 1.408038869335873642e+02
2.550000000000000000e+02 1.691197438408002256e+02 1.399115306923531534e+02
2.550000000000000000e+02 1.696716570959803221e+02 1.400736303333421517e+02
2.550000000000000000e+02 1.705373091375797117e+02 1.403734276729559838e+02
2.550000000000000000e+02 1.704272638863161262e+02 1.400850368713999785e+02
2.550000000000000000e+02 1.704143302283733306e+02 1.400273503312251364e+02
2.550000000000000000e+02 1.683884706307832175e+02 1.393150431783499528e+02
2.549999988973863765e+02 1.642058513500401489e+02 1.375971027724117164e+02
2.550000000000000000e+02 1.623337534291283930e+02 1.369849239637636913e+02
2.550000000000000000e+02 1.623734651618195812e+02 1.368826653699930205e+02
2.550000000000000000e+02 1.636618173718983371e+02 1.375636627060784747e+02
2.550000000000000000e+02 1.676337955489692888e+02 1.391353061296497344e+02
2.550000000000000000e+02 1.683369609321936764e+02 1.397786392865648679e+02
2.549999988973863765e+02 1.695426711476884805e+02 1.404776500216112254e+02
2.550000000000000000e+02 1.697315929679712667e+02 1.405259886033854571e+02
2.550000000000000000e+02 1.698202034101634581e+02 1.405772799844752114e+02
2.549999966921591010e+02 1.694300424726772292e+02 1.404324836592659267e+02
2.550000000000000000e+02 1.684129530639427799e+02 1.397599676272636771e+02
2.550000000000000000e+02 1.687359747545582138e+02 1.398530061658154580e+02
2.550000000000000000e+02 1.694285782017694828e+02 1.400929668686654850e+02
2.550000000000000000e+02 1.700825559907204081e+02 1.403466959079802905e+02
2.550000000000000000e+02 1.718985871108876609e+02 1.412947231116638989e+02
2.550000000000000000e+02 1.721045630562685744e+02 1.413121852038071040e+02
2.550000000000000000e+02 1.721896385191457739e+02 1.412174883343477347e+02
2.550000000000000000e+02 1.733459770038900274e+02 1.416362576852170321e+02
2.550000000000000000e+02 1.733887694390784020e+02 1.413287674102693074e+02
2.550000000000000000e+02 1.737682306138470665e+02 1.414760931311581089e+02
2.550000000000000000e+02 1.742327275574020575e+02 1.414546109097003637e+02
2.550000000000000000e+02 1.708642109255779928e+02 1.404414313689168807e+02
2.550000000000000000e+02 1.706968352783437979e+02 1.401055653320631222e+02
2.550000000000000000e+02 1.714424998015295500e+02 1.402328951546746509e+02
2.550000000000000000e+02 1.711349147018091799e+02 1.398904365908950638e+02
2.550000000000000000e+02 1.692773580495205863e+02 1.392853167147406168e+02
2.549999966921591010e+02 1.652290624696781265e+02 1.375822538745843246e+02
2.550000000000000000e+02 1.632176504185521253e+02 1.368001744334771104e+02
2.550000000000000000e+02 1.631269935254527468e+02 1.368011623752944104e+02
2.550000000000000000e+02 1.637769092857709836e+02 1.372102915751497392e+02
2.550000000000000000e+02 1.641524782344068285e+02 1.376049555867227809e+02
2.550000000000000000e+02 1.687990795381371925e+02 1.395473748974569332e+02
2.550000000000000000e+02 1.690366343380348724e+02 1.399087179249693520e+02
2.550000000000000000e+02 1.693664547443259494e+02 1.399747225824093562e+02
2.550000000000000000e+02 1.701051705963816687e+02 1.401521022431571737e+02
2.550000000000000000e+02 1.702089717466282082e+02 1.402775102102022515e+02
2.550000000000000000e+02 1.706539061190646294e+02 1.404524365556114276e+02
2.550000000000000000e+02 1.715644973846004575e+02 1.408456263727539692e+02
2.550000000000000000e+02 1.715368041405347128e+02 1.405899346811682449e+02
2.550000000000000000e+02 1.717084733652650357e+02 1.405998879744546457e+02
2.550000000000000000e+02 1.721229524464791325e+02 1.407164915716213613e+02
2.550000000000000000e+02 1.721409724611218337e+02 1.407150548660544871e+02
2.549999922817045501e+02 1.723956034383903670e+02 1.405054877080631854e+02
2.550000000000000000e+02 1.728811250187444273e+02 1.407591053834008221e+02
2.550000000000000000e+02 1.731510216817945320e+02 1.408895500895322357e+02
2.550000000000000000e+02 1.733645571462595001e+02 1.409205103777995305e+02
2.550000000000000000e+02 1.706677692803020250e+02 1.402691457831644186e+02
2.550000000000000000e+02 1.708855861935130918e+02 1.399731998729789098e+02
2.550000000000000000e+02 1.713736338617057982e+02 1.402033329804969810e+02
2.550000000000000000e+02 1.716397254051002506e+02 1.402767736642938416e+02
2.550000000000000000e+02 1.717164816480986644e+02 1.400134485785104914e+02
2.550000000000000000e+02 1.714223517425705836e+02 1.397227191334338841e+02
2.550000000000000000e+02 1.682605288576040721e+02 1.384901768151225667e+02
2.550000000000000000e+02 1.652152831070770276e+02 1.373837073398784412e+02
2.550000000000000000e+02 1.644486071784558021e+02 1.371664527596213929e+02
2.550000000000000000e+02 1.638036829500648253e+02 1.366817757813120124e+02
2.550000000000000000e+02 1.651106373547857800e+02 1.376061497172898669e+02
2.550000000000000000e+02 1.660828007709474434e+02 1.384032224986107167e+02
2.550000000000000000e+02 1.697744162763414408e+02 1.396564674905395691e+02
2.550000000000000000e+02 1.702296644967230463e+02 1.399425108276658989e+02
2.550000000000000000e+02 1.708893416955551459e+02 1.401156002187585443e+02
2.550000000000000000e+02 1.710947034851411672e+02 1.402181102084380768e+02
2.550000000000000000e+02 1.711243494579551339e+02 1.403524934504750092e+02
2.550000000000000000e+02 1.711706878985948208e+02 1.403352132895816169e+02
2.550000000000000000e+02 1.709472057565252783e+02 1.400823288523115195e+02
2.550000000000000000e+02 1.713653466176224072e+02 1.402349713761500141e+02
2.550000000000000000e+02 1.714218224880256116e+02 1.402417127559166374e+02
2.550000000000000000e+02 1.713431906992334746e+02 1.401246041617048945e+02
2.550000000000000000e+02 1.718356322827630720e+02 1.402712197994125347e+02
2.550000000000000000e+02 1.723295491633367647e+02 1.404612365150352389e+02
2.550000000000000000e+02 1.726977449345929472e+02 1.405965007453668250e+02
2.550000000000000000e+02 1.734946876075048294e+02 1.409929234256882467e+02
2.550000000000000000e+02 1.742214985401395495e+02 1.412756368696357754e+02
2.550000000000000000e+02 1.716713538772305867e+02 1.406477976395247254e+02
2.550000000000000000e+02 1.711187272310284300e+02 1.401404685666904868e+02
2.549999911790909266e+02 1.711260915874990189e+02 1.401176742350066604e+02
2.550000000000000000e+02 1.713608446461492463e+02 1.399666492453712294e+02
2.550000000000000000e+02 1.709836658816057593e+02 1.395411451304171351e+02
2.550000000000000000e+02 1.684327582100611380e+02 1.384972985965933674e+02
2.550000000000000000e+02 1.652274383197932366e+02 1.374069019203118955e+02
2.550000000000000000e+02 1.639784152354741593e+02 1.369524023745887291e+02
2.550000000000000000e+02 1.641432405373697918e+02 1.368984272319105173e+02
2.549999922817045501e+02 1.656046689071775688e+02 1.377379374068291611e+02
2.550000000000000000e+02 1.663868387626028778e+02 1.383293043831097293e+02
2.550000000000000000e+02 1.703201670239134842e+02 1.397855714184903775e+02
2.550000000000000000e+02 1.709281437719971279e+02 1.401107343847857010e+02
2.550000000000000000e+02 1.712024916862932002e+02 1.401403505870314916e+02
2.550000000000000000e+02 1.709508543050446860e+02 1.398711948803443761e+02
2.550000000000000000e+02 1.704884743796695545e+02 1.397076982278793764e+02
2.550000000000000000e+02 1.701096020005821856e+02 1.395065671668122036e+02
2.550000000000000000e+02 1.704095140120140854e+02 1.397336052378558122e+02
2.550000000000000000e+02 1.713096083957412645e+02 1.399736199687739884e+02
2.550000000000000000e+02 1.720623958030114693e+02 1.402491939894325412e+02
2.550000000000000000e+02 1.726607467340584208e+02 1.405138499298737713e+02
2.550000000000000000e+02 1.733170984501662701e+02 1.407455410304586110e+02
2.550000000000000000e+02 1.736034428008150599e+02 1.408542631453597664e+02
2.550000000000000000e+02 1.739496855345911968e+02 1.408686676898921064e+02
2.550000000000000000e+02 1.712939215115509910e+02 1.401844915186959213e+02
2.550000000000000000e+02 1.712767747669074652e+02 1.399457811797083764e+02
2.550000000000000000e+02 1.720403997635996234e+02 1.402137835525329308e+02
2.550000000000000000e+02 1.721133431686469635e+02 1.400282081646334404e+02
2.550000000000000000e+02 1.723094374906277721e+02 1.397650572918044816e+02
2.550000000000000000e+02 1.729498134377728888e+02 1.400614111690350683e+02
2.550000000000000000e+02 1.726505034533859089e+02 1.399342787142642806e+02
2.550000000000000000e+02 1.688404275494632429e+02 1.383456649642312186e+02
2.550000000000000000e+02 1.657279664717245851e+02 1.372200497058226745e+02
2.550000000000000000e+02 1.645521260596117088e+02 1.367887160725784383e+02
2.550000000000000000e+02 1.643762194906807110e+02 1.367263478349078696e+02
2.550000000000000000e+02 1.652428528584155742e+02 1.371715953496167231e+02
2.550000000000000000e+02 1.658398321381001495e+02 1.376940158952781701e+02
2.550000000000000000e+02 1.668247108947048218e+02 1.384898735963728313e+02
2.550000000000000000e+02 1.708766009949985403e+02 1.398428014766201670e+02
2.550000000000000000e+02 1.712174177670750623e+02 1.398584464614923206e+02
2.550000000000000000e+02 1.713697636878456763e+02 1.398155702276676493e+02
2.550000000000000000e+02 1.713482031808198087e+02 1.398760882796580916e+02
2.550000000000000000e+02 1.711841563241507629e+02 1.398199167306182460e+02
2.550000000000000000e+02 1.713279878624290973e+02 1.398718652694346645e+02
2.550000000000000000e+02 1.718112215194898056e+02 1.400123206047615270e+02
2.550000000000000000e+02 1.719173039773478990e+02 1.400594000017641747e+02
2.550000000000000000e+02 1.721611569063307741e+02 1.401370824402162896e+02
2.550000000000000000e+02 1.724127645170111123e+02 1.402088096624238176e+02
2.550000000000000000e+02 1.726506666402039514e+02 1.402477914648883655e+02
2.550000000000000000e+02 1.729411314580080727e+02 1.404616444820803167e+02
2.550000000000000000e+02 1.697098251695819897e+02 1.395061746363580255e+02
2.550000000000000000e+02 1.698194139388005226e+02 1.396106538939903032e+02
2.550000000000000000e+02 1.691897983981229174e+02 1.391143531627369612e+02
2.550000000000000000e+02 1.676930742632335694e+02 1.384597149082184444e+02
2.550000000000000000e+02 1.677526242204521623e+02 1.384035808480421963e+02
2.550000000000000000e+02 1.691541277444053435e+02 1.389472465532297747e+02
2.550000000000000000e+02 1.697400952217135455e+02 1.392021322342480687e+02
2.550000000000000000e+02 1.689030791588380964e+02 1.392351952067180036e+02
2.550000000000000000e+02 1.672133281731015302e+02 1.387729950073654663e+02
2.550000000000000000e+02 1.657590458422644986e+02 1.379484770700468346e+02
2.550000000000000000e+02 1.658166849700530179e+02 1.378670567713708692e+02
2.550000000000000000e+02 1.659817837201302098e+02 1.379452783878906530e+02
2.550000000000000000e+02 1.663938745402101063e+02 1.384039083242919048e+02
2.550000000000000000e+02 1.700948545432092089e+02 1.394959148164809903e+02
2.550000000000000000e+02 1.703557825469492855e+02 1.395965514655940467e+02
2.550000000000000000e+02 1.709269132551800681e+02 1.396724167967750816e+02
2.549999988973863765e+02 1.712537014739739050e+02 1.398067592421074892e+02
2.550000000000000000e+02 1.715148411795319703e+02 1.398593682464914707e+02
2.550000000000000000e+02 1.715161025695308297e+02 1.398846599980593908e+02
2.550000000000000000e+02 1.713686533559148586e+02 1.398691583529598574e+02
2.549999933843181736e+02 1.718390283327599661e+02 1.399041861829280151e+02
2.550000000000000000e+02 1.721921458625525929e+02 1.400442787583688471e+02
2.550000000000000000e+02 1.724914371025077742e+02 1.401727398625702392e+02
2.550000000000000000e+02 1.729034595605423021e+02 1.404283168823378958e+02
2.550000000000000000e+02 1.732130095177608951e+02 1.404727367752520593e+02
2.550000000000000000e+02 1.704166435117803360e+02 1.396824483756296047e+02
2.550000000000000000e+02 1.705966297511621406e+02 1.397192073090052702e+02
2.550000000000000000e+02 1.700681834219834627e+02 1.392680409643017754e+02
2.549999955895454491e+02 1.693643432392142358e+02 1.390372462886025176e+02
2.550000000000000000e+02 1.690084184551059820e+02 1.388302713752679267e+02
2.550000000000000000e+02 1.688877340848747792e+02 1.384284778639286628e+02
2.550000000000000000e+02 1.696439671597554764e+02 1.388300398264045157e+02
2.550000000000000000e+02 1.709518223998165354e+02 1.396456861344130118e+02
2.550000000000000000e+02 1.693622251184206959e+02 1.390450803584817550e+02
2.550000000000000000e+02 1.666602075559907234e+02 1.380196992952093638e+02
2.550000000000000000e+02 1.655267472015665930e+02 1.374731381266153392e+02
2.549999878712499992e+02 1.652634761438513920e+02 1.373790587207917611e+02
2.550000000000000000e+02 1.655833520777651415e+02 1.373974734711159442e+02
2.550000000000000000e+02 1.662445034710277127e+02 1.379073087847433499e+02
2.550000000000000000e+02 1.702358060546719969e+02 1.394208951899582871e+02
2.550000000000000000e+02 1.703396435911685103e+02 1.393614731359213863e+02
2.550000000000000000e+02 1.705563226071078873e+02 1.393451059391180991e+02
2.550000000000000000e+02 1.707098053225365391e+02 1.394939532668236666e+02
2.550000000000000000e+02 1.705178105180519879e+02 1.394150932370090175e+02
2.550000000000000000e+02 1.705206475429357624e+02 1.394133279525787827e+02
2.550000000000000000e+02 1.708342507078779420e+02 1.395746513535684983e+02
2.550000000000000000e+02 1.708045915037003795e+02 1.395775765875431205e+02
2.550000000000000000e+02 1.711910454541445006e+02 1.396272173560207079e+02
2.549999966921591010e+02 1.716971098291389808e+02 1.398372365856025112e+02
2.550000000000000000e+02 1.716755857083631156e+02 1.397946569548457774e+02
2.550000000000000000e+02 1.719117468046256931e+02 1.398104563056268717e+02
2.550000000000000000e+02 1.723010741662035628e+02 1.399339391092645997e+02
2.550000000000000000e+02 1.722296854463820921e+02 1.399295694514276533e+02
2.550000000000000000e+02 1.722478598269337624e+02 1.399928076512565269e+02
2.550000000000000000e+02 1.726045178491095271e+02 1.400639328464191635e+02
2.550000000000000000e+02 1.693954336358905266e+02 1.392078151049247197e+02
2.549999988973863765e+02 1.696409294591900618e+02 1.391586087662194586e+02
2.550000000000000000e+02 1.695991900200234568e+02 1.391687296567784244e+02
2.550000000000000000e+02 1.669064707983804681e+02 1.381580034313336398e+02
2.550000000000000000e+02 1.637041775825416607e+02 1.367694699515731998e+02
2.550000000000000000e+02 1.632343792726278480e+02 1.365846465461730475e+02
2.550000000000000000e+02 1.632032491818606843e+02 1.366797568957456690e+02
2.550000000000000000e+02 1.638772327926116077e+02 1.370933208076424421e+02
2.550000000000000000e+02 1.681236900950011943e+02 1.385894208632141726e+02
2.550000000000000000e+02 1.681888909471010152e+02 1.387470273536390550e+02
2.550000000000000000e+02 1.688554330184268792e+02 1.394059878536081953e+02
2.550000000000000000e+02 1.691971340866389824e+02 1.395129623258973197e+02
2.550000000000000000e+02 1.688504062028632688e+02 1.394155927209858135e+02
2.550000000000000000e+02 1.688758049079538068e+02 1.394455033210722661e+02
2.550000000000000000e+02 1.690650839750544776e+02 1.394223440242751337e+02
2.550000000000000000e+02 1.693888631612373956e+02 1.395420647101890381e+02
2.549999702294318524e+02 1.699711666534352901e+02 1.398281863328834618e+02
2.550000000000000000e+02 1.701330678239699523e+02 1.399246407684775875e+02
2.550000000000000000e+02 1.703382928894651798e+02 1.398432215724152456e+02
2.550000000000000000e+02 1.703008062310901778e+02 1.399291989732461730e+02
2.550000000000000000e+02 1.697562705637442946e+02 1.394393661735778380e+02
2.550000000000000000e+02 1.695813276791306237e+02 1.393655616272812949e+02
2.550000000000000000e+02 1.696919518025527793e+02 1.394042622632688619e+02
2.550000000000000000e+02 1.697829483006518672e+02 1.393733493873878615e+02
2.550000000000000000e+02 1.697450216994363359e+02 1.393967413356620568e+02
2.550000000000000000e+02 1.702055492339040370e+02 1.395296162022457906e+02
2.550000000000000000e+02 1.706587355667875272e+02 1.397119013910573528e+02
2.550000000000000000e+02 1.707920790441662859e+02 1.397763381319078633e+02
2.550000000000000000e+02 1.704475751320931067e+02 1.396248665837501335e+02
2.550000000000000000e+02 1.670412377499625052e+02 1.381469387035027694e+02
2.550000000000000000e+02 1.643160256070990783e+02 1.371460731517990155e+02
2.550000000000000000e+02 1.638093812573323760e+02 1.369045522506549446e+02
2.550000000000000000e+02 1.639227784540474602e+02 1.369319786622209278e+02
2.550000000000000000e+02 1.643670093589845465e+02 1.374072371148570539e+02
2.549999812555682013e+02 1.699688235994601655e+02 1.399896497658048702e+02
2.550000000000000000e+02 1.702417237820529863e+02 1.400566589042666692e+02
2.550000000000000000e+02 1.702832482115606751e+02 1.401198629230728443e+02
2.550000000000000000e+02 1.713298964866319238e+02 1.409072558592888527e+02
2.550000000000000000e+02 1.714650802261681122e+02 1.408030665890426576e+02
2.550000000000000000e+02 1.715392640715552091e+02 1.406581147953108086e+02
2.550000000000000000e+02 1.717148773452591968e+02 1.407345060731959165e+02
2.550000000000000000e+02 1.721904390166450582e+02 1.409210506584808513e+02
2.550000000000000000e+02 1.722522746919297560e+02 1.408823522277205882e+02
2.550000000000000000e+02 1.724991972972734686e+02 1.408402158476452541e+02
2.550000000000000000e+02 1.726980680003881332e+02 1.408729601647745824e+02
2.550000000000000000e+02 1.728523247505887923e+02 1.410316869106530078e+02
2.550000000000000000e+02 1.685311047306535386e+02 1.395223191052069751e+02
2.550000000000000000e+02 1.685252487496361482e+02 1.393785129270422658e+02
2.550000000000000000e+02 1.680913405135533196e+02 1.390861295615126210e+02
2.550000000000000000e+02 1.682899388711000483e+02 1.391561190646308148e+02
2.550000000000000000e+02 1.681025629151340297e+02 1.390199903852090983e+02
2.550000000000000000e+02 1.685665394250531506e+02 1.393636739527375710e+02
2.550000000000000000e+02 1.691386437411239569e+02 1.396861266947171600e+02
2.550000000000000000e+02 1.691531938306561926e+02 1.396796168638139761e+02
2.550000000000000000e+02 1.686483290992969728e+02 1.394756465726357817e+02
2.550000000000000000e+02 1.662520453482935920e+02 1.385740019141372841e+02
2.550000000000000000e+02 1.629832766589924802e+02 1.371264708865895727e+02
2.550000000000000000e+02 1.623241893584552713e+02 1.369086429472421287e+02
2.550000000000000000e+02 1.628851616872634906e+02 1.372790924607689931e+02
2.549999922817045501e+02 1.679962830894351953e+02 1.392196924590048184e+02
2.550000000000000000e+02 1.685803143771997270e+02 1.394608131113992613e+02
2.549999911790909266e+02 1.696783047535878950e+02 1.404515390281122507e+02
2.550000000000000000e+02 1.703837790097647371e+02 1.407935587516649605e+02
2.550000000000000000e+02 1.715533014457469960e+02 1.412449268746636903e+02
2.550000000000000000e+02 1.716715380137077034e+02 1.413735412421604281e+02
2.550000000000000000e+02 1.715066333236303251e+02 1.410002888847724591e+02
2.550000000000000000e+02 1.713487456667284050e+02 1.409711357802535190e+02
2.550000000000000000e+02 1.710247250081593506e+02 1.405913868233260189e+02
2.550000000000000000e+02 1.714219470833664047e+02 1.406984737622059356e+02
2.550000000000000000e+02 1.712081999170834479e+02 1.404518576834528574e+02
2.550000000000000000e+02 1.713658824878492055e+02 1.404293379025642423e+02
2.550000000000000000e+02 1.719871832191025476e+02 1.405951246835498978e+02
2.550000000000000000e+02 1.723916957756666477e+02 1.408079677066518514e+02
2.549999933843181736e+02 1.727949204795046114e+02 1.409210705055263020e+02
2.550000000000000000e+02 1.731527781453156649e+02 1.411148416205774083e+02
2.550000000000000000e+02 1.733732490495470415e+02 1.411995234503868062e+02
2.550000000000000000e+02 1.695903900605996455e+02 1.399003612162269405e+02
2.550000000000000000e+02 1.697237434615011296e+02 1.396640237017826962e+02
2.550000000000000000e+02 1.698776661197703106e+02 1.396472816163433777e+02
2.550000000000000000e+02 1.701285934178376351e+02 1.397752322104315965e+02
2.550000000000000000e+02 1.699639996648054421e+02 1.396667173868939074e+02
2.550000000000000000e+02 1.673246502509548748e+02 1.385706587895948587e+02
2.550000000000000000e+02 1.649120875122389975e+02 1.376748160840456308e+02
2.550000000000000000e+02 1.639066714740621080e+02 1.372395020155777274e+02
2.550000000000000000e+02 1.636367935554438304e+02 1.372198225674137859e+02
2.550000000000000000e+02 1.646110695793308594e+02 1.378204757557313940e+02
2.550000000000000000e+02 1.698681428458016853e+02 1.399099649809909351e+02
2.550000000000000000e+02 1.700555573932449533e+02 1.401845234944913443e+02
2.550000000000000000e+02 1.714599199943546068e+02 1.410003792990905538e+02
2.550000000000000000e+02 1.722716090220258138e+02 1.412755078638404598e+02
2.550000000000000000e+02 1.721106527913766797e+02 1.409878767630792140e+02
2.550000000000000000e+02 1.723556127444494450e+02 1.409630690588972186e+02
2.550000000000000000e+02 1.723186575458466621e+02 1.410772843949297339e+02
2.550000000000000000e+02 1.720739964010690812e+02 1.406925604452794971e+02
2.549999801529545493e+02 1.721169454073936720e+02 1.406952243598225323e+02
2.550000000000000000e+02 1.721632739245106620e+02 1.407728362310019747e+02
2.550000000000000000e+02 1.723131180149426314e+02 1.407475610186385779e+02
2.549999867686363757e+02 1.681634327008741536e+02 1.393849257279455287e+02
2.550000000000000000e+02 1.686115348822849569e+02 1.394239141460919029e+02
2.550000000000000000e+02 1.691443299196415069e+02 1.397049427964045947e+02
2.550000000000000000e+02 1.697145608951458655e+02 1.399129431404200545e+02
2.550000000000000000e+02 1.698574144151296252e+02 1.399688798327555617e+02
2.550000000000000000e+02 1.698202761826633775e+02 1.398625327476249822e+02
2.550000000000000000e+02 1.699827507122884072e+02 1.396201804757998275e+02
2.550000000000000000e+02 1.701850207732408933e+02 1.396893650709642145e+02
2.550000000000000000e+02 1.701494879462277368e+02 1.396788196741556192e+02
2.550000000000000000e+02 1.684598946342410102e+02 1.391169156368255244e+02
2.550000000000000000e+02 1.648315482018576859e+02 1.375189307735055309e+02
2.550000000000000000e+02 1.633864131537396247e+02 1.369570686354935845e+02
2.550000000000000000e+02 1.632942952975733704e+02 1.368897860488501976e+02
2.550000000000000000e+02 1.639883398608060645e+02 1.374332598992652095e+02
2.550000000000000000e+02 1.689597777571956669e+02 1.394607656990129385e+02
2.549999977947727245e+02 1.692772985083842627e+02 1.396062478499034114e+02
2.549999845634091002e+02 1.701537649845193130e+02 1.401771955242707293e+02
2.550000000000000000e+02 1.703073414221069584e+02 1.402297659371774898e+02
2.550000000000000000e+02 1.703206819444812083e+02 1.402994698633641235e+02
2.550000000000000000e+02 1.702234248061605228e+02 1.402380410525108800e+02
2.550000000000000000e+02 1.695155259025995349e+02 1.397497871955683877e+02
2.550000000000000000e+02 1.694976867165930230e+02 1.396415094339622556e+02
2.550000000000000000e+02 1.700152700962361223e+02 1.398665936736440187e+02
2.550000000000000000e+02 1.704831796289925592e+02 1.400484190725696294e+02
2.550000000000000000e+02 1.713817689451074955e+02 1.404894413718277804e+02
2.550000000000000000e+02 1.719584998279922843e+02 1.406604699780359340e+02
2.550000000000000000e+02 1.721384077818059950e+02 1.406974020217523673e+02
2.549999966921591010e+02 1.725268232819074399e+02 1.408081617666516649e+02
2.550000000000000000e+02 1.723249512644773063e+02 1.404506602450448440e+02
2.550000000000000000e+02 1.722049990296999908e+02 1.404260311642717909e+02
2.550000000000000000e+02 1.728367955401483584e+02 1.406732779380242846e+02
2.549999966921591010e+02 1.736068432612665049e+02 1.410673829244842068e+02
2.550000000000000000e+02 1.694384013866469161e+02 1.395643794049414623e+02
2.550000000000000000e+02 1.696789938871100105e+02 1.395486517240466924e+02
2.550000000000000000e+02 1.695205747704358430e+02 1.392942589113233964e+02
2.550000000000000000e+02 1.677674312189614341e+02 1.386985333033422307e+02
2.550000000000000000e+02 1.645574241181296031e+02 1.374887665722829411e+02
2.550000000000000000e+02 1.630846597775366718e+02 1.368826763961293977e+02
2.550000000000000000e+02 1.632036792011784598e+02 1.369789378743373334e+02
2.550000000000000000e+02 1.638865366464667943e+02 1.373074571965386781e+02
2.550000000000000000e+02 1.691283111487470023e+02 1.394144834916686477e+02
2.550000000000000000e+02 1.696022574911570473e+02 1.398895390633958868e+02
2.550000000000000000e+02 1.702387037233057185e+02 1.401667714149620281e+02
2.550000000000000000e+02 1.711895293603958805e+02 1.407490881385235468e+02
2.550000000000000000e+02 1.711569636666754946e+02 1.405735685869785812e+02
2.550000000000000000e+02 1.713243128511824409e+02 1.405807102154948041e+02
2.550000000000000000e+02 1.709527739553838330e+02 1.402927053287111789e+02
2.550000000000000000e+02 1.709395657466458545e+02 1.402000604232272281e+02
2.550000000000000000e+02 1.711468879832755476e+02 1.401616982896257184e+02
2.550000000000000000e+02 1.707801950744043609e+02 1.398401375620771603e+02
2.550000000000000000e+02 1.709376791747157540e+02 1.398268201945892599e+02
2.550000000000000000e+02 1.714622244568525105e+02 1.400972990376388054e+02
2.550000000000000000e+02 1.718989079714555430e+02 1.402719420113436968e+02
2.550000000000000000e+02 1.722197608210502153e+02 1.404023073292933645e+02
2.550000000000000000e+02 1.723813587728351422e+02 1.404401523370998746e+02
2.550000000000000000e+02 1.721726284985930704e+02 1.403868729436255762e+02
2.550000000000000000e+02 1.721897112916457218e+02 1.402808202563356303e+02
2.550000000000000000e+02 1.680626405832385046e+02 1.389969049635255374e+02
2.550000000000000000e+02 1.682928056665519989e+02 1.389837540906965785e+02
2.550000000000000000e+02 1.684944461351186931e+02 1.390541901523370996e+02
2.550000000000000000e+02 1.688127927439201983e+02 1.391826733088112178e+02
2.549999944869318256e+02 1.691673194139387988e+02 1.392475213245477050e+02
2.549999988973863765e+02 1.680217148729348082e+02 1.388355958965130981e+02
2.549999988973863765e+02 1.639705194192313513e+02 1.373959540695263968e+02
2.550000000000000000e+02 1.617711856183898362e+02 1.366386779221466554e+02
2.550000000000000000e+02 1.613002582321134071e+02 1.362725561671385890e+02
2.549999966921591010e+02 1.622686705566875673e+02 1.368130683973290331e+02
2.550000000000000000e+02 1.679613114927624338e+02 1.390677754549383849e+02
2.550000000000000000e+02 1.685962614782079356e+02 1.397119719583300252e+02
2.549999922817045501e+02 1.693166408655075941e+02 1.400600273889226912e+02
2.550000000000000000e+02 1.706736836998421154e+02 1.408240052219781830e+02
2.549999944869318256e+02 1.705832660739015694e+02 1.405294805807686487e+02
2.550000000000000000e+02 1.707790891529280941e+02 1.405001565711362161e+02
2.550000000000000000e+02 1.711366358816939623e+02 1.406294578669277655e+02
2.550000000000000000e+02 1.707607361489675100e+02 1.403808570836310423e+02
2.550000000000000000e+02 1.708526048144521781e+02 1.403091949156280123e+02
2.550000000000000000e+02 1.706757533056356806e+02 1.400689717907327463e+02
2.550000000000000000e+02 1.703400592765090380e+02 1.399221312198435214e+02
2.550000000000000000e+02 1.705286580309966666e+02 1.398728653400019368e+02
2.550000000000000000e+02 1.710612854710806516e+02 1.400629636490336623e+02
2.550000000000000000e+02 1.709503702576587614e+02 1.401514098017941592e+02
2.549999977947727245e+02 1.714263178438169746e+02 1.401736980338193632e+02
2.550000000000000000e+02 1.718264662556123028e+02 1.402212592729806602e+02
2.550000000000000000e+02 1.720159382800991352e+02 1.403263438654987851e+02
2.550000000000000000e+02 1.724302288143816213e+02 1.404090321698554362e+02
2.550000000000000000e+02 1.731013434244533187e+02 1.407268495241119410e+02
2.550000000000000000e+02 1.734761813402489281e+02 1.408594255824005188e+02
2.550000000000000000e+02 1.738554804308132020e+02 1.410115862640803641e+02
2.550000000000000000e+02 1.695446183633685280e+02 1.394704940591177262e+02
2.550000000000000000e+02 1.665530687942699331e+02 1.381571356744026104e+02
2.550000000000000000e+02 1.639398888124410121e+02 1.372110964831035460e+02
2.550000000000000000e+02 1.632817409387211569e+02 1.367708250637310812e+02
2.549999669215909250e+02 1.639244930182504731e+02 1.371713638007533120e+02
2.550000000000000000e+02 1.640025768080658395e+02 1.371341825663552925e+02
2.550000000000000000e+02 1.697934992105286369e+02 1.398078265721065350e+02
2.550000000000000000e+02 1.702426554905748617e+02 1.400898905766228211e+02
2.550000000000000000e+02 1.702395439148958758e+02 1.401118303827392424e+02
2.550000000000000000e+02 1.702962535393897667e+02 1.401395919888503840e+02
2.549999988973863765e+02 1.704917337055756832e+02 1.401754004692723754e+02
2.550000000000000000e+02 1.697475466846613301e+02 1.397026129737930660e+02
2.550000000000000000e+02 1.697565241648804317e+02 1.397058171690174504e+02
2.549999988973863765e+02 1.704989668510236527e+02 1.399269220760891699e+02
2.550000000000000000e+02 1.708462680938897620e+02 1.399832149126289096e+02
2.550000000000000000e+02 1.713816465549939494e+02 1.402970893205253731e+02
2.549999867686363757e+02 1.721339311704464308e+02 1.404804649942223023e+02
2.550000000000000000e+02 1.726216094630712519e+02 1.406714277523441581e+02
2.550000000000000000e+02 1.729694498840050585e+02 1.407996914887048376e+02
2.550000000000000000e+02 1.727363441301260423e+02 1.405056795628357520e+02
2.550000000000000000e+02 1.727333979464923743e+02 1.404125461995113255e+02
2.550000000000000000e+02 1.683350721550363005e+02 1.389663757971896700e+02
2.550000000000000000e+02 1.684374630624432143e+02 1.389220485238208767e+02
2.550000000000000000e+02 1.683118555223301200e+02 1.386421235897571478e+02
2.550000000000000000e+02 1.680584385226741517e+02 1.385081416990834953e+02
2.550000000000000000e+02 1.663108653752855730e+02 1.379824320569478004e+02
2.550000000000000000e+02 1.630850181269681514e+02 1.369499942664091066e+02
2.550000000000000000e+02 1.617564789577213844e+02 1.365346220681503553e+02
2.550000000000000000e+02 1.615443813014369141e+02 1.363505903393403855e+02
2.550000000000000000e+02 1.660479460513200536e+02 1.379773104166115445e+02
2.550000000000000000e+02 1.666950589677772143e+02 1.385222551536161291e+02
2.550000000000000000e+02 1.672237423588875060e+02 1.389970449954572302e+02
2.550000000000000000e+02 1.673558343697901591e+02 1.391279594149973207e+02
2.550000000000000000e+02 1.683868608148755754e+02 1.396649201266682496e+02
2.550000000000000000e+02 1.686186158670512611e+02 1.398588114266056266e+02
2.550000000000000000e+02 1.686063636243351311e+02 1.397881228664426203e+02
2.550000000000000000e+02 1.689879473303518580e+02 1.400047224942002515e+02
2.550000000000000000e+02 1.692902277558725075e+02 1.401118336905801414e+02
2.549999988973863765e+02 1.693934015189605304e+02 1.401077716619474813e+02
2.550000000000000000e+02 1.697199681124136532e+02 1.402435794808012872e+02
2.550000000000000000e+02 1.697696684220275642e+02 1.400283989167923551e+02
2.550000000000000000e+02 1.697421350569389631e+02 1.399487229528875218e+02
2.550000000000000000e+02 1.698872952446479019e+02 1.399428912293701046e+02
2.550000000000000000e+02 1.700099786534000259e+02 1.400322271913343286e+02
2.550000000000000000e+02 1.696625880988294739e+02 1.395927397302565964e+02
2.550000000000000000e+02 1.699196481339366755e+02 1.396506699480448503e+02
2.550000000000000000e+02 1.701088676599010228e+02 1.397775234415658758e+02
2.550000000000000000e+02 1.702057135233357030e+02 1.397315477608122194e+02
2.550000000000000000e+02 1.703936297599830709e+02 1.398912856033942944e+02
2.550000000000000000e+02 1.707649326964636884e+02 1.399431525488016916e+02
2.550000000000000000e+02 1.708179452574382253e+02 1.397350419434226865e+02
2.550000000000000000e+02 1.698746537793184928e+02 1.393460255188899737e+02
2.550000000000000000e+02 1.667153382377587718e+02 1.382383497843287614e+02
2.550000000000000000e+02 1.654758792241128447e+02 1.377782489613379653e+02
2.550000000000000000e+02 1.653372564326479619e+02 1.377572265297661716e+02
2.550000000000000000e+02 1.654773644446796652e+02 1.377940880062099325e+02
2.550000000000000000e+02 1.661610907495126526e+02 1.383427022413929990e+02
2.550000000000000000e+02 1.671204098194359915e+02 1.389715459525258723e+02
2.550000000000000000e+02 1.679445892543685659e+02 1.395152006315771018e+02
2.550000000000000000e+02 1.720886578545784857e+02 1.408970037577072674e+02
2.550000000000000000e+02 1.729235535914331194e+02 1.411643864616687267e+02
2.550000000000000000e+02 1.730576336147203449e+02 1.412138430936692259e+02
2.549999856660227522e+02 1.731261577443171404e+02 1.413006000423403634e+02
2.550000000000000000e+02 1.699006820767948227e+02 1.403713106547760674e+02
2.550000000000000000e+02 1.696533967115651080e+02 1.400288939903146286e+02
2.549999988973863765e+02 1.699108878686037372e+02 1.401035431386558798e+02
2.549999933843181736e+02 1.706332806284015646e+02 1.403880086356699906e+02
2.550000000000000000e+02 1.709055578342903914e+02 1.404693440330960641e+02
2.550000000000000000e+02 1.708388971217373751e+02 1.401709734755263810e+02
2.550000000000000000e+02 1.712724580345250445e+02 1.402865604629213010e+02
2.550000000000000000e+02 1.710380269390563512e+02 1.399216857639348177e+02
2.550000000000000000e+02 1.713724364232977848e+02 1.400848836081046613e+02
2.550000000000000000e+02 1.719786997097920960e+02 1.403313486287896694e+02
2.550000000000000000e+02 1.721300058659045362e+02 1.403507160372948022e+02
2.550000000000000000e+02 1.720717889685710986e+02 1.400283614279287576e+02
2.549999988973863765e+02 1.725578563426746825e+02 1.402963604929124131e+02
2.550000000000000000e+02 1.727082969470833689e+02 1.402653108929406187e+02
2.550000000000000000e+02 1.724209800912082073e+02 1.401038044580874384e+02
2.549999977947727245e+02 1.706874365997159657e+02 1.394541103231098873e+02
2.550000000000000000e+02 1.628754068644314543e+02 1.367749212733864397e+02
2.550000000000000000e+02 1.615554019247223607e+02 1.362098803002637339e+02
2.550000000000000000e+02 1.618307587304947788e+02 1.362608265632856046e+02
2.550000000000000000e+02 1.673112071855125293e+02 1.384368676510801208e+02
2.550000000000000000e+02 1.681775351292704102e+02 1.390635270846013327e+02
2.550000000000000000e+02 1.691910553776672259e+02 1.397451518078453034e+02
2.550000000000000000e+02 1.694560630518581377e+02 1.398811161978353539e+02
2.550000000000000000e+02 1.697661135956671785e+02 1.400032482997697798e+02
2.550000000000000000e+02 1.699419054927800801e+02 1.401068123880847054e+02
2.549999889738636512e+02 1.699339975477872713e+02 1.400964875140032007e+02
2.550000000000000000e+02 1.699539691885645709e+02 1.401564355147441461e+02
2.550000000000000000e+02 1.698477191334338841e+02 1.398549346370637068e+02
2.550000000000000000e+02 1.701090451806963131e+02 1.399672424515070475e+02
2.550000000000000000e+02 1.705389365953055005e+02 1.400541570739280530e+02
2.550000000000000000e+02 1.710167917030529168e+02 1.401949453985727700e+02
2.550000000000000000e+02 1.711068443638801284e+02 1.402087633526511183e+02
2.550000000000000000e+02 1.711754335476814219e+02 1.399533054151560805e+02
2.550000000000000000e+02 1.716326135471521752e+02 1.401564101546305494e+02
2.550000000000000000e+02 1.719819877036527487e+02 1.403195087635731682e+02
2.550000000000000000e+02 1.724596002364003766e+02 1.404818972893346256e+02
2.550000000000000000e+02 1.725538273924510690e+02 1.402501587763634916e+02
2.550000000000000000e+02 1.724890201734190782e+02 1.402344950470595393e+02
2.550000000000000000e+02 1.724649247576455195e+02 1.401327359372656929e+02
2.550000000000000000e+02 1.720512274294988799e+02 1.399964451736395858e+02
2.550000000000000000e+02 1.648821217814708007e+02 1.374849074245591680e+02
2.550000000000000000e+02 1.628631502112607734e+02 1.367822668854252015e+02
2.549999911790909266e+02 1.621532919632697372e+02 1.365998041758183490e+02
2.550000000000000000e+02 1.619150050279181698e+02 1.364870520080799565e+02
2.550000000000000000e+02 1.676902835481224656e+02 1.387651885028271010e+02
2.550000000000000000e+02 1.684861423518307788e+02 1.391160589060308439e+02
2.550000000000000000e+02 1.689763798107032926e+02 1.395686487249375887e+02
2.550000000000000000e+02 1.695503960588178245e+02 1.400516905272257304e+02
2.550000000000000000e+02 1.691360647278308420e+02 1.396918349255074361e+02
2.550000000000000000e+02 1.685429291592791685e+02 1.393887308476011526e+02
2.550000000000000000e+02 1.684686648230966739e+02 1.393352287261725166e+02
2.550000000000000000e+02 1.684871214727389770e+02 1.393578245874019785e+02
2.550000000000000000e+02 1.686017943934301968e+02 1.394643094992370038e+02
2.550000000000000000e+02 1.691940566919826665e+02 1.397657750932811211e+02
2.549999988973863765e+02 1.697799833725863721e+02 1.399503702576587614e+02
2.550000000000000000e+02 1.704096352995139796e+02 1.400339814496281861e+02
2.550000000000000000e+02 1.710187378161193408e+02 1.404573994195841919e+02
2.549999900764772747e+02 1.716010655658172084e+02 1.405079322024927819e+02
2.550000000000000000e+02 1.714020129314527026e+02 1.401862380586943289e+02
2.550000000000000000e+02 1.718239677331145856e+02 1.404056581721312114e+02
2.550000000000000000e+02 1.716531508287244208e+02 1.402179359954836855e+02
2.550000000000000000e+02 1.717788509883828567e+02 1.401610852364444781e+02
2.550000000000000000e+02 1.719647957518501755e+02 1.401467644905484065e+02
2.549999944869318256e+02 1.713922117988479954e+02 1.397235163230922694e+02
2.550000000000000000e+02 1.698608545696719432e+02 1.391011581853625785e+02
2.550000000000000000e+02 1.669127612091702133e+02 1.380145059849868119e+02
2.550000000000000000e+02 1.655140726578281090e+02 1.374934868612559171e+02
2.550000000000000000e+02 1.653198439581183266e+02 1.374787724822920154e+02
2.550000000000000000e+02 1.655661402789171461e+02 1.376037989450192640e+02
2.550000000000000000e+02 1.664298318734728923e+02 1.383014457469986951e+02
2.550000000000000000e+02 1.672006161404994486e+02 1.389534256000423511e+02
2.550000000000000000e+02 1.678801900023816529e+02 1.394179412880291409e+02
2.550000000000000000e+02 1.680576788218793922e+02 1.395628015648292717e+02
2.550000000000000000e+02 1.716172706784161051e+02 1.406063173145624319e+02
2.550000000000000000e+02 1.714627967133292827e+02 1.404687243642329690e+02
2.550000000000000000e+02 1.677974553882523026e+02 1.393757277249993365e+02
2.550000000000000000e+02 1.678685883017103606e+02 1.393484126774105221e+02
2.550000000000000000e+02 1.681462021575943595e+02 1.395420955833708092e+02
2.550000000000000000e+02 1.719211090970035514e+02 1.407259641253627649e+02
2.550000000000000000e+02 1.721098225233092478e+02 1.406576539028112336e+02
2.550000000000000000e+02 1.721979467128882391e+02 1.406784811717695618e+02
2.550000000000000000e+02 1.688309715349263911e+02 1.397356175077403577e+02
2.550000000000000000e+02 1.693278191625428803e+02 1.398875631797613153e+02
2.550000000000000000e+02 1.698904454118041372e+02 1.400712696375488520e+02
2.549999977947727245e+02 1.701364969523759214e+02 1.402104757116268274e+02
2.550000000000000000e+02 1.705890636163963165e+02 1.404571998465161755e+02
2.550000000000000000e+02 1.704680638986654060e+02 1.401457589069129597e+02
2.550000000000000000e+02 1.704901547628498690e+02 1.399988301269328872e+02
2.550000000000000000e+02 1.709398127321001652e+02 1.401257222119311621e+02
2.550000000000000000e+02 1.702903291963269794e+02 1.397159998059399868e+02
2.550000000000000000e+02 1.677353065706951725e+02 1.386777214709748023e+02
2.550000000000000000e+02 1.646847969426729037e+02 1.373436394629830488e+02
2.550000000000000000e+02 1.638879413762382455e+02 1.370017994654529048e+02
2.550000000000000000e+02 1.634245878430230903e+02 1.369150766978044658e+02
2.550000000000000000e+02 1.638327257932202485e+02 1.372463889403441897e+02
2.549999779477273023e+02 1.649119585064436819e+02 1.382223927597978275e+02
2.550000000000000000e+02 1.683416249878712563e+02 1.392864303545123335e+02
2.550000000000000000e+02 1.687248394594546994e+02 1.395456956168902707e+02
2.550000000000000000e+02 1.695617221060802535e+02 1.400904650383268404e+02
2.550000000000000000e+02 1.699273531980205973e+02 1.402066716945848555e+02
2.550000000000000000e+02 1.703102269619907077e+02 1.403612845889897471e+02
2.550000000000000000e+02 1.704384631330104867e+02 1.404806733881993921e+02
2.550000000000000000e+02 1.707290823167235487e+02 1.405830874504926555e+02
2.550000000000000000e+02 1.710665471433486005e+02 1.404220518316617756e+02
2.550000000000000000e+02 1.711819069923346319e+02 1.404994950029550012e+02
2.550000000000000000e+02 1.716008924554764690e+02 1.406104410895586909e+02
2.550000000000000000e+02 1.720232309666834283e+02 1.408752955004542855e+02
2.550000000000000000e+02 1.718124321892614148e+02 1.405760252101581500e+02
2.550000000000000000e+02 1.718953553503224043e+02 1.404503250504997141e+02
2.550000000000000000e+02 1.726477568428202289e+02 1.408352055712861670e+02
2.550000000000000000e+02 1.730203332980497066e+02 1.409625034181022727e+02
2.550000000000000000e+02 1.731409217408946120e+02 1.409586839644693725e+02
2.550000000000000000e+02 1.738401717430998303e+02 1.411800347543817793e+02
2.550000000000000000e+02 1.710106391189675890e+02 1.405112190937398111e+02
2.550000000000000000e+02 1.709119607116709574e+02 1.401818055518801884e+02
2.550000000000000000e+02 1.708122315135798033e+02 1.400900703026453868e+02
2.550000000000000000e+02 1.678237450051602195e+02 1.388027424206338765e+02
2.550000000000000000e+02 1.656115646528531329e+02 1.379303809750632865e+02
2.549999658189773015e+02 1.648718840138664632e+02 1.375269401589527831e+02
2.550000000000000000e+02 1.646806103186994505e+02 1.374726728236612132e+02
2.550000000000000000e+02 1.654162134924625320e+02 1.379369911438072904e+02
2.550000000000000000e+02 1.660290042516781739e+02 1.384186701156421293e+02
2.550000000000000000e+02 1.698432513429834216e+02 1.399231136485926186e+02
2.550000000000000000e+02 1.700372396729206912e+02 1.399756410595676073e+02
2.550000000000000000e+02 1.707503517337496817e+02 1.401851674208543841e+02
2.550000000000000000e+02 1.714717598595711365e+02 1.404776808947930249e+02
2.550000000000000000e+02 1.716165264142122453e+02 1.406001437808180583e+02
2.550000000000000000e+02 1.717022435982252375e+02 1.405573711926751059e+02
2.550000000000000000e+02 1.718747067047729900e+02 1.406645242883731726e+02
2.550000000000000000e+02 1.718857482777175107e+02 1.405779250134518747e+02
2.550000000000000000e+02 1.717706519533903133e+02 1.405752820485679138e+02
2.550000000000000000e+02 1.717780438752017744e+02 1.405069861599936587e+02
2.550000000000000000e+02 1.717500253601136251e+02 1.405223312339569759e+02
2.550000000000000000e+02 1.685327707798565768e+02 1.396586716151966527e+02
2.550000000000000000e+02 1.686524253089523313e+02 1.395765169758395245e+02
2.550000000000000000e+02 1.685451443100726010e+02 1.395569665334709271e+02
2.550000000000000000e+02 1.721254234036359776e+02 1.406069369834254985e+02
2.550000000000000000e+02 1.687207256079811657e+02 1.396193072058006237e+02
2.550000000000000000e+02 1.687988160134783584e+02 1.395971810579798387e+02
2.550000000000000000e+02 1.689949930314818118e+02 1.396187878747783770e+02
2.550000000000000000e+02 1.683584850529695700e+02 1.394366846172166561e+02
2.550000000000000000e+02 1.655979187065019005e+02 1.384325575343794981e+02
2.550000000000000000e+02 1.633295866522003621e+02 1.373786617798830321e+02
2.550000000000000000e+02 1.633109359425582454e+02 1.373410836045762835e+02
2.550000000000000000e+02 1.637351918988771047e+02 1.377923624158705707e+02
2.550000000000000000e+02 1.678587739377420291e+02 1.390750516023181262e+02
2.550000000000000000e+02 1.685660564802808494e+02 1.393925933031658246e+02
2.550000000000000000e+02 1.693198340345956012e+02 1.399400497940317791e+02
2.550000000000000000e+02 1.693442536187779410e+02 1.400607650374447530e+02
2.550000000000000000e+02 1.696202036306861771e+02 1.403263350445896833e+02
2.550000000000000000e+02 1.689103012781497171e+02 1.399061532456534849e+02
2.550000000000000000e+02 1.684056339146312382e+02 1.396419901735072813e+02
2.550000000000000000e+02 1.680920064921890855e+02 1.395226388631612338e+02
2.550000000000000000e+02 1.679919740753481960e+02 1.393530006527472835e+02
2.550000000000000000e+02 1.679133014898515341e+02 1.393761808992034616e+02
2.550000000000000000e+02 1.686850141575590669e+02 1.398617322501256979e+02
2.550000000000000000e+02 1.690978646784337514e+02 1.400944972963913528e+02
2.550000000000000000e+02 1.693880736898744885e+02 1.401874487284659665e+02
2.550000000000000000e+02 1.696748083657501809e+02 1.403641094851235493e+02
2.550000000000000000e+02 1.701565523917894893e+02 1.405452523662088709e+02
2.550000000000000000e+02 1.703277011828839136e+02 1.405690258188008954e+02
2.550000000000000000e+02 1.705685891838012935e+02 1.406569085359937219e+02
2.550000000000000000e+02 1.704755186694540612e+02 1.404447226706184324e+02
2.550000000000000000e+02 1.703597861370592739e+02 1.402632853916924773e+02
2.550000000000000000e+02 1.699456069667539850e+02 1.398874837915795695e+02
2.550000000000000000e+02 1.687183549886651406e+02 1.393906890894175490e+02
2.549999966921591010e+02 1.665015205042031710e+02 1.386120112113754317e+02
2.550000000000000000e+02 1.651483478437287715e+02 1.381202356064816001e+02
2.550000000000000000e+02 1.652103059091269870e+02 1.381500899732726566e+02
2.550000000000000000e+02 1.659713739447987564e+02 1.386529832314518274e+02
2.550000000000000000e+02 1.662358027468310979e+02 1.389790856245644761e+02
2.550000000000000000e+02 1.664683759383242148e+02 1.393636011802376231e+02
2.550000000000000000e+02 1.662421085942117145e+02 1.393063204018806118e+02
2.550000000000000000e+02 1.699321385411980430e+02 1.404272098582479771e+02
2.550000000000000000e+02 1.701313014369260941e+02 1.403713779142078408e+02
2.550000000000000000e+02 1.701457004683902596e+02 1.403826808065839202e+02
2.550000000000000000e+02 1.697466800303439243e+02 1.402951928250725473e+02
2.550000000000000000e+02 1.700036342145421600e+02 1.402890148808736228e+02
2.550000000000000000e+02 1.705459690650718585e+02 1.405553236391542384e+02
2.550000000000000000e+02 1.709629202060564239e+02 1.407402451771679637e+02
2.550000000000000000e+02 1.714628727936701296e+02 1.409601096438998979e+02
2.550000000000000000e+02 1.718506719327493784e+02 1.410618555223301200e+02
2.550000000000000000e+02 1.721111809433080282e+02 1.411660602291672149e+02
2.550000000000000000e+02 1.724632741450333810e+02 1.413129129288064405e+02
2.550000000000000000e+02 1.727717457461166077e+02 1.414060727548581156e+02
2.550000000000000000e+02 1.695204457646404990e+02 1.404295132181322572e+02
2.550000000000000000e+02 1.698998429878183174e+02 1.405226807624793821e+02
2.550000000000000000e+02 1.703082863619924581e+02 1.407303889138814554e+02
2.550000000000000000e+02 1.702715274286167926e+02 1.404788651018373855e+02
2.550000000000000000e+02 1.706059181684264274e+02 1.405720061834572618e+02
2.550000000000000000e+02 1.706441093969144447e+02 1.406084618980832204e+02
2.550000000000000000e+02 1.684204673758677586e+02 1.394958464544355934e+02
2.550000000000000000e+02 1.659097411504229740e+02 1.386011306200217064e+02
2.550000000000000000e+02 1.646757466899538542e+02 1.379677011387793755e+02
2.550000000000000000e+02 1.645303009253133553e+02 1.378314930711759132e+02
2.550000000000000000e+02 1.650279942575881762e+02 1.382023593726569572e+02
2.550000000000000000e+02 1.655317188864484308e+02 1.387629744546472921e+02
2.550000000000000000e+02 1.696657625234856823e+02 1.402679351133927810e+02
2.550000000000000000e+02 1.697089100002646376e+02 1.402664135065759865e+02
2.550000000000000000e+02 1.700411804140534855e+02 1.404148253018956041e+02
2.550000000000000000e+02 1.704790988559281004e+02 1.405995571903640382e+02
2.550000000000000000e+02 1.706676667372339296e+02 1.405912953063942723e+02
2.550000000000000000e+02 1.706291502377235076e+02 1.405776537704975908e+02
2.550000000000000000e+02 1.705670157541436254e+02 1.406195486781867601e+02
2.550000000000000000e+02 1.709760302821808864e+02 1.407185192780968066e+02
2.550000000000000000e+02 1.713105412068767919e+02 1.408365077579895512e+02
2.550000000000000000e+02 1.714838191449010765e+02 1.409347528381275083e+02
2.550000000000000000e+02 1.717331289087653374e+02 1.409579849074245601e+02
2.550000000000000000e+02 1.720222463327070557e+02 1.410547293304047969e+02
2.550000000000000000e+02 1.723229599442518634e+02 1.411617468046256931e+02
2.550000000000000000e+02 1.729924735593250205e+02 1.414335366552876962e+02
2.550000000000000000e+02 1.735156504979403280e+02 1.417254337682041410e+02
2.550000000000000000e+02 1.704788055607010904e+02 1.408798900914728165e+02
2.550000000000000000e+02 1.709957648610265721e+02 1.409705745499131240e+02
2.550000000000000000e+02 1.712526341439748876e+02 1.408410836045762835e+02
2.550000000000000000e+02 1.711712866177988417e+02 1.405284849206559272e+02
2.550000000000000000e+02 1.711847793008547569e+02 1.405394371818959769e+02
2.550000000000000000e+02 1.689719528169573266e+02 1.395310088032672695e+02
2.550000000000000000e+02 1.665593084848324565e+02 1.386423705752114870e+02
2.550000000000000000e+02 1.658731079150017251e+02 1.383983004313424487e+02
2.550000000000000000e+02 1.658587077809239076e+02 1.383377625323065843e+02
2.550000000000000000e+02 1.660129965069199898e+02 1.384189722317782127e+02
2.550000000000000000e+02 1.673761389998853417e+02 1.395330762038335592e+02
2.550000000000000000e+02 1.679071908050843831e+02 1.397129896707154728e+02
2.550000000000000000e+02 1.687427966251201781e+02 1.402161596849171303e+02
2.550000000000000000e+02 1.693090151896054465e+02 1.404444359910732487e+02
2.550000000000000000e+02 1.696681353480289545e+02 1.406607654784902195e+02
2.549999988973863765e+02 1.697479932431836289e+02 1.406517703564529427e+02
2.550000000000000000e+02 1.697792060299734374e+02 1.406090859774008379e+02
2.549999900764772747e+02 1.697053507634496725e+02 1.403893483112369438e+02
2.550000000000000000e+02 1.700304541886086724e+02 1.405569830726754788e+02
2.549999867686363757e+02 1.704134249825787037e+02 1.406422393641888675e+02
2.550000000000000000e+02 1.708281753067471129e+02 1.406383978582832697e+02
2.550000000000000000e+02 1.709437556784602350e+02 1.406319938782891086e+02
2.550000000000000000e+02 1.714421921723252922e+02 1.406533162207697103e+02
2.550000000000000000e+02 1.712853508957633153e+02 1.405269159014528100e+02
2.550000000000000000e+02 1.712199019555955317e+02 1.403241033545917276e+02
2.549999911790909266e+02 1.714211190205262483e+02 1.403165956583485467e+02
2.550000000000000000e+02 1.712488786419328335e+02 1.401909296797127809e+02
2.550000000000000000e+02 1.710939669392327573e+02 1.400876864519657374e+02
2.550000000000000000e+02 1.711612550389443186e+02 1.400635634708513066e+02
2.550000000000000000e+02 1.708802693905633987e+02 1.399180691912108330e+02
2.550000000000000000e+02 1.686101345629680566e+02 1.390758873834537326e+02
2.550000000000000000e+02 1.668078971393791790e+02 1.384850606878544852e+02
2.550000000000000000e+02 1.658990480033872359e+02 1.381101963093316272e+02
2.550000000000000000e+02 1.655541879471098241e+02 1.379820505526299428e+02
2.550000000000000000e+02 1.657393917542141821e+02 1.381849005883546226e+02
2.550000000000000000e+02 1.660617055668757303e+02 1.386161019079626442e+02
2.549999757425000269e+02 1.664951926045498283e+02 1.390241582647507528e+02
2.549999680242045770e+02 1.666736605449557658e+02 1.393203103636860760e+02
2.550000000000000000e+02 1.665536189984739792e+02 1.393511614932034774e+02
2.550000000000000000e+02 1.698294444150414222e+02 1.402423291169388051e+02
2.550000000000000000e+02 1.696957326647084301e+02 1.400669143136891819e+02
2.550000000000000000e+02 1.701730805701835720e+02 1.403269569186800254e+02
2.549999911790909266e+02 1.707358854428537427e+02 1.405853963234450816e+02
2.550000000000000000e+02 1.710366574929212220e+02 1.406552325632679583e+02
2.550000000000000000e+02 1.715106126562403404e+02 1.407936028562103559e+02
2.550000000000000000e+02 1.719015542441804030e+02 1.409700794763908505e+02
2.550000000000000000e+02 1.722356406626266789e+02 1.410337124119011776e+02
2.549999834607954767e+02 1.725839960041281813e+02 1.411737862429101824e+02
2.550000000000000000e+02 1.726413407340760671e+02 1.412656097012358032e+02
2.549999834607954767e+02 1.695037488863602277e+02 1.403322218987889016e+02
2.550000000000000000e+02 1.697031080473153679e+02 1.403528606208155907e+02
2.550000000000000000e+02 1.700469989062072784e+02 1.404385215715331583e+02
2.550000000000000000e+02 1.703213413074351479e+02 1.403999510439545872e+02
2.549999933843181736e+02 1.708340566478781284e+02 1.404458903384582698e+02
2.549999977947727245e+02 1.706398191272592442e+02 1.403592524720597794e+02
2.550000000000000000e+02 1.684563761941305700e+02 1.395576446408566937e+02
2.550000000000000000e+02 1.653298876657228220e+02 1.383105522330131407e+02
2.550000000000000000e+02 1.640878915381019283e+02 1.375378505208746844e+02
2.550000000000000000e+02 1.642368237670574445e+02 1.375675108276658989e+02
2.549999988973863765e+02 1.648067438055165894e+02 1.380603162736951788e+02
2.550000000000000000e+02 1.652029613997018487e+02 1.384705436767313245e+02
2.550000000000000000e+02 1.693355992043539970e+02 1.399774085492250890e+02
2.550000000000000000e+02 1.694017174309984455e+02 1.398886448437376089e+02
2.550000000000000000e+02 1.701054782255859266e+02 1.404533770850423764e+02
2.550000000000000000e+02 1.706089966656963668e+02 1.406535885663376462e+02
2.550000000000000000e+02 1.705637409916465970e+02 1.406176036677339880e+02
2.550000000000000000e+02 1.703686732029603093e+02 1.405388858750782788e+02
2.550000000000000000e+02 1.705056233295403558e+02 1.406250430019317719e+02
2.550000000000000000e+02 1.704147150405320872e+02 1.403478768071837521e+02
2.550000000000000000e+02 1.705754297987950565e+02 1.403798592182910454e+02
2.550000000000000000e+02 1.711491703935007536e+02 1.406479266453200694e+02
2.550000000000000000e+02 1.714467128882302518e+02 1.407318311325165041e+02
2.550000000000000000e+02 1.716908690359628338e+02 1.407474000370478109e+02
2.550000000000000000e+02 1.725029748515881920e+02 1.410812648301534011e+02
2.550000000000000000e+02 1.729540463715190413e+02 1.413137873014192962e+02
2.550000000000000000e+02 1.732492138364779919e+02 1.413928579304383106e+02
2.550000000000000000e+02 1.736730287473426984e+02 1.415732488290243225e+02
2.550000000000000000e+02 1.706855246676722402e+02 1.408609813702400118e+02
