2.550000000000000000e+02 2.204908526261384054e+02 1.681203372008055794e+02
2.550000000000000000e+02 2.206108556559553620e+02 1.682087142882603530e+02
2.550000000000000000e+02 1.684603650929441017e+02 1.342996165944857410e+02
2.550000000000000000e+02 1.693504183820777484e+02 1.344629103619740249e+02
2.550000000000000000e+02 1.703283898305084847e+02 1.344274325420164189e+02
2.550000000000000000e+02 1.709541227788768367e+02 1.342750572546293881e+02
2.550000000000000000e+02 1.716639454009160772e+02 1.340821837851325142e+02
2.550000000000000000e+02 1.720993256429449900e+02 1.340395302001461459e+02
2.550000000000000000e+02 1.723828608155554321e+02 1.340468062164715093e+02
2.550000000000000000e+02 1.709912770232939465e+02 1.336916737956477448e+02
2.550000000000000000e+02 1.653034228020460148e+02 1.321017784580013767e+02
2.550000000000000000e+02 1.608592449517902594e+02 1.308305964729366053e+02
2.549999944304835253e+02 1.609287168725159916e+02 1.306307510827139993e+02
2.549999922026769354e+02 1.629965836585930958e+02 1.315275847012065924e+02
2.550000000000000000e+02 1.682844062449874230e+02 1.337198187902119173e+02
2.550000000000000000e+02 1.727465858863996857e+02 1.357547051275196566e+02
2.550000000000000000e+02 1.744812886524443627e+02 1.363170168778627271e+02
2.550000000000000000e+02 1.750792664724019403e+02 1.364350059705216722e+02
2.550000000000000000e+02 1.748972268263558476e+02 1.364021079505961609e+02
2.550000000000000000e+02 1.740910148104582049e+02 1.358850808248231203e+02
2.550000000000000000e+02 1.716734158067333169e+02 1.351798285480047639e+02
2.550000000000000000e+02 1.720414527972339442e+02 1.348753286014721482e+02
2.550000000000000000e+02 1.728174758060204113e+02 1.350221165499295921e+02
2.550000000000000000e+02 1.736309905719224957e+02 1.351717961913418549e+02
2.550000000000000000e+02 1.742497025878201384e+02 1.353856088149851189e+02
2.550000000000000000e+02 1.744237744835944284e+02 1.352124592311393769e+02
2.549999877470637557e+02 1.748798777825304285e+02 1.352462595127341558e+02
2.550000000000000000e+02 1.747977229588836110e+02 1.348974819102104732e+02
2.550000000000000000e+02 1.750498538558876476e+02 1.349730836407706533e+02
2.550000000000000000e+02 1.730774808854194475e+02 1.344633715179382989e+02
2.550000000000000000e+02 1.729277901049742354e+02 1.341168105829724198e+02
2.550000000000000000e+02 1.729371101338466303e+02 1.339738912206597945e+02
2.550000000000000000e+02 1.727410932292501968e+02 1.336719075816713769e+02
2.550000000000000000e+02 1.728737992122475760e+02 1.336399296458678521e+02
2.550000000000000000e+02 1.717993559411146123e+02 1.333444434048013818e+02
2.550000000000000000e+02 1.670972248213299167e+02 1.321946167281541307e+02
2.550000000000000000e+02 1.624267608583293168e+02 1.306391565969808823e+02
2.550000000000000000e+02 1.622190112103227762e+02 1.306440444046409652e+02
2.550000000000000000e+02 1.642921801760858216e+02 1.315278553797073471e+02
2.550000000000000000e+02 1.664910910014436070e+02 1.323567520362152266e+02
2.550000000000000000e+02 1.714866387299720145e+02 1.345923158495072016e+02
2.550000000000000000e+02 1.754555129301894567e+02 1.359898111265572425e+02
2.550000000000000000e+02 1.756266886773957765e+02 1.358907595038229204e+02
2.550000000000000000e+02 1.749906866545474031e+02 1.356772242421002090e+02
2.550000000000000000e+02 1.714032987132189021e+02 1.343382957725142148e+02
2.550000000000000000e+02 1.711959556399151552e+02 1.339749282646277777e+02
2.549999944304835253e+02 1.720691867614821149e+02 1.341750209413819448e+02
2.550000000000000000e+02 1.729882071058119095e+02 1.344195739542675767e+02
2.550000000000000000e+02 1.737155982106257568e+02 1.345785435491632427e+02
2.550000000000000000e+02 1.743604958651909556e+02 1.347413973248498564e+02
2.550000000000000000e+02 1.747936850594378768e+02 1.348761261562316065e+02
2.550000000000000000e+02 1.748848391078080056e+02 1.345831116665775653e+02
2.550000000000000000e+02 1.751266452351672740e+02 1.346593438664029065e+02
2.550000000000000000e+02 1.753106932488549035e+02 1.346671757204726418e+02
2.550000000000000000e+02 1.729837325562743899e+02 1.337293894473257296e+02
2.550000000000000000e+02 1.731807096455114277e+02 1.337639505248712339e+02
2.550000000000000000e+02 1.730435692134951751e+02 1.334587031492274036e+02
2.550000000000000000e+02 1.733026943092908425e+02 1.334127869414888892e+02
2.550000000000000000e+02 1.735425154609777394e+02 1.334640075567199631e+02
2.550000000000000000e+02 1.738007126753283842e+02 1.335716651963143136e+02
2.550000000000000000e+02 1.725738517884831253e+02 1.330546993352225229e+02
2.550000000000000000e+02 1.677896137428932946e+02 1.319266650626459239e+02
2.550000000000000000e+02 1.631435442620613401e+02 1.307787097435349040e+02
2.550000000000000000e+02 1.626254867757400859e+02 1.305383717407189579e+02
2.550000000000000000e+02 1.637128858561015079e+02 1.308123852679605648e+02
2.550000000000000000e+02 1.664356186173341143e+02 1.321905598923523826e+02
2.550000000000000000e+02 1.709017347929922153e+02 1.342688060293357637e+02
2.550000000000000000e+02 1.748103212051542528e+02 1.357693429307241217e+02
2.550000000000000000e+02 1.759754618243062509e+02 1.360005714323905295e+02
2.550000000000000000e+02 1.763433528934752132e+02 1.360600973105918854e+02
2.550000000000000000e+02 1.734600866171202540e+02 1.347844864460247152e+02
2.549999977721934101e+02 1.732441887665080458e+02 1.348192201785809630e+02
2.550000000000000000e+02 1.732096588782548281e+02 1.344353290024773173e+02
2.549999988860967051e+02 1.734863669375679365e+02 1.341876759967206567e+02
2.550000000000000000e+02 1.737629803151009753e+02 1.341734102372168422e+02
2.550000000000000000e+02 1.744308143524211800e+02 1.342528003528845773e+02
2.550000000000000000e+02 1.750641095902618076e+02 1.345324791922864449e+02
2.550000000000000000e+02 1.754042355058903127e+02 1.345102735300932011e+02
2.549999944304835253e+02 1.757876710955461590e+02 1.346189559607193189e+02
2.550000000000000000e+02 1.733418101374111018e+02 1.335967347038799460e+02
2.550000000000000000e+02 1.735826471689033781e+02 1.336556713272380534e+02
2.550000000000000000e+02 1.736949676076921776e+02 1.334798784508724054e+02
2.550000000000000000e+02 1.741153591669785499e+02 1.336111976242670494e+02
2.550000000000000000e+02 1.740712084959632193e+02 1.333157158388137304e+02
2.550000000000000000e+02 1.740994704503733885e+02 1.333551446737600088e+02
2.550000000000000000e+02 1.740750046783938387e+02 1.332171120052041431e+02
2.550000000000000000e+02 1.738776054198078782e+02 1.331516378834055274e+02
2.550000000000000000e+02 1.720034274804398535e+02 1.326526092070790810e+02
2.550000000000000000e+02 1.633185507227004507e+02 1.302981139389402756e+02
2.550000000000000000e+02 1.591203862125505850e+02 1.292766857812472097e+02
2.550000000000000000e+02 1.591332027838671195e+02 1.293168141474629635e+02
2.550000000000000000e+02 1.631500862161150565e+02 1.303480145787663389e+02
2.550000000000000000e+02 1.653161859060043923e+02 1.315281149191751808e+02
2.550000000000000000e+02 1.703279309023507722e+02 1.338123719011210255e+02
2.550000000000000000e+02 1.743478118483665753e+02 1.352972116772710365e+02
2.550000000000000000e+02 1.757692738687198073e+02 1.359029344668413160e+02
2.550000000000000000e+02 1.762828311857277868e+02 1.359409976563474629e+02
2.550000000000000000e+02 1.754736127448359468e+02 1.354855894330677870e+02
2.550000000000000000e+02 1.729816907715339767e+02 1.346409410700600517e+02
2.550000000000000000e+02 1.725187358534281543e+02 1.340274075905826123e+02
2.549999944304835253e+02 1.728937915485929295e+02 1.339337027036660857e+02
2.550000000000000000e+02 1.734543388761161395e+02 1.340166027286174995e+02
2.550000000000000000e+02 1.741927687625870931e+02 1.341840947976260452e+02
2.550000000000000000e+02 1.742331299345916023e+02 1.339871522393911789e+02
2.550000000000000000e+02 1.744950564971751419e+02 1.340078285123598789e+02
2.550000000000000000e+02 1.747610967046284998e+02 1.340284268120978766e+02
2.550000000000000000e+02 1.748370827318255465e+02 1.340431648665989428e+02
2.550000000000000000e+02 1.726640322853731107e+02 1.334137694041953921e+02
2.550000000000000000e+02 1.723493857937229450e+02 1.329760633320857721e+02
2.550000000000000000e+02 1.723350097577928750e+02 1.328699250565862826e+02
2.550000000000000000e+02 1.725708687554581218e+02 1.329951812543442315e+02
2.550000000000000000e+02 1.724067117129159215e+02 1.327134227574898944e+02
2.550000000000000000e+02 1.724883184961414315e+02 1.327244459445008715e+02
2.549999966582901152e+02 1.724238324065657935e+02 1.326686427311126693e+02
2.550000000000000000e+02 1.697063349908214320e+02 1.320701068456041014e+02
2.550000000000000000e+02 1.633648311768165513e+02 1.304421304959988674e+02
2.550000000000000000e+02 1.604841970539485771e+02 1.295442319859559177e+02
2.550000000000000000e+02 1.607747943734516696e+02 1.296862479726960089e+02
2.550000000000000000e+02 1.623918667236985129e+02 1.304243147266926997e+02
2.549999988860967051e+02 1.674453028925840670e+02 1.327023293945712794e+02
2.550000000000000000e+02 1.718165924807071860e+02 1.344867857652070029e+02
2.550000000000000000e+02 1.729701273414247282e+02 1.350845085013099549e+02
2.550000000000000000e+02 1.739789550250405341e+02 1.352579922561442913e+02
2.550000000000000000e+02 1.740217723538113432e+02 1.352538218022064314e+02
2.550000000000000000e+02 1.732730700511504267e+02 1.347879072430447991e+02
2.549999777219341013e+02 1.731920369281220360e+02 1.346612419576182162e+02
2.550000000000000000e+02 1.734469325331052119e+02 1.344806615248890580e+02
2.550000000000000000e+02 1.741099099520575919e+02 1.346116019711632816e+02
2.550000000000000000e+02 1.748309072519560061e+02 1.348269907679694768e+02
2.550000000000000000e+02 1.756927665347805032e+02 1.350238865422659558e+02
2.550000000000000000e+02 1.762849019319538684e+02 1.352465123687821915e+02
2.550000000000000000e+02 1.747490019426473395e+02 1.348146108467447277e+02
2.550000000000000000e+02 1.747446944786041456e+02 1.344680242920030651e+02
2.550000000000000000e+02 1.744328728457110174e+02 1.340193640948867255e+02
2.550000000000000000e+02 1.745159355005435771e+02 1.339736439341282050e+02
2.550000000000000000e+02 1.743618681940508566e+02 1.336310507227004507e+02
2.550000000000000000e+02 1.746148055570407678e+02 1.336360644014329182e+02
2.550000000000000000e+02 1.751871212728795797e+02 1.339060656490046028e+02
2.550000000000000000e+02 1.734732173091660741e+02 1.334756456183500006e+02
2.550000000000000000e+02 1.735225142134060548e+02 1.332296857456022963e+02
2.550000000000000000e+02 1.740603969505783368e+02 1.333476614714217021e+02
2.550000000000000000e+02 1.727937207043433432e+02 1.331035696145003442e+02
2.550000000000000000e+02 1.679538119998574075e+02 1.317076805860022546e+02
2.550000000000000000e+02 1.655403533746814162e+02 1.311567885722433005e+02
2.550000000000000000e+02 1.656938603878165850e+02 1.310015394143541982e+02
2.550000000000000000e+02 1.678210291575326494e+02 1.314778711971341636e+02
2.550000000000000000e+02 1.700630725462938244e+02 1.326210723769805213e+02
2.550000000000000000e+02 1.744238736209877345e+02 1.344596655616745977e+02
2.550000000000000000e+02 1.757815034129996832e+02 1.349426250690620179e+02
2.550000000000000000e+02 1.756194126610704132e+02 1.345882612415120434e+02
2.550000000000000000e+02 1.750377958527152487e+02 1.344638304460959830e+02
2.549999966582901152e+02 1.742438289757436394e+02 1.340338392682101016e+02
2.550000000000000000e+02 1.714948403999358391e+02 1.329092124258140473e+02
2.550000000000000000e+02 1.721887854444028676e+02 1.330422949081252568e+02
2.550000000000000000e+02 1.733079185157461382e+02 1.333521883744140837e+02
2.550000000000000000e+02 1.741306252116416147e+02 1.334719831043148019e+02
2.550000000000000000e+02 1.746966885882835072e+02 1.336607819155572088e+02
2.550000000000000000e+02 1.746429137927961506e+02 1.333520001247571827e+02
2.550000000000000000e+02 1.748076656596980740e+02 1.334424724643105264e+02
2.550000000000000000e+02 1.745160435491632427e+02 1.330569471920725846e+02
2.550000000000000000e+02 1.746851195886577841e+02 1.329875053467358157e+02
2.549999944304835253e+02 1.749336291860485915e+02 1.331452752677823526e+02
2.550000000000000000e+02 1.729483271400310116e+02 1.325825357785738561e+02
2.550000000000000000e+02 1.727567469122600698e+02 1.322377515193640818e+02
2.550000000000000000e+02 1.726892922704022624e+02 1.320695153629542631e+02
2.550000000000000000e+02 1.727756999768308219e+02 1.321291838207774276e+02
2.550000000000000000e+02 1.720162284571102589e+02 1.317204013616353961e+02
2.550000000000000000e+02 1.679603127394892113e+02 1.307506650002673325e+02
2.550000000000000000e+02 1.634739714216970583e+02 1.296264469603806901e+02
2.550000000000000000e+02 1.629226104546507656e+02 1.294705628776132187e+02
2.550000000000000000e+02 1.642119223297510189e+02 1.297615121905576530e+02
2.550000000000000000e+02 1.670179182484093587e+02 1.310498750200502514e+02
2.550000000000000000e+02 1.711541341406904451e+02 1.328316513393573359e+02
2.549999955443868203e+02 1.751007692616157954e+02 1.342333772211231633e+02
2.550000000000000000e+02 1.758643599957226229e+02 1.345082551373220099e+02
2.550000000000000000e+02 1.752834883886720547e+02 1.341259000338626493e+02
2.550000000000000000e+02 1.724876278760983155e+02 1.333257465379885502e+02
2.550000000000000000e+02 1.722300355112370482e+02 1.328466500472295024e+02
2.550000000000000000e+02 1.723412008323085445e+02 1.325708988308471135e+02
2.550000000000000000e+02 1.728733146643141083e+02 1.326702322711151396e+02
2.550000000000000000e+02 1.734070793010033924e+02 1.327643236824751796e+02
2.550000000000000000e+02 1.738782748756883905e+02 1.329076095189720093e+02
2.550000000000000000e+02 1.742052946051435640e+02 1.329090943520647272e+02
2.550000000000000000e+02 1.743391557058582464e+02 1.329735904667700481e+02
2.550000000000000000e+02 1.742625358676860969e+02 1.326737199023329481e+02
2.550000000000000000e+02 1.744317823343848488e+02 1.327910607032739847e+02
2.550000000000000000e+02 1.744143809371045677e+02 1.327381981945855500e+02
2.550000000000000000e+02 1.745554712702061977e+02 1.327514057459587491e+02
2.550000000000000000e+02 1.722247322176477837e+02 1.320639235684114965e+02
2.550000000000000000e+02 1.719251390151312648e+02 1.316857634247625128e+02
2.550000000000000000e+02 1.719996112477499253e+02 1.315815299238981311e+02
2.550000000000000000e+02 1.720913545509633025e+02 1.316536807820492356e+02
2.550000000000000000e+02 1.714705361439341402e+02 1.315034742643782693e+02
2.550000000000000000e+02 1.670661625140351703e+02 1.304084260100875099e+02
2.550000000000000000e+02 1.619405721452886269e+02 1.291988005489315299e+02
2.550000000000000000e+02 1.611611951736798005e+02 1.289487392842503084e+02
2.550000000000000000e+02 1.624944082054572334e+02 1.292867443280044313e+02
2.549999966582901152e+02 1.677877991944251335e+02 1.313546968846352740e+02
2.550000000000000000e+02 1.721827714805111498e+02 1.332814800210304895e+02
2.550000000000000000e+02 1.740971780373915010e+02 1.342108863996863306e+02
2.550000000000000000e+02 1.752314902689408029e+02 1.344798004776417315e+02
2.550000000000000000e+02 1.759707834304657013e+02 1.346745564437077860e+02
2.550000000000000000e+02 1.754303576520700858e+02 1.343328944554349675e+02
2.550000000000000000e+02 1.746070862072038494e+02 1.337810834714573502e+02
2.550000000000000000e+02 1.727047499064321130e+02 1.331611038336095874e+02
2.550000000000000000e+02 1.729106048049332571e+02 1.328562117931169553e+02
2.550000000000000000e+02 1.734664692830027377e+02 1.329111896041633258e+02
2.550000000000000000e+02 1.742011430875617179e+02 1.331196309861163058e+02
2.550000000000000000e+02 1.743633585966600776e+02 1.328565303694594490e+02
2.549999944304835253e+02 1.745771099556220918e+02 1.329694990999661286e+02
2.550000000000000000e+02 1.747165450284268218e+02 1.329697831453064509e+02
2.550000000000000000e+02 1.746100647846156448e+02 1.326276165588408276e+02
2.550000000000000000e+02 1.748154395907964727e+02 1.327219652818620830e+02
2.550000000000000000e+02 1.749068654315706794e+02 1.327249884154057327e+02
2.550000000000000000e+02 1.726419948225774874e+02 1.320808738348571580e+02
2.550000000000000000e+02 1.725575520415619621e+02 1.317544979415067132e+02
2.550000000000000000e+02 1.725890610240781200e+02 1.316969202801689676e+02
2.550000000000000000e+02 1.726486158637651727e+02 1.316643642285551437e+02
2.550000000000000000e+02 1.723020036892477265e+02 1.313124509882549944e+02
2.550000000000000000e+02 1.698767098415584087e+02 1.307363725070844112e+02
2.550000000000000000e+02 1.644357656525691027e+02 1.293445392004847747e+02
2.550000000000000000e+02 1.616610581635744666e+02 1.287504600420609790e+02
2.550000000000000000e+02 1.618940288099948361e+02 1.287812527847582373e+02
2.550000000000000000e+02 1.643497812293927893e+02 1.297398412019462057e+02
2.550000000000000000e+02 1.694113121335258256e+02 1.317529150849239841e+02
2.550000000000000000e+02 1.734781285087953790e+02 1.334188788786112809e+02
2.550000000000000000e+02 1.748188258568144136e+02 1.339585349498297830e+02
2.550000000000000000e+02 1.755415062645921296e+02 1.340866093229250282e+02
2.550000000000000000e+02 1.754151762640574646e+02 1.340507382951041677e+02
2.550000000000000000e+02 1.746790064873727886e+02 1.336052337860236321e+02
2.550000000000000000e+02 1.724425626904774731e+02 1.329744949562458771e+02
2.550000000000000000e+02 1.727308174713504059e+02 1.328006491828405444e+02
2.550000000000000000e+02 1.734560286674152110e+02 1.328396068366928660e+02
2.550000000000000000e+02 1.741060992888841383e+02 1.330218447575255425e+02
2.550000000000000000e+02 1.741386887575968103e+02 1.327548365681085158e+02
2.550000000000000000e+02 1.745421378477606140e+02 1.328053565381667909e+02
2.550000000000000000e+02 1.748350687946675350e+02 1.328874445276158838e+02
2.550000000000000000e+02 1.747512364326578620e+02 1.326342910673866982e+02
2.550000000000000000e+02 1.749770357696626206e+02 1.326193157514837253e+02
2.550000000000000000e+02 1.751094109233812617e+02 1.327046808444277985e+02
2.550000000000000000e+02 1.729062694933076614e+02 1.319840923470387963e+02
2.550000000000000000e+02 1.727251276533176565e+02 1.317692916911725263e+02
2.550000000000000000e+02 1.728039597034343728e+02 1.316619225525316779e+02
2.550000000000000000e+02 1.728131939617530293e+02 1.316289654957315349e+02
2.550000000000000000e+02 1.726122045928460693e+02 1.313622413516548022e+02
2.550000000000000000e+02 1.720046405211285219e+02 1.311713996417686872e+02
2.550000000000000000e+02 1.676544816785186072e+02 1.300954804487693650e+02
2.550000000000000000e+02 1.628230152471083159e+02 1.289226538968792966e+02
2.550000000000000000e+02 1.620012731914666233e+02 1.287210964372916919e+02
2.550000000000000000e+02 1.628061407260867099e+02 1.288506912883851214e+02
2.550000000000000000e+02 1.653542981072555165e+02 1.301777221568732159e+02
2.550000000000000000e+02 1.696395765385232437e+02 1.320011217006184268e+02
2.550000000000000000e+02 1.734690234632590204e+02 1.333306777878771641e+02
2.550000000000000000e+02 1.749544101659270439e+02 1.338740464987791654e+02
2.550000000000000000e+02 1.753599166354773615e+02 1.339084984138017091e+02
2.550000000000000000e+02 1.748186465183838720e+02 1.337805142668734106e+02
2.550000000000000000e+02 1.740845185264396093e+02 1.333295772514213411e+02
2.550000000000000000e+02 1.720711171558930062e+02 1.326844133739685390e+02
2.550000000000000000e+02 1.723373422712933802e+02 1.324255155144450953e+02
2.550000000000000000e+02 1.731438004598192890e+02 1.325212543887789707e+02
2.550000000000000000e+02 1.737691168083551645e+02 1.326818803578748600e+02
2.550000000000000000e+02 1.743652165873567412e+02 1.327913636849703209e+02
2.550000000000000000e+02 1.744295021743392340e+02 1.325981605000980323e+02
2.550000000000000000e+02 1.745156982391416705e+02 1.326702066513393561e+02
2.550000000000000000e+02 1.749001864674116575e+02 1.327657439091767912e+02
2.550000000000000000e+02 1.747322276729223347e+02 1.324621161489244230e+02
2.550000000000000000e+02 1.747712131743570581e+02 1.324126800067725185e+02
2.550000000000000000e+02 1.751172238410950115e+02 1.325026087615177630e+02
2.550000000000000000e+02 1.726265383004509033e+02 1.315570997968240476e+02
2.550000000000000000e+02 1.728321136092249048e+02 1.315996108021886073e+02
2.550000000000000000e+02 1.730725797109198254e+02 1.315817070345220827e+02
2.550000000000000000e+02 1.722125962412447109e+02 1.314676745263683131e+02
2.550000000000000000e+02 1.674202055374360611e+02 1.299583868006914997e+02
2.550000000000000000e+02 1.637228809103708898e+02 1.292352987043076951e+02
2.550000000000000000e+02 1.634862989894669170e+02 1.291517927159635803e+02
2.550000000000000000e+02 1.647532381168796576e+02 1.293771242135842670e+02
2.550000000000000000e+02 1.698805628330570983e+02 1.313935765652569216e+02
2.550000000000000000e+02 1.718808569035270750e+02 1.324476465451175500e+02
2.550000000000000000e+02 1.761050199165909191e+02 1.339440642321196151e+02
2.550000000000000000e+02 1.762597622484806266e+02 1.339706274840043534e+02
2.550000000000000000e+02 1.758594309736405989e+02 1.338289467821561516e+02
2.550000000000000000e+02 1.725517552888128421e+02 1.325572691101249347e+02
2.550000000000000000e+02 1.723536509294409029e+02 1.323248342511896567e+02
2.550000000000000000e+02 1.729899136056604050e+02 1.322992278422356378e+02
2.550000000000000000e+02 1.738648178099770121e+02 1.325204334420502903e+02
2.550000000000000000e+02 1.745554411948172344e+02 1.327215486820296348e+02
2.550000000000000000e+02 1.748677429200306506e+02 1.327348910157015780e+02
2.550000000000000000e+02 1.747515227058047742e+02 1.324151417330552931e+02
2.550000000000000000e+02 1.748635067457983610e+02 1.323446216293286284e+02
2.550000000000000000e+02 1.750073261419736639e+02 1.324722404159760458e+02
2.550000000000000000e+02 1.730026622288759484e+02 1.318537667753836331e+02
2.550000000000000000e+02 1.727724362401753808e+02 1.314380580655509902e+02
2.550000000000000000e+02 1.728104337093870981e+02 1.314556142953893243e+02
2.550000000000000000e+02 1.729865897182270089e+02 1.314131912883851214e+02
2.550000000000000000e+02 1.727532325473631545e+02 1.310595904845924906e+02
2.550000000000000000e+02 1.726005966066049950e+02 1.310390913222477707e+02
2.550000000000000000e+02 1.704049005061576452e+02 1.306544393501933712e+02
2.550000000000000000e+02 1.650550123420485136e+02 1.292859400898251749e+02
2.550000000000000000e+02 1.622873948475289296e+02 1.286719387709636635e+02
2.550000000000000000e+02 1.626242302928228867e+02 1.287360550446452407e+02
2.550000000000000000e+02 1.648683176941310649e+02 1.295192025789089030e+02
2.550000000000000000e+02 1.695437485519257166e+02 1.314569487515371975e+02
2.550000000000000000e+02 1.738446439073945271e+02 1.332607714448662364e+02
2.550000000000000000e+02 1.749864293161524813e+02 1.336778134969434575e+02
2.550000000000000000e+02 1.753736443796895230e+02 1.337507496569177761e+02
2.550000000000000000e+02 1.750907118287618687e+02 1.336146418132563269e+02
2.550000000000000000e+02 1.741829775526207982e+02 1.331686884011477616e+02
2.550000000000000000e+02 1.716866233581065444e+02 1.321616117735122771e+02
2.550000000000000000e+02 1.721890327309344286e+02 1.321671200253078950e+02
2.550000000000000000e+02 1.728813091482649895e+02 1.323894851984530021e+02
2.550000000000000000e+02 1.737257792867454498e+02 1.326372607335721625e+02
2.550000000000000000e+02 1.745108962020353260e+02 1.327794449197098459e+02
2.550000000000000000e+02 1.748291027286174995e+02 1.326626722094494539e+02
2.550000000000000000e+02 1.750907173982783434e+02 1.325820579140601296e+02
2.550000000000000000e+02 1.751298755547238386e+02 1.326142987310413730e+02
2.550000000000000000e+02 1.748083351155786147e+02 1.322851971163271401e+02
2.550000000000000000e+02 1.748223257409684663e+02 1.322394635887290804e+02
2.550000000000000000e+02 1.722298171861911555e+02 1.312877969666185436e+02
2.550000000000000000e+02 1.722131453955693416e+02 1.311649891283038301e+02
2.550000000000000000e+02 1.722868356680746444e+02 1.311590832130317779e+02
2.550000000000000000e+02 1.723549631075228490e+02 1.311281534602291856e+02
2.550000000000000000e+02 1.718544418007806200e+02 1.310194565488602620e+02
2.550000000000000000e+02 1.672040592863889970e+02 1.296807664545794694e+02
2.550000000000000000e+02 1.609852764262417679e+02 1.280298281024434459e+02
2.550000000000000000e+02 1.592013357928317987e+02 1.275887413338323597e+02
2.550000000000000000e+02 1.596882039868826837e+02 1.278792283769092251e+02
2.550000000000000000e+02 1.635775911618457030e+02 1.292472297225044144e+02
2.550000000000000000e+02 1.678040231959222126e+02 1.313823361671033183e+02
2.550000000000000000e+02 1.695236069525388132e+02 1.326388870323833942e+02
2.550000000000000000e+02 1.734544246466698780e+02 1.338556359051132745e+02
2.550000000000000000e+02 1.745927513856956921e+02 1.343871259512734184e+02
2.550000000000000000e+02 1.748493234151384002e+02 1.344537117485608348e+02
2.550000000000000000e+02 1.747199959008358690e+02 1.343678966386854086e+02
2.550000000000000000e+02 1.745601296137874385e+02 1.340929964444206917e+02
2.550000000000000000e+02 1.727923428059669675e+02 1.334547198310431497e+02
2.550000000000000000e+02 1.733435767880375806e+02 1.332689708870234711e+02
2.550000000000000000e+02 1.743935531732876996e+02 1.335887636118982584e+02
2.550000000000000000e+02 1.752335053200021378e+02 1.338058856422320844e+02
2.550000000000000000e+02 1.757666406013295557e+02 1.336677025967313739e+02
2.550000000000000000e+02 1.762795373736833540e+02 1.337646567395605075e+02
2.550000000000000000e+02 1.764497094940205670e+02 1.336657075959293479e+02
2.550000000000000000e+02 1.771949141403339922e+02 1.337926825464720366e+02
2.550000000000000000e+02 1.748975754780873046e+02 1.328448600046338299e+02
2.550000000000000000e+02 1.749070982373594347e+02 1.326046434172770887e+02
2.550000000000000000e+02 1.752829269814111797e+02 1.326549740237751394e+02
2.550000000000000000e+02 1.752206107754549294e+02 1.323669643016271777e+02
2.550000000000000000e+02 1.753977124881926386e+02 1.323887823254736418e+02
2.550000000000000000e+02 1.728972802937140330e+02 1.316771184212871333e+02
2.550000000000000000e+02 1.694604720276604439e+02 1.305109875421055392e+02
2.550000000000000000e+02 1.630817270847814200e+02 1.288418001122814474e+02
2.550000000000000000e+02 1.596232311215669597e+02 1.279413195743998273e+02
2.550000000000000000e+02 1.593012016788750600e+02 1.275746415459195475e+02
2.550000000000000000e+02 1.609487225757008559e+02 1.284475897360494798e+02
2.549999988860967051e+02 1.653989099342351494e+02 1.303576888288866371e+02
2.550000000000000000e+02 1.701787926179400756e+02 1.326679420859398704e+02
2.550000000000000000e+02 1.744164238357482759e+02 1.340985737582205957e+02
2.550000000000000000e+02 1.756070995740433887e+02 1.346005687590226216e+02
2.549999944304835253e+02 1.759546273770696416e+02 1.347060119588657869e+02
2.550000000000000000e+02 1.754786163984387599e+02 1.344056757828512332e+02
2.550000000000000000e+02 1.734947379208326765e+02 1.338904119659947582e+02
2.550000000000000000e+02 1.740360592774777615e+02 1.337095864745406288e+02
2.550000000000000000e+02 1.745311235719759679e+02 1.335108538737100901e+02
2.550000000000000000e+02 1.756720501612931855e+02 1.337459242278422380e+02
2.550000000000000000e+02 1.764680343171327195e+02 1.339975193373612115e+02
2.550000000000000000e+02 1.766967531946746419e+02 1.338736844802081691e+02
2.550000000000000000e+02 1.772387896772353884e+02 1.339843563421198098e+02
2.550000000000000000e+02 1.749622542729330519e+02 1.330364090431125135e+02
2.550000000000000000e+02 1.747550214760555320e+02 1.326018675702650285e+02
2.550000000000000000e+02 1.746901555454561787e+02 1.323637952467518630e+02
2.550000000000000000e+02 1.747687659288171176e+02 1.323118450248623219e+02
2.550000000000000000e+02 1.747568906057851734e+02 1.322193476091179605e+02
2.550000000000000000e+02 1.726847018749220126e+02 1.315855176976955647e+02
2.550000000000000000e+02 1.724819603361314648e+02 1.313235031367516683e+02
2.550000000000000000e+02 1.727391895685184124e+02 1.312122386782868944e+02
2.550000000000000000e+02 1.724685077260332662e+02 1.312389901798285621e+02
2.550000000000000000e+02 1.684465159332727353e+02 1.303674466217540839e+02
2.550000000000000000e+02 1.628476703826480616e+02 1.286615616478639765e+02
2.550000000000000000e+02 1.615627818175337325e+02 1.283351579069311583e+02
2.550000000000000000e+02 1.622070445472205904e+02 1.284176702935357923e+02
2.550000000000000000e+02 1.644761591277691650e+02 1.297028596125398678e+02
2.550000000000000000e+02 1.686738379760822681e+02 1.313886932132099901e+02
2.550000000000000000e+02 1.732878805093656922e+02 1.332441230462136161e+02
2.550000000000000000e+02 1.744182428398296167e+02 1.335046026484164656e+02
2.550000000000000000e+02 1.750068872640752886e+02 1.339136546721559853e+02
2.550000000000000000e+02 1.740771868149494708e+02 1.333495328289579334e+02
2.550000000000000000e+02 1.739812296155697027e+02 1.332542239212960453e+02
2.550000000000000000e+02 1.740692814432622129e+02 1.330778540430233932e+02
2.550000000000000000e+02 1.748761751679766121e+02 1.332474124026448408e+02
2.550000000000000000e+02 1.757053269083391172e+02 1.334141748649949193e+02
2.550000000000000000e+02 1.764088303569837421e+02 1.336557236806929438e+02
2.549999977721934101e+02 1.751566214867490032e+02 1.332712410219394314e+02
2.550000000000000000e+02 1.752224966137339948e+02 1.330432584344757458e+02
2.550000000000000000e+02 1.751636201411538138e+02 1.327503542212479317e+02
2.550000000000000000e+02 1.754793192714181203e+02 1.328183658147534345e+02
2.550000000000000000e+02 1.753319209039547957e+02 1.324918685059437848e+02
2.550000000000000000e+02 1.754465159332727353e+02 1.324921280454116186e+02
2.550000000000000000e+02 1.731728265518900685e+02 1.315376766650626337e+02
2.550000000000000000e+02 1.732393967545313558e+02 1.315086305227325454e+02
2.550000000000000000e+02 1.734505460353954049e+02 1.315090616033078561e+02
2.550000000000000000e+02 1.732822876009196307e+02 1.312107605286139460e+02
2.550000000000000000e+02 1.704386150171986571e+02 1.305435859220445991e+02
2.550000000000000000e+02 1.648710868577233555e+02 1.292420400470512618e+02
2.550000000000000000e+02 1.625301433370760549e+02 1.286158370314922763e+02
2.550000000000000000e+02 1.627104007378495396e+02 1.283612432943021702e+02
2.550000000000000000e+02 1.654694589994475109e+02 1.297020776524265386e+02
2.550000000000000000e+02 1.701241177885900697e+02 1.315011027642624128e+02
2.550000000000000000e+02 1.744761023187010949e+02 1.332991955390400847e+02
2.550000000000000000e+02 1.756551878932078523e+02 1.337404070648202605e+02
2.550000000000000000e+02 1.756927999518793797e+02 1.337157329929244725e+02
2.550000000000000000e+02 1.742838804826320143e+02 1.330990906093496449e+02
2.550000000000000000e+02 1.715069206811741367e+02 1.322700368924771510e+02
2.550000000000000000e+02 1.716236699994653350e+02 1.320167063216239853e+02
2.550000000000000000e+02 1.722609162522946349e+02 1.320852358801618323e+02
2.550000000000000000e+02 1.729193400345755549e+02 1.322486777967883995e+02
2.550000000000000000e+02 1.734710997790015767e+02 1.323198138890374196e+02
2.550000000000000000e+02 1.738510443957297298e+02 1.323933292787253322e+02
2.550000000000000000e+02 1.738734215990304506e+02 1.321153034718138031e+02
2.550000000000000000e+02 1.740192226291682402e+02 1.320800395212889100e+02
2.550000000000000000e+02 1.740798835748275621e+02 1.321224291111942932e+02
2.550000000000000000e+02 1.739865485038050963e+02 1.317656380883637155e+02
2.550000000000000000e+02 1.739401533176495889e+02 1.318427625247286414e+02
2.550000000000000000e+02 1.740754235060329052e+02 1.318067366643497564e+02
2.550000000000000000e+02 1.743389674562013170e+02 1.318435600794881282e+02
2.550000000000000000e+02 1.743334402680496851e+02 1.318432637812115615e+02
2.550000000000000000e+02 1.740343149049172098e+02 1.318341576217719080e+02
2.550000000000000000e+02 1.700322073998823669e+02 1.308186855049991948e+02
2.550000000000000000e+02 1.620495842912901594e+02 1.287292658040599633e+02
2.550000000000000000e+02 1.607172902297314181e+02 1.283624663601204929e+02
2.550000000000000000e+02 1.610266724144076704e+02 1.284596165499295921e+02
2.550000000000000000e+02 1.651767675417490864e+02 1.298653012440072132e+02
2.549999988860967051e+02 1.698345508296351625e+02 1.321596958598442200e+02
2.550000000000000000e+02 1.715183270509187423e+02 1.330708520469086977e+02
2.550000000000000000e+02 1.752645241850683533e+02 1.341434328717318181e+02
2.550000000000000000e+02 1.758661155073161240e+02 1.342822185389153162e+02
2.550000000000000000e+02 1.760564994029478214e+02 1.342969888966119640e+02
2.550000000000000000e+02 1.737225834981910282e+02 1.336520310912687819e+02
2.550000000000000000e+02 1.739046264859470057e+02 1.334267597444260218e+02
2.550000000000000000e+02 1.742932539788625661e+02 1.331968656989074873e+02
2.550000000000000000e+02 1.753597673724357833e+02 1.335000746315207891e+02
2.550000000000000000e+02 1.759581372863533488e+02 1.333963902849810097e+02
2.550000000000000000e+02 1.765307871731807836e+02 1.334330677787877164e+02
2.550000000000000000e+02 1.769180211730738392e+02 1.336061605535653882e+02
2.549999955443868203e+02 1.745711706232511631e+02 1.326496618189595154e+02
2.550000000000000000e+02 1.744256046267087186e+02 1.322073219091411431e+02
2.550000000000000000e+02 1.747324036696430198e+02 1.322934901263611778e+02
2.550000000000000000e+02 1.744820227147160097e+02 1.319384434760911802e+02
2.550000000000000000e+02 1.745453514587677546e+02 1.319365843714911932e+02
2.550000000000000000e+02 1.748447352474647687e+02 1.319899748703416549e+02
2.549999966582901152e+02 1.726470775633142694e+02 1.313118494804755017e+02
2.550000000000000000e+02 1.727051464560052807e+02 1.312725097577928750e+02
2.550000000000000000e+02 1.720006349248783692e+02 1.308719389937443225e+02
2.550000000000000000e+02 1.676850004010051975e+02 1.297897251332228450e+02
2.550000000000000000e+02 1.618376430251831266e+02 1.283331194639006299e+02
2.550000000000000000e+02 1.599865874904204190e+02 1.275297233955336935e+02
2.550000000000000000e+02 1.605691522304799719e+02 1.278940611131904035e+02
2.549999977721934101e+02 1.648250247286531476e+02 1.293928725783742379e+02
2.550000000000000000e+02 1.694270070309576113e+02 1.316376294355629284e+02
2.550000000000000000e+02 1.705667862998805901e+02 1.323162404872658442e+02
2.550000000000000000e+02 1.750194977632821747e+02 1.339961102496925491e+02
2.550000000000000000e+02 1.757262415566130187e+02 1.341861956192411185e+02
2.550000000000000000e+02 1.757862664634907048e+02 1.341146106239640687e+02
2.550000000000000000e+02 1.757499064321231970e+02 1.340887257391862306e+02
2.550000000000000000e+02 1.733228659840667376e+02 1.330782784401789343e+02
2.550000000000000000e+02 1.735063269707177085e+02 1.327592687893207994e+02
2.550000000000000000e+02 1.746883588194407366e+02 1.331134677591830098e+02
2.550000000000000000e+02 1.757825627350335935e+02 1.334086142597444393e+02
2.550000000000000000e+02 1.759887584879431017e+02 1.332674247892495032e+02
2.550000000000000000e+02 1.765441116844000078e+02 1.333967634425849553e+02
2.550000000000000000e+02 1.769573519845301064e+02 1.334932943021618712e+02
2.550000000000000000e+02 1.744349658700030261e+02 1.324687538986615323e+02
2.550000000000000000e+02 1.743746034504268607e+02 1.320998636582366430e+02
2.550000000000000000e+02 1.745569215722967726e+02 1.320743775508385340e+02
2.550000000000000000e+02 1.745431626387923529e+02 1.318505320002138603e+02
2.550000000000000000e+02 1.747867844285230490e+02 1.319809310894865462e+02
2.550000000000000000e+02 1.750289247268709119e+02 1.320068315689105134e+02
2.550000000000000000e+02 1.751447584166533034e+02 1.320289403215170410e+02
2.550000000000000000e+02 1.730656668270687533e+02 1.314270025753444315e+02
2.550000000000000000e+02 1.703630834625461148e+02 1.306276310395836617e+02
2.550000000000000000e+02 1.645117683883156019e+02 1.291403874601222697e+02
2.550000000000000000e+02 1.620220920440571035e+02 1.284826676647240333e+02
2.550000000000000000e+02 1.619667488727298519e+02 1.281756892833591621e+02
2.550000000000000000e+02 1.634362791619882671e+02 1.289140991195708352e+02
2.550000000000000000e+02 1.684965157104920763e+02 1.311666532998271180e+02
2.550000000000000000e+02 1.726318995170115329e+02 1.329001987203479018e+02
2.550000000000000000e+02 1.739025557397208956e+02 1.331783793598174839e+02
2.549999977721934101e+02 1.754676834375946726e+02 1.339067150546258063e+02
2.550000000000000000e+02 1.751947838136484279e+02 1.336020246306296713e+02
2.550000000000000000e+02 1.748886052148496617e+02 1.335257322800263751e+02
2.550000000000000000e+02 1.747898710545545384e+02 1.332023305084745743e+02
2.550000000000000000e+02 1.731648109037765835e+02 1.327619900550713794e+02
2.550000000000000000e+02 1.737124993316580230e+02 1.324885947441586893e+02
2.550000000000000000e+02 1.744336057940793694e+02 1.326479787110802135e+02
2.550000000000000000e+02 1.751105749523249528e+02 1.328450360013545151e+02
2.550000000000000000e+02 1.753965885597675936e+02 1.326954365609795161e+02
2.550000000000000000e+02 1.755341166301306259e+02 1.327035647133258465e+02
2.550000000000000000e+02 1.755429610222958843e+02 1.324465315279188644e+02
2.550000000000000000e+02 1.759849311162202241e+02 1.325512094761981245e+02
2.550000000000000000e+02 1.737414207168190501e+02 1.316118938138266685e+02
2.550000000000000000e+02 1.739264478515033261e+02 1.315891880090537995e+02
2.550000000000000000e+02 1.741534657987132277e+02 1.317014995366162395e+02
2.549999933165802304e+02 1.740753522162220008e+02 1.313494515140173462e+02
2.550000000000000000e+02 1.739932787075157421e+02 1.313127461726282661e+02
2.549999955443868203e+02 1.709324551319752743e+02 1.303283185406975804e+02
2.550000000000000000e+02 1.658095949402056704e+02 1.290643423960505345e+02
2.550000000000000000e+02 1.635284769377461771e+02 1.285152415387905762e+02
2.550000000000000000e+02 1.638902226024345339e+02 1.285555492434368716e+02
2.550000000000000000e+02 1.662232484984583607e+02 1.293649693008251802e+02
2.550000000000000000e+02 1.709905563278618388e+02 1.312774610579407977e+02
2.550000000000000000e+02 1.730955962947120668e+02 1.323692455755761159e+02
2.550000000000000000e+02 1.769503265964461889e+02 1.337847782886881021e+02
2.550000000000000000e+02 1.766219969167156876e+02 1.336543736298989415e+02
2.550000000000000000e+02 1.729413953198239255e+02 1.322788901958687688e+02
2.550000000000000000e+02 1.725313797697339169e+02 1.317950807802669715e+02
2.550000000000000000e+02 1.728659706998877255e+02 1.318596448430733119e+02
2.550000000000000000e+02 1.734603405870715847e+02 1.317059217326988403e+02
2.550000000000000000e+02 1.742582228341264283e+02 1.318907517064998558e+02
2.550000000000000000e+02 1.751817667397387197e+02 1.323155041971876074e+02
2.550000000000000000e+02 1.752761744996346351e+02 1.321217752499599101e+02
2.550000000000000000e+02 1.753293789766347572e+02 1.321148612522055146e+02
2.550000000000000000e+02 1.754298909265893087e+02 1.321714631342565269e+02
2.550000000000000000e+02 1.734552712131743704e+02 1.315246484521199761e+02
2.550000000000000000e+02 1.732198956495392963e+02 1.311729557646723379e+02
2.550000000000000000e+02 1.733157726478818006e+02 1.311917461993619440e+02
2.550000000000000000e+02 1.730436449589192591e+02 1.308160477819957634e+02
2.550000000000000000e+02 1.729838038460852943e+02 1.307570588051827656e+02
2.550000000000000000e+02 1.728737858454080367e+02 1.307357787966279830e+02
2.550000000000000000e+02 1.694814657630683143e+02 1.299893911850148811e+02
2.550000000000000000e+02 1.637699967919585049e+02 1.285073796093318492e+02
2.550000000000000000e+02 1.623790323299292311e+02 1.281776965370974324e+02
2.550000000000000000e+02 1.628792428576520592e+02 1.282992768539806434e+02
2.550000000000000000e+02 1.646727797679516527e+02 1.291010377123099602e+02
2.550000000000000000e+02 1.695777181468213541e+02 1.313843010925163526e+02
2.550000000000000000e+02 1.732403246359764069e+02 1.325693293411039235e+02
2.550000000000000000e+02 1.745678667860771043e+02 1.330478443743427874e+02
2.550000000000000000e+02 1.748757730488869981e+02 1.331371627100821513e+02
2.550000000000000000e+02 1.744726469906788680e+02 1.330371509027072250e+02
2.550000000000000000e+02 1.732820057833858982e+02 1.323750122529362443e+02
2.550000000000000000e+02 1.734951801404409366e+02 1.323159352777629181e+02
2.550000000000000000e+02 1.721115752374841747e+02 1.319555563724179592e+02
2.550000000000000000e+02 1.728307936338198942e+02 1.320954080450551658e+02
2.550000000000000000e+02 1.760636851931062665e+02 1.331054788447486033e+02
2.550000000000000000e+02 1.763703661622912477e+02 1.330807368247518241e+02
2.550000000000000000e+02 1.741224257694844084e+02 1.321245900835872931e+02
2.550000000000000000e+02 1.743768980912153097e+02 1.321725948600046365e+02
2.550000000000000000e+02 1.743516681815751497e+02 1.318619372560551710e+02
2.550000000000000000e+02 1.745854397244648908e+02 1.318691442103762199e+02
2.550000000000000000e+02 1.743289478960594465e+02 1.316155630112816084e+02
2.550000000000000000e+02 1.742977263005934958e+02 1.314795999750485578e+02
2.550000000000000000e+02 1.745104005150688806e+02 1.315262658397048483e+02
2.550000000000000000e+02 1.747333371206045456e+02 1.315782595038229204e+02
2.550000000000000000e+02 1.722322755707640454e+02 1.309504145948065457e+02
2.550000000000000000e+02 1.687364749861876021e+02 1.300717543085779369e+02
2.550000000000000000e+02 1.627681577376178552e+02 1.285984322925020820e+02
2.550000000000000000e+02 1.598594064677680819e+02 1.275473776488620388e+02
2.550000000000000000e+02 1.599799798160723014e+02 1.275424241209075262e+02
2.550000000000000000e+02 1.642057490776880684e+02 1.290465867775223217e+02
2.550000000000000000e+02 1.686867347484360664e+02 1.311603953911137239e+02
2.550000000000000000e+02 1.702555817694131122e+02 1.320920006148746211e+02
2.550000000000000000e+02 1.745656200431303375e+02 1.335939187563492396e+02
2.550000000000000000e+02 1.756802117307383924e+02 1.341753005311090874e+02
2.550000000000000000e+02 1.762082965745245815e+02 1.342635428362651169e+02
2.550000000000000000e+02 1.757785805307526346e+02 1.340073105473275348e+02
2.550000000000000000e+02 1.734302139585449822e+02 1.332885533069560893e+02
2.550000000000000000e+02 1.738917018660108056e+02 1.330535286228590905e+02
2.550000000000000000e+02 1.744960723769805213e+02 1.328648077848473577e+02
2.550000000000000000e+02 1.751335748275677702e+02 1.330274298686485110e+02
2.550000000000000000e+02 1.759171857456022963e+02 1.332575845675381743e+02
2.550000000000000000e+02 1.761185081715945842e+02 1.330118920315813966e+02
2.550000000000000000e+02 1.765301099199771784e+02 1.330841152934466720e+02
2.550000000000000000e+02 1.743989500347537955e+02 1.321936019622520462e+02
2.550000000000000000e+02 1.745998714555597076e+02 1.321619225525316779e+02
2.550000000000000000e+02 1.744318491685825734e+02 1.318360958135058638e+02
2.550000000000000000e+02 1.742253916483986416e+02 1.315518934128214710e+02
2.550000000000000000e+02 1.744089250387638401e+02 1.315437463241191267e+02
2.550000000000000000e+02 1.750127731290880320e+02 1.317524383343135810e+02
2.550000000000000000e+02 1.751856743124988895e+02 1.318466199718405107e+02
2.550000000000000000e+02 1.739778366661319922e+02 1.315677219786487058e+02
2.550000000000000000e+02 1.660352405585556710e+02 1.295620277050027767e+02
2.550000000000000000e+02 1.612196684132670441e+02 1.279593414158156435e+02
2.550000000000000000e+02 1.607006396032722080e+02 1.277742608137731963e+02
2.550000000000000000e+02 1.614225113172574879e+02 1.279523015469888918e+02
2.550000000000000000e+02 1.663002292412981831e+02 1.302710639113154798e+02
2.550000000000000000e+02 1.701447962893653312e+02 1.318432916287939634e+02
2.550000000000000000e+02 1.722181613021083990e+02 1.330021899338786966e+02
2.550000000000000000e+02 1.759962684239605153e+02 1.340661714252615582e+02
2.550000000000000000e+02 1.760337835730453264e+02 1.340478031599208748e+02
2.550000000000000000e+02 1.758252775847012117e+02 1.339249284874084367e+02
2.550000000000000000e+02 1.728912874939849189e+02 1.327909203514587659e+02
2.550000000000000000e+02 1.728980923292163538e+02 1.324328761874209022e+02
2.550000000000000000e+02 1.738389719118144967e+02 1.326973836639398314e+02
2.550000000000000000e+02 1.742101322871553464e+02 1.324687761767274310e+02
2.550000000000000000e+02 1.746142552888128421e+02 1.325440236860396794e+02
2.550000000000000000e+02 1.752675417490954999e+02 1.326434061380527112e+02
2.550000000000000000e+02 1.755684504714038781e+02 1.327532659644620310e+02
2.550000000000000000e+02 1.758790635192215177e+02 1.327579209663333870e+02
2.550000000000000000e+02 1.734378842966368950e+02 1.318236579693097497e+02
2.550000000000000000e+02 1.735780266980341935e+02 1.318773403108235698e+02
2.550000000000000000e+02 1.736237747063750874e+02 1.315580377033987531e+02
2.550000000000000000e+02 1.739593971109804045e+02 1.315743920315813966e+02
2.550000000000000000e+02 1.742698731486927102e+02 1.316644009873638765e+02
2.550000000000000000e+02 1.742565842823789524e+02 1.314052257659199086e+02
2.550000000000000000e+02 1.738922543620452927e+02 1.312578530182323675e+02
2.550000000000000000e+02 1.699988404266695170e+02 1.303831448608957544e+02
2.550000000000000000e+02 1.650944311518651091e+02 1.291362671318326818e+02
2.550000000000000000e+02 1.642377938476893178e+02 1.288915737671318311e+02
2.550000000000000000e+02 1.646197379208326765e+02 1.288717017323424159e+02
2.550000000000000000e+02 1.664121910032258711e+02 1.297607124079915764e+02
2.550000000000000000e+02 1.716669930403322155e+02 1.320613860967046378e+02
2.550000000000000000e+02 1.732377905059794330e+02 1.327524984850915075e+02
2.550000000000000000e+02 1.772662295710135538e+02 1.343015926589317246e+02
2.550000000000000000e+02 1.744118991605624842e+02 1.333805049100857332e+02
2.550000000000000000e+02 1.733076266730827513e+02 1.327677500490117382e+02
2.550000000000000000e+02 1.730464776149993895e+02 1.323622335543317377e+02
2.550000000000000000e+02 1.733111310128499838e+02 1.322113341888110654e+02
2.550000000000000000e+02 1.742312741717015001e+02 1.324306795701224360e+02
2.550000000000000000e+02 1.752695033327986494e+02 1.327180922401040846e+02
2.550000000000000000e+02 1.760541991926428977e+02 1.328650105152471212e+02
2.550000000000000000e+02 1.766857110713076224e+02 1.330133590422213956e+02
2.550000000000000000e+02 1.771111196510363754e+02 1.332812939991801784e+02
2.550000000000000000e+02 1.748129422196082601e+02 1.322542495410718288e+02
2.550000000000000000e+02 1.746983304817408964e+02 1.319275249959899554e+02
2.550000000000000000e+02 1.750930855566843150e+02 1.320310489404551788e+02
2.550000000000000000e+02 1.750974587410219385e+02 1.318300740522910814e+02
2.550000000000000000e+02 1.752872567235203007e+02 1.318238540162897152e+02
2.550000000000000000e+02 1.755370673599600764e+02 1.318341397993191890e+02
2.550000000000000000e+02 1.732459420502949570e+02 1.311782791085209112e+02
2.550000000000000000e+02 1.699641245165659598e+02 1.302052467073018533e+02
2.550000000000000000e+02 1.646372718726051119e+02 1.288870190165570477e+02
2.550000000000000000e+02 1.621061483006291439e+02 1.279410165927034910e+02
2.550000000000000000e+02 1.625428886185816850e+02 1.279855827496480032e+02
2.549999944304835253e+02 1.644428990892726574e+02 1.287525742305155916e+02
2.550000000000000000e+02 1.692532815591081601e+02 1.308896010443957323e+02
2.550000000000000000e+02 1.731157222994528411e+02 1.324025423728813564e+02
2.550000000000000000e+02 1.747848284143363742e+02 1.329955098558163513e+02
2.550000000000000000e+02 1.750561195619241062e+02 1.330323733714733692e+02
2.550000000000000000e+02 1.746188234062271647e+02 1.329047735211819941e+02
2.550000000000000000e+02 1.736765102300878709e+02 1.324414231674062989e+02
2.550000000000000000e+02 1.737124681423657648e+02 1.323300851913240308e+02
2.550000000000000000e+02 1.724034045340319778e+02 1.318841819048637376e+02
2.550000000000000000e+02 1.730108371651606660e+02 1.319600899588301388e+02
2.550000000000000000e+02 1.759371023365235658e+02 1.328458435812436562e+02
2.550000000000000000e+02 1.763807811581029910e+02 1.329616427400238763e+02
2.550000000000000000e+02 1.742957736281167058e+02 1.321374189078401002e+02
2.550000000000000000e+02 1.742952478657612971e+02 1.317754916769145836e+02
2.550000000000000000e+02 1.746616295959649960e+02 1.318264527526778238e+02
2.550000000000000000e+02 1.744292560017109679e+02 1.314805924628847436e+02
2.550000000000000000e+02 1.748333444723662922e+02 1.316521580762444614e+02
2.550000000000000000e+02 1.752338628829599543e+02 1.316719142650911749e+02
2.550000000000000000e+02 1.753210748275677702e+02 1.317269121263968259e+02
2.550000000000000000e+02 1.755421578980199229e+02 1.318098132652515631e+02
2.550000000000000000e+02 1.717385680104796108e+02 1.304441544582865617e+02
2.550000000000000000e+02 1.663621767452636959e+02 1.291324130264306973e+02
2.550000000000000000e+02 1.620185008198328376e+02 1.279875911172895684e+02
2.549999988860967051e+02 1.609656316277246049e+02 1.274307987577750509e+02
2.550000000000000000e+02 1.620146199807517462e+02 1.278943228804648129e+02
2.550000000000000000e+02 1.666841204174018287e+02 1.298299893956406379e+02
2.550000000000000000e+02 1.704053260172164812e+02 1.314680888983941998e+02
2.550000000000000000e+02 1.722929766169420134e+02 1.325552618563866645e+02
2.550000000000000000e+02 1.735840874458642986e+02 1.327960097756153175e+02
2.550000000000000000e+02 1.737815969808765146e+02 1.328605348518063067e+02
2.550000000000000000e+02 1.736339346183321766e+02 1.328721495214671506e+02
2.550000000000000000e+02 1.732787799194425133e+02 1.324489475841665467e+02
2.550000000000000000e+02 1.734643684613876644e+02 1.324037264520843280e+02
2.550000000000000000e+02 1.744759552834661065e+02 1.326276020780979934e+02
2.550000000000000000e+02 1.749901007414140395e+02 1.326249231406726210e+02
2.550000000000000000e+02 1.756486448252508410e+02 1.326398483309272933e+02
2.550000000000000000e+02 1.762969421126735483e+02 1.327824647115436107e+02
2.550000000000000000e+02 1.769485822238856372e+02 1.330456510987542060e+02
2.550000000000000000e+02 1.747748266766472511e+02 1.321429059954730860e+02
2.550000000000000000e+02 1.748199720633053573e+02 1.318749030904133122e+02
2.550000000000000000e+02 1.751124663601204929e+02 1.317938209556399158e+02
2.550000000000000000e+02 1.750086104724732081e+02 1.315324546864139563e+02
2.550000000000000000e+02 1.752539064588568749e+02 1.316413554420859384e+02
2.550000000000000000e+02 1.753437249371758639e+02 1.316070550179115628e+02
2.550000000000000000e+02 1.732321541553048405e+02 1.309615023882086575e+02
2.550000000000000000e+02 1.730987720330071795e+02 1.306709741307098795e+02
2.550000000000000000e+02 1.725579831221372729e+02 1.304232052790104888e+02
2.550000000000000000e+02 1.682339497674169877e+02 1.295082072394802992e+02
2.550000000000000000e+02 1.624351674864994948e+02 1.277408804737207930e+02
2.550000000000000000e+02 1.612828935643123316e+02 1.274108041936231217e+02
2.550000000000000000e+02 1.617398412019462057e+02 1.273993800014257971e+02
2.549999944304835253e+02 1.660384084995277192e+02 1.292860860111568684e+02
2.550000000000000000e+02 1.672344254041241243e+02 1.301323294836835487e+02
2.550000000000000000e+02 1.714566825286495941e+02 1.319380558377444004e+02
2.550000000000000000e+02 1.729159103263291115e+02 1.325107291165410288e+02
2.549999966582901152e+02 1.737642323424049664e+02 1.327123935108449757e+02
2.550000000000000000e+02 1.737655099894847410e+02 1.326829129462296635e+02
2.550000000000000000e+02 1.735142423675346208e+02 1.326076943984031118e+02
2.549999977721934101e+02 1.734577518758131589e+02 1.323609469960256035e+02
2.550000000000000000e+02 1.743302723270776653e+02 1.325207564740059638e+02
2.550000000000000000e+02 1.748533189862588983e+02 1.323685014881748145e+02
2.549999955443868203e+02 1.757684596054108965e+02 1.327325206294890165e+02
2.550000000000000000e+02 1.765605439858133252e+02 1.328428705733483071e+02
2.550000000000000000e+02 1.771883499082143771e+02 1.329972787342494200e+02
2.550000000000000000e+02 1.751672380990571867e+02 1.321722874226951205e+02
2.550000000000000000e+02 1.754786810048298946e+02 1.322364983781567958e+02
2.550000000000000000e+02 1.754400853695485694e+02 1.319300123420485136e+02
2.550000000000000000e+02 1.753809270794346844e+02 1.316382988914434407e+02
2.550000000000000000e+02 1.754702587820135875e+02 1.315997433566807331e+02
2.550000000000000000e+02 1.734897843928781356e+02 1.310838602095920464e+02
2.550000000000000000e+02 1.733577411823415275e+02 1.308288676950221827e+02
2.550000000000000000e+02 1.733869544101659130e+02 1.306707970200858995e+02
2.550000000000000000e+02 1.735043820955639831e+02 1.306758296351743809e+02
2.550000000000000000e+02 1.731743214101124693e+02 1.303588896166390327e+02
2.549999977721934101e+02 1.705375519078935724e+02 1.296299267942754341e+02
2.550000000000000000e+02 1.644628580085191345e+02 1.282681343456486616e+02
2.550000000000000000e+02 1.618107923862482096e+02 1.276211826534067626e+02
2.550000000000000000e+02 1.619136869753515384e+02 1.275693505052665415e+02
2.550000000000000000e+02 1.634242579176246295e+02 1.282634269903224151e+02
2.550000000000000000e+02 1.677424811527562554e+02 1.299316308435366807e+02
2.550000000000000000e+02 1.715258960238107875e+02 1.316690649004615921e+02
2.550000000000000000e+02 1.733523487764886113e+02 1.323938750913400781e+02
2.550000000000000000e+02 1.750030387281897788e+02 1.330883191644834085e+02
2.550000000000000000e+02 1.746232255520504850e+02 1.327567725320358534e+02
2.549999944304835253e+02 1.744292994439394704e+02 1.326432123188793355e+02
2.550000000000000000e+02 1.747439147462973779e+02 1.326898848669553956e+02
2.550000000000000000e+02 1.753373522964230347e+02 1.326425773940009663e+02
2.550000000000000000e+02 1.765967024006843928e+02 1.330124545527455382e+02
2.550000000000000000e+02 1.775548931543958986e+02 1.332266514730257256e+02
2.550000000000000000e+02 1.760210171273770641e+02 1.327885544208594126e+02
2.550000000000000000e+02 1.759619691136894346e+02 1.324358291450569425e+02
2.550000000000000000e+02 1.756405835071022352e+02 1.320190421768343754e+02
2.550000000000000000e+02 1.753895041348090444e+02 1.317181913774973623e+02
2.550000000000000000e+02 1.756863950079309973e+02 1.317597043255092899e+02
2.550000000000000000e+02 1.729727572671050950e+02 1.307485229642303466e+02
2.550000000000000000e+02 1.730471704628490954e+02 1.307247890267158539e+02
2.550000000000000000e+02 1.732442890178046184e+02 1.306988072323513279e+02
2.549999977721934101e+02 1.732271527295086457e+02 1.304609688285301843e+02
2.550000000000000000e+02 1.735154231050277076e+02 1.304262774242991441e+02
2.550000000000000000e+02 1.736622845711026741e+02 1.305187603593006429e+02
2.549999988860967051e+02 1.732086552513856930e+02 1.303543727387763056e+02
2.550000000000000000e+02 1.691464949918907905e+02 1.295156224937175864e+02
2.550000000000000000e+02 1.637583420217790433e+02 1.279123536331069886e+02
2.550000000000000000e+02 1.626933491062039820e+02 1.275573860699709456e+02
2.550000000000000000e+02 1.631618479210108887e+02 1.275703318540697637e+02
2.550000000000000000e+02 1.654137170507405301e+02 1.287850534228020365e+02
2.550000000000000000e+02 1.702839250387638401e+02 1.310160201571940206e+02
2.550000000000000000e+02 1.744245285961254126e+02 1.323998957386515656e+02
2.550000000000000000e+02 1.755297479014061821e+02 1.329732897128802733e+02
2.550000000000000000e+02 1.753477940259138563e+02 1.328550544475930906e+02
2.550000000000000000e+02 1.744506852733073003e+02 1.324103062788501006e+02
2.550000000000000000e+02 1.743817535956798395e+02 1.323520625033416991e+02
2.550000000000000000e+02 1.722793313015737340e+02 1.314990609795219996e+02
2.550000000000000000e+02 1.734600153273093497e+02 1.317871319663512111e+02
2.550000000000000000e+02 1.744772251332228450e+02 1.320039688374414197e+02
2.550000000000000000e+02 1.752603125167085523e+02 1.321758708495963219e+02
2.550000000000000000e+02 1.758141741966529423e+02 1.323722185834714651e+02
2.550000000000000000e+02 1.757883706268156629e+02 1.320567511450925906e+02
2.550000000000000000e+02 1.755054235951451744e+02 1.317128000855477694e+02
2.550000000000000000e+02 1.756750020050259309e+02 1.317193442674080757e+02
2.550000000000000000e+02 1.730375095795683364e+02 1.307324426562583426e+02
2.550000000000000000e+02 1.730747974923808954e+02 1.306973814361332416e+02
2.550000000000000000e+02 1.732089392967260153e+02 1.306516746422142603e+02
2.550000000000000000e+02 1.730364647382772887e+02 1.302499732663209215e+02
2.550000000000000000e+02 1.730405249157889216e+02 1.301311231264146500e+02
2.549999955443868203e+02 1.720515235969274102e+02 1.300079042577839630e+02
2.550000000000000000e+02 1.672355437630326662e+02 1.288895397797144824e+02
2.550000000000000000e+02 1.632523960059883450e+02 1.278511802919317688e+02
2.550000000000000000e+02 1.629629861073981090e+02 1.277261491026395106e+02
2.550000000000000000e+02 1.638107522857295635e+02 1.279397757044324493e+02
2.550000000000000000e+02 1.687256901744817981e+02 1.298990235523712897e+02
2.549999977721934101e+02 1.705866861822524072e+02 1.308620564437077860e+02
2.550000000000000000e+02 1.748098667326097484e+02 1.323956851841950595e+02
2.550000000000000000e+02 1.755446563831114304e+02 1.327309010140975545e+02
2.550000000000000000e+02 1.753578960148995805e+02 1.327091409132224840e+02
2.550000000000000000e+02 1.740709779179810823e+02 1.321163126681993845e+02
2.550000000000000000e+02 1.715427582918961207e+02 1.313742057869503981e+02
2.550000000000000000e+02 1.718422300789534631e+02 1.310960028694148889e+02
2.550000000000000000e+02 1.728075464720454875e+02 1.313416152043344312e+02
2.550000000000000000e+02 1.736979461851040014e+02 1.314840901192322065e+02
2.550000000000000000e+02 1.743024247446933543e+02 1.315779309023507722e+02
2.550000000000000000e+02 1.749698343848580464e+02 1.317874750485661934e+02
2.550000000000000000e+02 1.749375735176174942e+02 1.314955232226558905e+02
2.550000000000000000e+02 1.749594193890463316e+02 1.314973878967723522e+02
2.550000000000000000e+02 1.748994735693026144e+02 1.311892454864638466e+02
2.550000000000000000e+02 1.749087679783991973e+02 1.311654090698461914e+02
2.550000000000000000e+02 1.749457105811901840e+02 1.311199952324938920e+02
2.550000000000000000e+02 1.729633013420306895e+02 1.305243332174873956e+02
2.550000000000000000e+02 1.726603318986258842e+02 1.302199446612842735e+02
2.550000000000000000e+02 1.727755997255342209e+02 1.301349950542693819e+02
2.550000000000000000e+02 1.720777337414675117e+02 1.300014658967367041e+02
2.550000000000000000e+02 1.673190163342779329e+02 1.289181437024363390e+02
2.550000000000000000e+02 1.620391481313158408e+02 1.272878314976207008e+02
2.550000000000000000e+02 1.612565452957636012e+02 1.270133222834126485e+02
2.550000000000000000e+02 1.622401664617084691e+02 1.276053596570960025e+02
2.550000000000000000e+02 1.669855203710634726e+02 1.292746885526386222e+02
2.550000000000000000e+02 1.714043669464791719e+02 1.313894105669322130e+02
2.550000000000000000e+02 1.736220002584255724e+02 1.325035210483166566e+02
2.550000000000000000e+02 1.754371279562993493e+02 1.330250605963392729e+02
2.550000000000000000e+02 1.760825424619936257e+02 1.331908439376927049e+02
2.550000000000000000e+02 1.757980593576787953e+02 1.329402892138515995e+02
2.550000000000000000e+02 1.755253903117146876e+02 1.327703465575932569e+02
2.550000000000000000e+02 1.753761863070095615e+02 1.324937576859327351e+02
2.550000000000000000e+02 1.732758124810636389e+02 1.315774430127074197e+02
2.550000000000000000e+02 1.736458544974959466e+02 1.314790976046623427e+02
2.550000000000000000e+02 1.744913037569730250e+02 1.316607462706517708e+02
2.550000000000000000e+02 1.748492498975209060e+02 1.317417114455791420e+02
2.550000000000000000e+02 1.747700391202837409e+02 1.314524352153843552e+02
2.550000000000000000e+02 1.749955299060756602e+02 1.314499278190664597e+02
2.550000000000000000e+02 1.747698820599190981e+02 1.311969893421732820e+02
2.550000000000000000e+02 1.749500057922971337e+02 1.311746867703933503e+02
2.550000000000000000e+02 1.749187697160883204e+02 1.311259423621878852e+02
2.550000000000000000e+02 1.727832555828833279e+02 1.304978601917696039e+02
2.550000000000000000e+02 1.726383735229642298e+02 1.302821283127483980e+02
2.550000000000000000e+02 1.726848968079987117e+02 1.301896743392325675e+02
2.550000000000000000e+02 1.729870798356769797e+02 1.301522716943805733e+02
2.550000000000000000e+02 1.727202977686289103e+02 1.301839577875207112e+02
2.550000000000000000e+02 1.680728570728403781e+02 1.287321129408829279e+02
2.550000000000000000e+02 1.627420333636314922e+02 1.275040523801885683e+02
2.550000000000000000e+02 1.616501296583435874e+02 1.271730560159689247e+02
2.550000000000000000e+02 1.619992380901459796e+02 1.272717745816179189e+02
2.550000000000000000e+02 1.642686500828744158e+02 1.284259120640182630e+02
2.550000000000000000e+02 1.684276764868381235e+02 1.301549484039993558e+02
2.550000000000000000e+02 1.723057196706410821e+02 1.318447942843394003e+02
2.550000000000000000e+02 1.740071646259958413e+02 1.325296431944964297e+02
2.550000000000000000e+02 1.748983618938138136e+02 1.327220154075103835e+02
2.549999988860967051e+02 1.744886983371651468e+02 1.323807288046481005e+02
2.550000000000000000e+02 1.744084015042150213e+02 1.323202828423247581e+02
2.550000000000000000e+02 1.747267907109376495e+02 1.323361559642838188e+02
2.550000000000000000e+02 1.749857854800477526e+02 1.321764712434725197e+02
2.550000000000000000e+02 1.759865173145128097e+02 1.324083079363381898e+02
2.550000000000000000e+02 1.765587706517671052e+02 1.324892953893314882e+02
2.550000000000000000e+02 1.751766160509009183e+02 1.321040964907590478e+02
2.550000000000000000e+02 1.753442963695663934e+02 1.317942420110855721e+02
2.550000000000000000e+02 1.752717088613235035e+02 1.314777520094815486e+02
2.550000000000000000e+02 1.755553799301359845e+02 1.315059560409203527e+02
2.550000000000000000e+02 1.754989417918693846e+02 1.312392519471029573e+02
2.550000000000000000e+02 1.757029632055463537e+02 1.313530594467910646e+02
2.550000000000000000e+02 1.738415684203960154e+02 1.308061117646010416e+02
2.550000000000000000e+02 1.737527513411395717e+02 1.304924254575914802e+02
2.550000000000000000e+02 1.737497816749541073e+02 1.303747003600135486e+02
2.550000000000000000e+02 1.735056641982569658e+02 1.299948303748061846e+02
2.550000000000000000e+02 1.736709897253560086e+02 1.300464196920280244e+02
2.550000000000000000e+02 1.728010078597016559e+02 1.299096802651980909e+02
2.550000000000000000e+02 1.679793125879983506e+02 1.288343959970771095e+02
2.550000000000000000e+02 1.636804389670106445e+02 1.275472317275303453e+02
2.550000000000000000e+02 1.637088746903348806e+02 1.275052063840025625e+02
2.549999977721934101e+02 1.660205013901513098e+02 1.285242485608369520e+02
2.550000000000000000e+02 1.678975387192785433e+02 1.293292352831096537e+02
2.550000000000000000e+02 1.724671966618546151e+02 1.314292326097417458e+02
2.549999988860967051e+02 1.766227844463455199e+02 1.328737479726960089e+02
2.550000000000000000e+02 1.769614934769822980e+02 1.328995838457288414e+02
2.550000000000000000e+02 1.739351062218182449e+02 1.316381830455007105e+02
2.550000000000000000e+02 1.735865424887273036e+02 1.315579329964889723e+02
2.550000000000000000e+02 1.729731337664189255e+02 1.311351788483131031e+02
2.550000000000000000e+02 1.729766904596410484e+02 1.308441671567841240e+02
2.550000000000000000e+02 1.735773316223778693e+02 1.309350850576556411e+02
2.550000000000000000e+02 1.740857984013260022e+02 1.309434125986918218e+02
2.550000000000000000e+02 1.747997491489778952e+02 1.311269883173822279e+02
2.550000000000000000e+02 1.753557951932845071e+02 1.312945126895863268e+02
2.550000000000000000e+02 1.756912894990108498e+02 1.313804013170792473e+02
2.550000000000000000e+02 1.759908659929779446e+02 1.315255239801101368e+02
2.550000000000000000e+02 1.739630774474683221e+02 1.308274630629667286e+02
2.550000000000000000e+02 1.738941324030012936e+02 1.306044139531982466e+02
2.550000000000000000e+02 1.740922178260172188e+02 1.305596417241440861e+02
2.550000000000000000e+02 1.737543642731112641e+02 1.302081005275445875e+02
2.550000000000000000e+02 1.738980555704075925e+02 1.301681147409506423e+02
2.550000000000000000e+02 1.738478920494038391e+02 1.301805893439555177e+02
2.550000000000000000e+02 1.705440615587517073e+02 1.291366347199201527e+02
2.550000000000000000e+02 1.655273730595804693e+02 1.280231703024470278e+02
2.550000000000000000e+02 1.637014048548361131e+02 1.275369381471778212e+02
2.550000000000000000e+02 1.639103597462082860e+02 1.275517096187777355e+02
2.550000000000000000e+02 1.660069630094993727e+02 1.283792183517795706e+02
2.550000000000000000e+02 1.708842632198042963e+02 1.306445935589655960e+02
2.550000000000000000e+02 1.726052226469906827e+02 1.314931472669268828e+02
2.550000000000000000e+02 1.760981103744497318e+02 1.325319021903794408e+02
2.550000000000000000e+02 1.757402923327808253e+02 1.323312681566237075e+02
2.550000000000000000e+02 1.745353151900764601e+02 1.319942734231584893e+02
2.550000000000000000e+02 1.714524797715161526e+02 1.308519098985902360e+02
2.550000000000000000e+02 1.714103118483665753e+02 1.305085648024381157e+02
2.550000000000000000e+02 1.721495615676629427e+02 1.305782071503680299e+02
2.550000000000000000e+02 1.735758401058653817e+02 1.313029538487586763e+02
2.550000000000000000e+02 1.740956330535208281e+02 1.313593218111176384e+02
2.550000000000000000e+02 1.744195004366500825e+02 1.313565270277495642e+02
2.550000000000000000e+02 1.744012446755422445e+02 1.311500583685326831e+02
2.550000000000000000e+02 1.746627479548735380e+02 1.311326001621843318e+02
2.550000000000000000e+02 1.747468198060917075e+02 1.311669685344596985e+02
2.550000000000000000e+02 1.746523329590618232e+02 1.309166688944732471e+02
2.550000000000000000e+02 1.746373142009303194e+02 1.308497088256785901e+02
2.550000000000000000e+02 1.747646043861056171e+02 1.308205446095991817e+02
2.550000000000000000e+02 1.750713844926838760e+02 1.309861207649396704e+02
2.550000000000000000e+02 1.723413445258336480e+02 1.301396055000089120e+02
2.550000000000000000e+02 1.693080733483041911e+02 1.294778934752000623e+02
2.550000000000000000e+02 1.633938773191466680e+02 1.276917773886542307e+02
2.550000000000000000e+02 1.611988807499688221e+02 1.271214956602327675e+02
2.550000000000000000e+02 1.612734019943324597e+02 1.271208050401896372e+02
2.550000000000000000e+02 1.654158947316829824e+02 1.286067097078899906e+02
2.550000000000000000e+02 1.668275688837797759e+02 1.295615141955835838e+02
2.550000000000000000e+02 1.714519684899035781e+02 1.318187790728759978e+02
2.550000000000000000e+02 1.728614070380865826e+02 1.323894996791958647e+02
2.550000000000000000e+02 1.759987591117289583e+02 1.332440651232422510e+02
2.550000000000000000e+02 1.735918691742857618e+02 1.325445661569445122e+02
2.550000000000000000e+02 1.732326676647240333e+02 1.321417564472722859e+02
