2.550000000000000000e+02 1.214784961685823816e+02 1.409664968652037658e+02
2.549999869383489965e+02 1.217007075060954406e+02 1.409853557122953589e+02
2.550000000000000000e+02 1.633460151079763136e+02 1.494753472222222115e+02
2.550000000000000000e+02 1.635964265499825956e+02 1.492232508272379050e+02
2.550000000000000000e+02 1.639421009665621796e+02 1.488972341954022909e+02
2.549999945576454081e+02 1.641363919366074526e+02 1.485852163880181251e+02
2.549999880268199206e+02 1.643462240943921984e+02 1.483519189742250148e+02
2.549999640804597618e+02 1.644074266370602686e+02 1.482725128439568039e+02
2.549999412225705271e+02 1.648577880094044019e+02 1.484348996429815486e+02
2.549999597265760940e+02 1.649255104928596438e+02 1.483253058603274042e+02
2.549998944183211336e+02 1.648982638888888914e+02 1.483304390891675268e+02
2.549998519679554079e+02 1.647279443138279476e+02 1.482685007401602206e+02
2.549999150992685486e+02 1.647077227011494358e+02 1.482369285527690579e+02
2.549999205416231405e+02 1.647725454980842983e+02 1.482206950975269990e+02
2.549999423110414511e+02 1.643589439655172555e+02 1.480361383228839998e+02
2.549998323754789169e+02 1.636689807558342125e+02 1.476959225879484450e+02
2.549998116945315303e+02 1.629952477359804845e+02 1.474922696795541697e+02
2.549998867990247220e+02 1.630138366422849288e+02 1.473838427377220341e+02
2.549999161877394727e+02 1.626282675896900116e+02 1.472419518460466747e+02
2.549998770027864907e+02 1.631377590560780106e+02 1.477040121037966003e+02
2.549999183646812924e+02 1.633294072187391066e+02 1.477270082288401341e+02
2.549998606757227435e+02 1.635466954022988375e+02 1.481243948101706849e+02
2.549998911529083898e+02 1.638791742859630745e+02 1.482614583333333371e+02
2.549999575496342743e+02 1.639354144897248204e+02 1.481703195750609439e+02
2.549999325148031915e+02 1.640068541013584138e+02 1.482969359543712926e+02
2.549998149599442741e+02 1.637797664141414202e+02 1.481590811128526752e+02
2.549998574103099998e+02 1.638214929467084744e+02 1.481514041274817259e+02
2.549998682950191551e+02 1.642343760884709241e+02 1.483442419888540655e+02
2.549999814959944331e+02 1.638827934517589711e+02 1.481042232671543104e+02
2.549998138714733500e+02 1.642740269070010584e+02 1.482577259665621625e+02
2.549998574103099998e+02 1.644586947056774591e+02 1.483619688261929639e+02
2.549998976837338773e+02 1.644066070184604769e+02 1.483411986241727618e+02
2.549998672065482310e+02 1.647550668321142382e+02 1.483844424851967858e+02
2.549998780912574148e+02 1.649000566004876305e+02 1.485011711947056767e+02
2.549998955067920576e+02 1.652742304510623512e+02 1.486306306600487517e+02
2.549998204022988375e+02 1.654097668495297739e+02 1.487534798415186401e+02
2.549998574103099998e+02 1.651807928422152543e+02 1.483839102229188427e+02
2.549998682950191551e+02 1.651612351967955306e+02 1.483808799198885424e+02
2.549998247561825053e+02 1.646907479972135206e+02 1.481807645419714277e+02
2.549998878874956461e+02 1.637272759926854633e+02 1.476248770027864907e+02
2.549999020376175451e+02 1.639053563653779122e+02 1.476200071839080579e+02
2.549998584987809238e+02 1.641716148554510539e+02 1.477496364507140356e+02
2.549998726489028229e+02 1.643452912748171286e+02 1.477071164228491682e+02
2.549999009491466495e+02 1.650473854928596324e+02 1.482351510797631420e+02
2.549998911529083898e+02 1.652544823232323097e+02 1.482560279519331345e+02
2.549999194531522164e+02 1.654016327063740732e+02 1.483921064089167601e+02
2.549999640804597618e+02 1.657719294235457994e+02 1.485498987722048128e+02
2.549999161877394727e+02 1.656267295802856268e+02 1.482599497126436745e+02
2.549998878874956461e+02 1.658751948362939856e+02 1.482170313044235570e+02
2.549999499303378627e+02 1.659220981365377838e+02 1.483039816266109483e+02
2.549999161877394727e+02 1.659820554684778813e+02 1.483565896029258226e+02
2.549998519679554079e+02 1.660828141327063747e+02 1.483962284482758491e+02
2.549998944183211336e+02 1.656413640717520082e+02 1.479589929467084630e+02
2.549999194531522164e+02 1.657584791884360982e+02 1.479468499651689228e+02
2.549999499303378627e+02 1.656001970132357997e+02 1.479354895942180406e+02
2.549999444879832708e+02 1.655659591605712251e+02 1.479480080982236245e+02
2.549998661180773354e+02 1.658963917189132644e+02 1.479292200017415553e+02
2.549999346917450396e+02 1.655450104493207846e+02 1.478405825496342629e+02
2.549999172762103683e+02 1.654891697143852412e+02 1.478013867119470603e+02
2.549999368686868593e+02 1.648583409526297316e+02 1.475253602838732263e+02
2.549996571316614506e+02 1.643063653779171034e+02 1.472408220132357997e+02
2.549998737373737470e+02 1.640248476140717457e+02 1.471821142459073428e+02
2.549999553726924546e+02 1.637387865726227858e+02 1.470148663357715009e+02
2.549999379571577833e+02 1.638293310257749908e+02 1.470621288314176240e+02
2.549999651689306859e+02 1.640616607889237173e+02 1.473099932514803072e+02
2.549998726489028229e+02 1.638071860849878192e+02 1.472017219609892038e+02
2.549999444879832708e+02 1.636500272117729082e+02 1.471501752438174719e+02
2.549998682950191551e+02 1.643573134360849792e+02 1.476844424851967972e+02
2.549999346917450396e+02 1.652173915882967492e+02 1.480846111981887816e+02
2.549999651689306859e+02 1.651238908481365399e+02 1.480081689742250148e+02
2.549999205416231405e+02 1.647524142284918014e+02 1.478312500000000114e+02
2.549999107453848808e+02 1.644257858760013846e+02 1.476132031522117813e+02
2.549998835336119782e+02 1.635436182950191437e+02 1.470584606844305142e+02
2.549999248955067799e+02 1.631973441309648081e+02 1.468624346917450225e+02
2.549998693834900791e+02 1.638774305555555486e+02 1.470607290578195716e+02
2.549998693834900791e+02 1.646594272466039683e+02 1.476338525339602938e+02
2.549999205416231405e+02 1.648369318181818244e+02 1.477102250957854324e+02
2.549999575496342743e+02 1.660252264019505333e+02 1.484933908045977091e+02
2.549999401340996030e+02 1.650721939219783962e+02 1.478620058342040977e+02
2.549998780912574148e+02 1.638626676245210660e+02 1.472773576280041823e+02
2.549999314263322958e+02 1.626613418669453210e+02 1.468069444444444400e+02
2.549999020376175451e+02 1.596933091692789901e+02 1.452988342476488981e+02
2.549998911529083898e+02 1.568510318704284145e+02 1.441258969000348316e+02
2.549999303378613718e+02 1.568004255921281924e+02 1.442062467345872392e+02
2.549998791797283104e+02 1.567438740856844390e+02 1.444141631835597366e+02
2.549998944183211336e+02 1.571034635144548872e+02 1.448537813479623821e+02
2.549998976837338773e+02 1.621312772117728969e+02 1.466669181034482676e+02
2.549999760536398412e+02 1.624445064872866737e+02 1.469979983019853762e+02
2.549997278822709745e+02 1.630572165621734655e+02 1.474346111981887759e+02
2.549998672065482310e+02 1.629124847614071712e+02 1.473751545628700796e+02
2.549997159090908951e+02 1.631593009839777153e+02 1.477280139759665758e+02
2.549998976837338773e+02 1.627728317659352228e+02 1.476448580633925474e+02
2.549999619035179421e+02 1.629821371037965889e+02 1.476476238679902337e+02
2.549998552333681516e+02 1.626271127220480537e+02 1.475754887234413104e+02
2.549997757749912921e+02 1.624464374346917452e+02 1.475491063653779236e+02
2.549998160484151981e+02 1.622948177899686470e+02 1.473842160832462582e+02
2.549998693834900791e+02 1.619771388453500549e+02 1.472005279083942924e+02
2.549999357802159636e+02 1.620203892371995948e+02 1.472787661093695704e+02
2.549998955067920576e+02 1.654231027951933015e+02 1.481023130006966255e+02
2.549999510188087868e+02 1.652095741901776478e+02 1.478831156391501338e+02
2.549998541448972560e+02 1.649328990334378204e+02 1.477703511407175085e+02
2.549998595872518194e+02 1.644153757401602149e+02 1.475467498258446426e+02
2.549998900644374658e+02 1.641717726837338773e+02 1.475802409874608259e+02
2.549999575496342743e+02 1.641431654911180829e+02 1.475172206983629337e+02
2.549998878874956461e+02 1.643760884709160450e+02 1.475881443747823027e+02
2.549999009491466495e+02 1.649999129223267289e+02 1.481255747126436688e+02
2.549998182253570178e+02 1.662674057384186597e+02 1.486308026384535026e+02
2.549998878874956461e+02 1.675902908394287749e+02 1.493409439219784076e+02
2.549999238070358842e+02 1.674592530912574091e+02 1.492798382532218682e+02
2.549999096569139567e+02 1.660891925722744702e+02 1.485601695837687259e+02
2.549999444879832708e+02 1.643847516109369451e+02 1.477099780128874897e+02
2.549999194531522164e+02 1.636613483977708086e+02 1.472842803030303003e+02
2.549997855712295234e+02 1.636621223005921308e+02 1.472757368948101657e+02
2.549999292493904477e+02 1.633692789968652050e+02 1.471236241727621064e+02
2.549999586381051984e+02 1.638824016022291801e+02 1.472814524555903972e+02
2.549998552333681516e+02 1.641454610762800428e+02 1.476445293451758971e+02
2.549998454371299204e+02 1.634893710815047143e+02 1.472798621995820270e+02
2.549998661180773354e+02 1.640547500870776787e+02 1.477964428770463314e+02
2.549998922413793139e+02 1.640839363462208382e+02 1.476349072622779488e+02
2.549999542842215305e+02 1.640197546586555291e+02 1.477971449407871773e+02
2.549998040752351187e+02 1.637441712382445189e+02 1.475993436520376179e+02
2.549999009491466495e+02 1.636102882270985788e+02 1.476392110762800485e+02
2.549998661180773354e+02 1.635869524991292110e+02 1.476077553552769075e+02
2.549999357802159636e+02 1.633482236154650025e+02 1.475798981191222481e+02
2.549999771421107653e+02 1.629471035788923814e+02 1.473711413706025724e+02
2.549999303378613718e+02 1.630071762887495765e+02 1.475435660484151867e+02
2.549998987722048014e+02 1.626019287704632461e+02 1.474969740508533675e+02
2.549999031260884692e+02 1.628934125740160255e+02 1.474843739115290759e+02
2.549997365900383102e+02 1.634956733281086656e+02 1.478432395071403676e+02
2.549998487025426641e+02 1.635538194444444571e+02 1.478978372082897863e+02
2.549999673458725056e+02 1.643039097875304719e+02 1.484948493556252060e+02
2.549999248955067799e+02 1.645829088296760574e+02 1.485765608672936366e+02
2.549998998606757254e+02 1.650337055903866315e+02 1.486058842737722046e+02
2.549998846220829023e+02 1.658728056426332387e+02 1.488974791013584138e+02
2.549998149599442741e+02 1.658114844566353270e+02 1.488959802769070109e+02
2.549998693834900791e+02 1.655929336468129520e+02 1.487770637408568462e+02
2.549998944183211336e+02 1.652150339602925726e+02 1.483415708812260618e+02
2.549999259839777039e+02 1.652392916231278264e+02 1.482057971960989278e+02
2.549999161877394727e+02 1.656372257053291435e+02 1.483177943225356898e+02
2.549998998606757254e+02 1.658634295541623089e+02 1.483418517067223945e+02
2.549999390456287074e+02 1.657126850400557316e+02 1.482674133577150712e+02
2.549999325148031915e+02 1.652383348571926263e+02 1.480101173371647576e+02
2.549999129223267289e+02 1.649719294235458165e+02 1.479663782218739243e+02
2.549998682950191551e+02 1.645081287008011088e+02 1.476009317311041400e+02
2.549997833942877037e+02 1.643628461337513045e+02 1.474540556426332216e+02
2.549998301985370972e+02 1.644611568268895780e+02 1.476010601706722412e+02
2.549999259839777039e+02 1.646300494165795953e+02 1.476737580546847823e+02
2.549999292493904477e+02 1.649756607018460386e+02 1.478890880790665392e+02
2.549999063915012130e+02 1.651016348833159100e+02 1.479072513932427739e+02
2.549998911529083898e+02 1.650154845872518194e+02 1.478731038836642426e+02
2.549999172762103683e+02 1.655355244252873490e+02 1.481249967345872562e+02
2.549999314263322958e+02 1.659130736241727675e+02 1.483436030564263319e+02
2.549999042145593933e+02 1.665139204545454561e+02 1.486281707157784808e+02
2.549999695228143537e+02 1.667821392807384200e+02 1.487159689568094620e+02
2.549998748258446426e+02 1.666103905433646730e+02 1.485386777255311870e+02
2.549999248955067799e+02 1.664303726924416651e+02 1.483192572274468830e+02
2.549999564611633502e+02 1.663030324799721313e+02 1.481667559212817764e+02
2.549999074799721370e+02 1.659112362852664546e+02 1.480075746691048550e+02
2.549998541448972560e+02 1.659277451236502827e+02 1.480217411180773297e+02
2.549998933298502379e+02 1.661179641239986040e+02 1.480549198885405815e+02
2.549999521072796824e+02 1.657098256269592582e+02 1.478834410919540119e+02
2.549999074799721370e+02 1.653633762190874279e+02 1.477315798066875630e+02
2.549999085684430611e+02 1.651322535701846164e+02 1.476137060257750022e+02
2.549999499303378627e+02 1.645824875914315442e+02 1.474315906913967353e+02
2.549998780912574148e+02 1.639504212382445019e+02 1.472717726837339001e+02
2.549999074799721370e+02 1.639557656304423574e+02 1.472159232410309926e+02
2.549999063915012130e+02 1.645407567049808506e+02 1.474365769766631900e+02
2.549998813566701585e+02 1.649667308864507049e+02 1.478033992946708395e+02
2.549998291100661731e+02 1.649973103883664294e+02 1.477935878178334974e+02
2.549998650296064113e+02 1.652241052769070109e+02 1.479109870254266923e+02
2.549998661180773354e+02 1.649651678422152656e+02 1.478511439829327685e+02
2.549998857105538264e+02 1.650659635144548929e+02 1.478580438000696518e+02
2.549999575496342743e+02 1.659973114768373250e+02 1.482051179902472882e+02
2.549999477533960430e+02 1.661648848397770735e+02 1.483265140630442431e+02
2.549999357802159636e+02 1.657183298502264108e+02 1.481084944270289157e+02
2.549999357802159636e+02 1.651250946969697111e+02 1.478451922239637781e+02
2.549998878874956461e+02 1.642125446273075511e+02 1.470786757662835385e+02
2.549998182253570178e+02 1.636998476140717571e+02 1.469214341692789958e+02
2.549999412225705271e+02 1.639581994514106498e+02 1.470194498867990376e+02
2.549999020376175451e+02 1.642150296064089048e+02 1.471344784047370240e+02
2.549998214907697616e+02 1.648014672587948439e+02 1.476147291884360868e+02
2.549999031260884692e+02 1.650824734413096451e+02 1.477127242250087136e+02
2.549999172762103683e+02 1.652661899164054375e+02 1.477785114071751877e+02
2.549999336032741155e+02 1.655806731104144944e+02 1.480061128526645859e+02
2.549998824451410542e+02 1.651055860327412006e+02 1.477954806687565394e+02
2.549999586381051984e+02 1.644938697318007712e+02 1.475292711598746109e+02
2.549999477533960430e+02 1.642824962991988968e+02 1.474202052856147702e+02
2.549999760536398412e+02 1.642285538575409305e+02 1.473756454632532211e+02
2.549997093782654076e+02 1.640109783176593510e+02 1.472983172239637781e+02
2.549999542842215305e+02 1.641355516370602459e+02 1.473890303901079903e+02
2.549999455764541949e+02 1.643989518025078382e+02 1.474600672675026090e+02
2.549998541448972560e+02 1.642837338906304296e+02 1.474029171020550280e+02
2.549998182253570178e+02 1.647261657523511076e+02 1.477942822622779602e+02
2.549999009491466495e+02 1.644420345698362951e+02 1.476773140891675382e+02
2.549999401340996030e+02 1.642282099007314571e+02 1.475524044322535815e+02
2.549998889759665701e+02 1.641290741466387999e+02 1.475907599703935773e+02
2.549999096569139567e+02 1.640966671020550223e+02 1.475693160048763559e+02
2.549999270724486280e+02 1.644815123214907828e+02 1.477289174068268949e+02
2.549999140107976245e+02 1.648744851532566997e+02 1.479103959857192478e+02
2.549998813566701585e+02 1.652520506792058654e+02 1.480284961685823646e+02
2.549998965952629817e+02 1.652073275862069011e+02 1.479942006269592412e+02
2.549997997213514509e+02 1.653454142720306379e+02 1.480627296673632998e+02
2.549999063915012130e+02 1.653546858672936253e+02 1.480030923458725169e+02
2.549999433995123752e+02 1.647978404737025357e+02 1.477088427377220512e+02
2.549999673458725056e+02 1.651899240247300611e+02 1.477420095350052236e+02
2.549998857105538264e+02 1.651631215168930567e+02 1.477807634535005263e+02
2.549999390456287074e+02 1.656430229014280826e+02 1.479404149251132026e+02
2.549999738766980215e+02 1.659846503831417692e+02 1.480985000870776673e+02
2.549997953674677831e+02 1.659662247474747403e+02 1.480122670672239735e+02
2.549998367293625847e+02 1.661138007227446849e+02 1.481184898554510596e+02
2.549998639411354873e+02 1.661119884186694549e+02 1.481303008533612058e+02
2.549998846220829023e+02 1.659335869470567673e+02 1.478465615203761843e+02
2.549999608150470181e+02 1.662821817311041457e+02 1.480006813827934593e+02
2.549999575496342743e+02 1.665259012539185051e+02 1.481096394984326139e+02
2.549999466649251190e+02 1.666255192006269681e+02 1.481678345959595902e+02
2.549998389063044328e+02 1.668089679118774029e+02 1.482174100923023445e+02
2.549999270724486280e+02 1.667286289620341222e+02 1.481501458551027497e+02
2.549999760536398412e+02 1.667527255311738088e+02 1.482265848136537727e+02
2.549998878874956461e+02 1.667560388366422899e+02 1.481846307906652669e+02
2.549999009491466495e+02 1.664541677551375756e+02 1.479655531609195407e+02
2.549999477533960430e+02 1.667700909961685909e+02 1.481782327586206804e+02
2.549999292493904477e+02 1.668208344218042498e+02 1.482178999042145620e+02
2.549999444879832708e+02 1.670883207070706931e+02 1.482997365900383215e+02
2.549999259839777039e+02 1.672294638192267371e+02 1.482872050243817625e+02
2.549999150992685486e+02 1.669886559561128649e+02 1.482150361372344207e+02
2.549999303378613718e+02 1.673493186172065350e+02 1.483326475966562157e+02
2.549998595872518194e+02 1.639372844827586277e+02 1.474068421281783401e+02
2.549999183646812924e+02 1.639937521769418254e+02 1.474045715778474346e+02
2.549998323754789169e+02 1.639654497561825224e+02 1.474328304597701162e+02
2.549999401340996030e+02 1.639890793712991979e+02 1.475194346482061860e+02
2.549999074799721370e+02 1.639649849791013594e+02 1.475083453065134051e+02
2.549995646116335877e+02 1.638415491118077227e+02 1.473097265761058736e+02
2.549999172762103683e+02 1.636029486677115869e+02 1.473452988941135402e+02
2.549999129223267289e+02 1.628199190177638513e+02 1.467964080459770173e+02
2.549998955067920576e+02 1.625546074973876784e+02 1.466400350487635080e+02
2.549999227185649602e+02 1.628168136102403309e+02 1.469765880790665165e+02
2.549998062521769384e+02 1.625739169714385355e+02 1.468877318443051081e+02
2.549997387669801583e+02 1.624516305294322649e+02 1.467979558516196334e+02
2.549998584987809238e+02 1.626079033873214996e+02 1.467658927638453576e+02
2.549998073406478625e+02 1.657783122169975627e+02 1.476587023249738877e+02
2.549998650296064113e+02 1.661786442006269624e+02 1.475859064785788917e+02
2.549999314263322958e+02 1.665578816179031776e+02 1.478479765325670598e+02
2.549998976837338773e+02 1.659260003047718612e+02 1.475105048328108808e+02
2.549999216300940361e+02 1.653094675200278516e+02 1.473185148902821311e+02
2.549999314263322958e+02 1.653144211511668402e+02 1.472970099703935887e+02
2.549997921020550393e+02 1.654718064263322788e+02 1.473529497561825110e+02
2.549999716997561734e+02 1.656481169453152233e+02 1.474325213340299570e+02
2.549998584987809238e+02 1.654441940961337423e+02 1.473577433820968281e+02
2.549998922413793139e+02 1.656170900818530072e+02 1.474411975357018321e+02
2.549998584987809238e+02 1.654719109195402211e+02 1.473723724312086460e+02
2.549998726489028229e+02 1.652658894984326139e+02 1.472468847962382483e+02
2.549998889759665701e+02 1.655457233977708142e+02 1.473591943138279419e+02
2.549998574103099998e+02 1.654026721960989335e+02 1.472578794409613465e+02
2.549998900644374658e+02 1.650868436520376292e+02 1.471387593608498889e+02
2.549999912922326644e+02 1.654338568878439446e+02 1.472159841954022852e+02
2.549999444879832708e+02 1.659113037704632632e+02 1.474137288836642199e+02
2.549998356408916891e+02 1.661184234587251751e+02 1.474983085161964595e+02
2.549999238070358842e+02 1.659491760275165575e+02 1.474520844218042441e+02
2.549999662574016099e+02 1.656666960553814079e+02 1.473656032305816836e+02
2.549999248955067799e+02 1.655351303988157383e+02 1.472619895071403562e+02
2.549997518286311333e+02 1.658715734935562409e+02 1.474958202716823337e+02
2.549998312870080213e+02 1.659424710466736315e+02 1.474661126349703864e+02
2.549999314263322958e+02 1.663066462034134361e+02 1.476360131487286651e+02
2.549998737373737470e+02 1.675926386711946918e+02 1.481728894548937774e+02
2.549999042145593933e+02 1.679410081417624383e+02 1.483826095001741692e+02
2.549999760536398412e+02 1.686502449059561002e+02 1.486421553901079733e+02
2.549998802681992345e+02 1.687988396900034900e+02 1.487595458899338325e+02
2.549999521072796824e+02 1.690723386886102446e+02 1.487892404649947764e+02
2.549998976837338773e+02 1.673131367554858855e+02 1.486467922762103910e+02
2.549998432601881007e+02 1.677969925548589458e+02 1.486942191309648251e+02
2.549999074799721370e+02 1.675520528561476965e+02 1.485210662661093579e+02
2.549999336032741155e+02 1.673017426419366132e+02 1.481651047109021135e+02
2.549998900644374658e+02 1.673076748084291125e+02 1.479828184865900482e+02
2.549998944183211336e+02 1.673048164838035632e+02 1.479443715168930567e+02
2.549999281609195521e+02 1.662628907610588556e+02 1.472289827150818553e+02
2.549998965952629817e+02 1.661950964385231657e+02 1.472092639759665644e+02
2.549997561825148011e+02 1.667061008794844952e+02 1.473275350487635080e+02
2.549999042145593933e+02 1.668916318355973658e+02 1.473776515151515127e+02
2.549999270724486280e+02 1.668911899164054375e+02 1.474554967781260757e+02
2.549999194531522164e+02 1.673030226837339001e+02 1.476216268286311504e+02
2.549999695228143537e+02 1.676880464123998706e+02 1.477889433124346965e+02
2.549999586381051984e+02 1.677265521595263067e+02 1.478155716649251019e+02
2.549998443486589963e+02 1.683064067398119050e+02 1.480343543190525963e+02
2.549999096569139567e+02 1.689904834987809181e+02 1.483672642371995778e+02
2.549999042145593933e+02 1.649276460727969322e+02 1.471184027777777885e+02
2.549998487025426641e+02 1.652395670062695956e+02 1.471656990160223017e+02
2.549999205416231405e+02 1.655085053117380767e+02 1.470387865726227687e+02
2.549997659787530608e+02 1.656442398119122288e+02 1.471281478578892461e+02
2.549999760536398412e+02 1.655257347178683460e+02 1.470707582288401341e+02
2.549999194531522164e+02 1.651074516718913401e+02 1.466697949320794123e+02
2.549998519679554079e+02 1.652530466300940475e+02 1.467750293887147279e+02
2.549998737373737470e+02 1.653899991292232698e+02 1.467950104493207846e+02
2.549999662574016099e+02 1.655028017241379246e+02 1.467592411180773126e+02
2.549999325148031915e+02 1.652653289359108442e+02 1.467616977969348682e+02
2.549999499303378627e+02 1.647831482932776055e+02 1.463377895332636740e+02
2.549998835336119782e+02 1.644139835858585741e+02 1.461716768982932706e+02
2.549998802681992345e+02 1.643379168843608511e+02 1.460212415099268526e+02
2.549999085684430611e+02 1.643780313915012243e+02 1.460371701933124484e+02
2.549999129223267289e+02 1.643504038227098647e+02 1.460352000609543666e+02
2.549998345524207650e+02 1.647612809125740228e+02 1.463798328108672990e+02
2.549997365900383102e+02 1.646489365639150151e+02 1.463576835161964595e+02
2.549999216300940361e+02 1.645481060606060737e+02 1.463092432950191437e+02
2.549999542842215305e+02 1.645789413531870480e+02 1.463488952020202021e+02
2.549999270724486280e+02 1.642330361807732402e+02 1.462491324886798907e+02
2.549999227185649602e+02 1.634495678770463201e+02 1.458635612591431538e+02
2.549999836729362528e+02 1.623826922239637724e+02 1.454049057384186767e+02
2.549998791797283104e+02 1.616289772727272691e+02 1.451102163880181024e+02
2.549999270724486280e+02 1.610056567833507586e+02 1.447777788662486955e+02
2.549999466649251190e+02 1.608494013409961667e+02 1.449162073319400861e+02
2.549998617641936676e+02 1.604553672500870789e+02 1.448340332201323690e+02
2.549999020376175451e+02 1.605847679380007094e+02 1.450317463427377334e+02
2.549999336032741155e+02 1.642697122082898034e+02 1.462187543538836678e+02
2.549999194531522164e+02 1.634724573319400918e+02 1.458265238592824744e+02
2.549998955067920576e+02 1.628647890543364554e+02 1.456579795802856268e+02
2.549998878874956461e+02 1.627851924416579550e+02 1.456252830024381808e+02
2.549998911529083898e+02 1.623320195489376658e+02 1.454050385318704173e+02
2.549998204022988375e+02 1.622389857628004108e+02 1.457034058254963327e+02
2.549998704719610032e+02 1.625952041971438575e+02 1.460448297631487264e+02
2.549998693834900791e+02 1.624389367816091863e+02 1.459703456983629337e+02
2.549998454371299204e+02 1.623068388627655736e+02 1.459657991553465592e+02
2.549998367293625847e+02 1.623521344914663871e+02 1.461696980581678815e+02
2.549999510188087868e+02 1.625373443486589906e+02 1.461893863200975261e+02
2.549999129223267289e+02 1.627394167972831838e+02 1.463585085771508147e+02
2.549999608150470181e+02 1.659660353535353465e+02 1.471701280041797304e+02
2.549999423110414511e+02 1.657745831156391603e+02 1.469377274904214516e+02
2.549998595872518194e+02 1.660057133838383834e+02 1.471457299285962961e+02
2.549998617641936676e+02 1.660224388279345078e+02 1.471042526558690327e+02
2.549999085684430611e+02 1.660849508011145872e+02 1.470581308777429399e+02
2.549999379571577833e+02 1.653964875043538711e+02 1.468504234151863557e+02
2.549998976837338773e+02 1.643819215865551939e+02 1.465150198101706849e+02
2.549998987722048014e+02 1.642699070445837606e+02 1.463262985458028425e+02
2.549998770027864907e+02 1.642528158742598521e+02 1.463414827150818667e+02
2.549999129223267289e+02 1.642998204022988489e+02 1.464110360066179055e+02
2.549997616248693930e+02 1.645926626175548506e+02 1.466468902385928175e+02
2.549998867990247220e+02 1.643430207244862515e+02 1.466124651689306972e+02
2.549997812173458840e+02 1.642940732758620754e+02 1.465820434952977962e+02
2.549999238070358842e+02 1.640968129571577947e+02 1.464464864158829585e+02
2.549998149599442741e+02 1.639579120950888296e+02 1.464643384273772142e+02
2.549998922413793139e+02 1.639979003396029213e+02 1.464877601445489290e+02
2.549998748258446426e+02 1.645188882358063438e+02 1.468634981278300131e+02
2.549999118338558048e+02 1.649411877394636008e+02 1.471692746429815486e+02
2.549997235283873351e+02 1.649420639585510173e+02 1.471951726314872815e+02
2.549998976837338773e+02 1.649411387582723876e+02 1.471251338819226646e+02
2.549999706112852778e+02 1.651936237373737413e+02 1.471570859456635390e+02
2.549998965952629817e+02 1.653726173371647405e+02 1.472543832723789592e+02
2.549998530564263319e+02 1.652697143852316231e+02 1.468626654475792463e+02
2.549998933298502379e+02 1.652996027081156285e+02 1.469380300853361234e+02
2.549999042145593933e+02 1.654471090212469448e+02 1.470357540926506488e+02
2.549998661180773354e+02 1.657575997039359095e+02 1.471744231104144944e+02
2.549999118338558048e+02 1.661559321664925051e+02 1.472588318530128788e+02
2.549999608150470181e+02 1.664097592302333624e+02 1.474472461685823816e+02
2.549998334639498410e+02 1.664982823928944526e+02 1.474244144026471588e+02
2.549998258446534294e+02 1.658224257662835157e+02 1.471628341605712365e+02
2.549999303378613718e+02 1.649600955677464356e+02 1.467123552333681573e+02
2.549999477533960430e+02 1.649059735283873351e+02 1.465912051549982493e+02
2.549999009491466495e+02 1.651647139498432466e+02 1.466151623998606794e+02
2.549999042145593933e+02 1.651713753918495229e+02 1.466498410832462582e+02
2.549997627133402887e+02 1.650320434952978133e+02 1.465899806252176916e+02
2.549998987722048014e+02 1.654196196882619176e+02 1.469607900121908699e+02
2.549999368686868593e+02 1.650590822013235766e+02 1.466516065830720947e+02
2.549996789010797613e+02 1.654623073406478682e+02 1.469875293887147336e+02
2.549997866597004474e+02 1.657230657871821791e+02 1.471743022901428048e+02
2.549999194531522164e+02 1.660366237809125778e+02 1.472923143068617264e+02
2.549999564611633502e+02 1.663776558690351806e+02 1.474208202716823450e+02
2.549998922413793139e+02 1.665546183820968338e+02 1.474349301201671949e+02
2.549999140107976245e+02 1.663055446708463876e+02 1.472465800243817569e+02
2.549999423110414511e+02 1.663651493382096760e+02 1.471915556426332330e+02
2.549999488418669387e+02 1.662604319052594803e+02 1.471010536398467536e+02
2.549999346917450396e+02 1.663210042232671526e+02 1.471437663270637302e+02
2.549998247561825053e+02 1.661042276210379782e+02 1.470134143155694915e+02
2.549998791797283104e+02 1.659323580633925417e+02 1.469854841518634601e+02
2.549999259839777039e+02 1.660253700801114576e+02 1.469338296760710421e+02
2.549999401340996030e+02 1.662625457157784865e+02 1.471483912399860685e+02
2.549999651689306859e+02 1.663843880616509807e+02 1.472108727359805016e+02
2.549999183646812924e+02 1.665749956461163492e+02 1.471863854057819481e+02
2.549998911529083898e+02 1.669382456025774957e+02 1.474249401340996144e+02
2.549999314263322958e+02 1.669588481800766147e+02 1.473870090996168472e+02
2.549999325148031915e+02 1.664281424155346656e+02 1.472129299460118546e+02
2.549999444879832708e+02 1.660967563566701415e+02 1.470503874956461061e+02
2.549998748258446426e+02 1.662495493730407645e+02 1.471250718390804479e+02
2.549999020376175451e+02 1.661321806426332159e+02 1.471124619035179251e+02
2.549998965952629817e+02 1.661025089254615068e+02 1.470552126872169936e+02
2.549999216300940361e+02 1.658405117990247390e+02 1.468974867206548254e+02
2.549999259839777039e+02 1.653848376001393206e+02 1.466966192093347274e+02
2.549998367293625847e+02 1.653414838035527623e+02 1.465967128178335201e+02
2.549998367293625847e+02 1.650795574277255184e+02 1.465641011407175256e+02
2.549998867990247220e+02 1.647004876349703864e+02 1.463285963079066505e+02
2.549999270724486280e+02 1.645154932950191551e+02 1.463129985196795531e+02
2.549999662574016099e+02 1.643211762016719035e+02 1.462267927115987334e+02
2.549998889759665701e+02 1.644359391327063804e+02 1.462655063566701585e+02
2.549999553726924546e+02 1.650320315221177339e+02 1.466527473005921252e+02
2.549999368686868593e+02 1.649056861720654865e+02 1.465878962034134361e+02
2.549999216300940361e+02 1.645342084639498523e+02 1.464438610240334242e+02
2.549999433995123752e+02 1.646611851271333933e+02 1.464764106583072021e+02
2.549999510188087868e+02 1.648474997823058175e+02 1.465296619209334779e+02
2.549999161877394727e+02 1.646870123650296023e+02 1.464243077324973967e+02
2.549999325148031915e+02 1.646532207854406238e+02 1.464203925026123443e+02
2.549999281609195521e+02 1.650345894287704596e+02 1.465903104319052659e+02
2.549998693834900791e+02 1.649713851880877655e+02 1.465451225618251385e+02
2.549998726489028229e+02 1.653049231539533253e+02 1.467382608411703302e+02
2.549998661180773354e+02 1.656544997387669866e+02 1.468926223441309560e+02
2.549998867990247220e+02 1.652957419017763812e+02 1.466892807384186597e+02
2.549999161877394727e+02 1.647769353012887450e+02 1.465089842389411388e+02
2.549998867990247220e+02 1.645579436607453943e+02 1.464583442180424981e+02
2.549999118338558048e+02 1.645249336032741212e+02 1.463986143765238523e+02
2.549998008098223750e+02 1.647098103883664351e+02 1.464716485980494554e+02
2.549998073406478625e+02 1.649587654562870114e+02 1.465437706809474037e+02
2.549998715604318988e+02 1.648730853796586473e+02 1.465931785527690749e+02
2.549999161877394727e+02 1.648905803726924546e+02 1.465303269766631900e+02
2.549998661180773354e+02 1.651769940787182236e+02 1.466335466736328783e+02
2.549998160484151981e+02 1.652734543712992092e+02 1.466662269244165770e+02
2.549998976837338773e+02 1.654034656913967183e+02 1.467455895158481383e+02
2.549998998606757254e+02 1.655056872605364049e+02 1.467624140107976416e+02
2.549999488418669387e+02 1.657062445576454195e+02 1.468529747910135939e+02
2.549998367293625847e+02 1.659797740334378204e+02 1.469277668930686218e+02
2.549999521072796824e+02 1.656975269940787143e+02 1.468680642633228786e+02
2.549999379571577833e+02 1.658632902298850524e+02 1.469750674851968029e+02
2.549998301985370972e+02 1.661993512713340237e+02 1.470904432253570064e+02
2.549999379571577833e+02 1.658645278213166137e+02 1.468061161180773126e+02
2.549999205416231405e+02 1.658085651776384566e+02 1.466696022727272748e+02
2.549998106060606062e+02 1.657532479972135206e+02 1.466098267154301595e+02
2.549998965952629817e+02 1.659204480146290450e+02 1.468079697840473727e+02
2.549999183646812924e+02 1.660491281347962342e+02 1.467897411616161492e+02
2.549999259839777039e+02 1.661035266457680279e+02 1.468310910832462639e+02
2.549999619035179421e+02 1.664031598310693028e+02 1.469827488244514200e+02
2.549999096569139567e+02 1.660785527690700007e+02 1.468489550679205990e+02
2.549999608150470181e+02 1.651570826802507952e+02 1.463863103012887450e+02
2.549999009491466495e+02 1.641831635318704343e+02 1.460452716823406547e+02
2.549999379571577833e+02 1.633617914054336495e+02 1.456789021682340604e+02
2.549999161877394727e+02 1.633645822448624187e+02 1.456511069749216176e+02
2.549998530564263319e+02 1.634407109892023584e+02 1.456769048241031044e+02
2.549998987722048014e+02 1.645617598397770678e+02 1.464179249390456334e+02
2.549998965952629817e+02 1.651485969609892095e+02 1.468735838993382004e+02
2.549997605363984690e+02 1.647244416144200727e+02 1.467497202629745630e+02
2.549998312870080213e+02 1.649067539620341449e+02 1.467607334117032281e+02
2.549998857105538264e+02 1.652416775513758296e+02 1.469363527516544821e+02
2.549999586381051984e+02 1.651011330982236132e+02 1.466615127568791479e+02
2.549999423110414511e+02 1.647868719522814445e+02 1.464972907958899384e+02
2.549998443486589963e+02 1.646990769766631786e+02 1.464571795541623089e+02
2.549999205416231405e+02 1.647612417276210408e+02 1.463921325322187386e+02
2.549999423110414511e+02 1.643743251480320566e+02 1.462196055381400299e+02
2.549999205416231405e+02 1.639014215430163688e+02 1.460500761929641271e+02
2.549999118338558048e+02 1.637677812608847034e+02 1.459507575757575637e+02
2.549998301985370972e+02 1.632717694183211563e+02 1.457537008011146042e+02
2.549998867990247220e+02 1.629393580198536995e+02 1.456425886015325659e+02
2.549998595872518194e+02 1.631738810518982916e+02 1.459599268547544284e+02
2.549998715604318988e+02 1.630896421107628100e+02 1.459392371995820383e+02
2.549996843434343532e+02 1.634507281870428415e+02 1.462361557384186597e+02
2.549999150992685486e+02 1.630344501044932031e+02 1.460983694705677465e+02
2.549999455764541949e+02 1.612607508272378993e+02 1.454635590822013285e+02
2.549999357802159636e+02 1.600354231974921504e+02 1.448902429467084687e+02
2.549998944183211336e+02 1.600700376610936928e+02 1.448604504092650700e+02
2.549999129223267289e+02 1.607345404475792350e+02 1.454302388105189721e+02
2.549998857105538264e+02 1.606864909874608145e+02 1.454278180512016831e+02
2.549997572709857252e+02 1.645987079850226280e+02 1.465225237286659592e+02
2.549998748258446426e+02 1.650109935562521741e+02 1.469547021943573668e+02
2.549999760536398412e+02 1.652234663444792773e+02 1.470115976576105936e+02
2.549998878874956461e+02 1.654997910135841153e+02 1.471057166492511215e+02
2.549998552333681516e+02 1.656392513497039261e+02 1.471927475182863247e+02
2.549998171368860937e+02 1.658024218477882243e+02 1.471227719000348202e+02
2.549998944183211336e+02 1.663013497039358981e+02 1.474334683037269258e+02
2.549998835336119782e+02 1.671380181121560327e+02 1.478202716823406604e+02
2.549998737373737470e+02 1.673566364071751877e+02 1.479134415273423997e+02
2.549999194531522164e+02 1.672511526907001098e+02 1.475803585423197433e+02
2.549998214907697616e+02 1.673827281435040106e+02 1.477262408568442993e+02
2.549999651689306859e+02 1.677447143852316174e+02 1.478313871473354197e+02
2.549999096569139567e+02 1.679990323493556161e+02 1.478978306774642988e+02
2.549998661180773354e+02 1.678360218564959894e+02 1.477419779693486532e+02
2.549999651689306859e+02 1.644481474225008810e+02 1.470084487112504235e+02
2.549998639411354873e+02 1.646847559648206243e+02 1.469919006879136134e+02
2.549999107453848808e+02 1.644563022466039683e+02 1.466401145071403676e+02
2.549998454371299204e+02 1.640339559386973178e+02 1.464532392894461736e+02
2.549999063915012130e+02 1.637080525078369817e+02 1.464396660571229631e+02
2.549999031260884692e+02 1.638037878787878867e+02 1.465199059561128649e+02
2.549998922413793139e+02 1.640413760449320932e+02 1.465700420149773606e+02
2.549996810780216094e+02 1.639890499825844756e+02 1.466158133054684640e+02
2.549998584987809238e+02 1.639676158133054571e+02 1.464966562173458726e+02
2.549998487025426641e+02 1.639974540665273537e+02 1.463715266893068758e+02
2.549999042145593933e+02 1.637800973092998902e+02 1.464205187652385973e+02
2.549998584987809238e+02 1.635344043887147336e+02 1.462859108324625481e+02
2.549995863810518983e+02 1.639632978491814583e+02 1.464187880964820749e+02
2.549998095175896822e+02 1.641619982149076975e+02 1.465608749129223156e+02
2.549998846220829023e+02 1.643400491988853958e+02 1.466381073667711519e+02
2.549999063915012130e+02 1.647569107018460386e+02 1.467622833942876923e+02
2.549999107453848808e+02 1.649543027255311642e+02 1.469318279780564183e+02
2.549999129223267289e+02 1.653139117467781318e+02 1.471358988592824915e+02
2.549999336032741155e+02 1.658956983629397541e+02 1.473373867990247277e+02
2.549999684343434296e+02 1.661008685997910277e+02 1.474076127655868902e+02
2.549998987722048014e+02 1.658395365290839436e+02 1.471554978665970168e+02
2.549999510188087868e+02 1.661975846830372632e+02 1.472060225095785313e+02
2.549999619035179421e+02 1.664089940351793757e+02 1.470973256269592468e+02
2.549998584987809238e+02 1.666695554684778813e+02 1.471926920062695956e+02
2.549999096569139567e+02 1.672801876523859335e+02 1.474627155172413779e+02
2.549999172762103683e+02 1.681450518112156090e+02 1.479459182340647772e+02
2.549999357802159636e+02 1.679753047718564858e+02 1.475899033437826517e+02
2.549999804075235090e+02 1.679516577412051674e+02 1.475692169540229770e+02
2.549999727882270975e+02 1.678627416405433621e+02 1.475583006792058427e+02
2.549998356408916891e+02 1.642971373214907658e+02 1.465789337338906364e+02
2.549999564611633502e+02 1.642307928422152656e+02 1.466345154127481578e+02
2.549998759143155667e+02 1.642415327847439812e+02 1.465074767067224002e+02
2.549999346917450396e+02 1.643275720567746419e+02 1.463032382009752723e+02
2.549997746865203680e+02 1.643769559822361543e+02 1.463507107715081759e+02
2.549999553726924546e+02 1.641700681382793334e+02 1.462877405520724494e+02
2.549998955067920576e+02 1.642069477098571895e+02 1.463716115900383272e+02
2.549998541448972560e+02 1.645969141849529649e+02 1.464584040839428667e+02
2.549999303378613718e+02 1.649599225008707890e+02 1.465990552072448736e+02
2.549998922413793139e+02 1.650494753570184514e+02 1.466448036398467423e+02
2.549999009491466495e+02 1.648517698537094986e+02 1.465887212643678197e+02
2.549999325148031915e+02 1.643871527777777715e+02 1.463818541013584138e+02
2.549998726489028229e+02 1.635267078108672933e+02 1.457496048850574653e+02
2.549999521072796824e+02 1.636149512365029466e+02 1.457512365029606372e+02
2.549998889759665701e+02 1.636776221264367734e+02 1.457443497474747574e+02
2.549999608150470181e+02 1.643394015586903549e+02 1.462317387234413104e+02
2.549999477533960430e+02 1.648250925200278516e+02 1.465621397161267794e+02
2.549999085684430611e+02 1.649971405869035266e+02 1.465526874346917339e+02
2.549998410832462525e+02 1.649520016980146409e+02 1.465077227011494188e+02
2.549999401340996030e+02 1.647843216649251019e+02 1.464895898641588303e+02
2.549998639411354873e+02 1.646966845175896879e+02 1.464777059386973121e+02
2.549999303378613718e+02 1.642369307297109060e+02 1.461148217084639498e+02
2.549999227185649602e+02 1.637361415882967606e+02 1.458228665970045199e+02
2.549999205416231405e+02 1.633795487199581942e+02 1.457061988418669500e+02
2.549999227185649602e+02 1.632520572100313530e+02 1.456419649076976555e+02
2.549998944183211336e+02 1.628620537269244153e+02 1.454835880355277027e+02
2.549998171368860937e+02 1.628577586206896513e+02 1.456175809822361487e+02
2.549999640804597618e+02 1.628244993033786159e+02 1.456057906652734175e+02
2.549999053030302889e+02 1.629220937826541160e+02 1.456586838209682924e+02
2.549999314263322958e+02 1.631175461511668345e+02 1.460634099616858350e+02
2.549999531957506065e+02 1.632512495646116406e+02 1.460736067572274521e+02
2.549998813566701585e+02 1.632332789097875434e+02 1.459999455764541949e+02
2.549998759143155667e+02 1.630718488766980272e+02 1.459751360588645070e+02
2.549998541448972560e+02 1.631482061999303426e+02 1.459865552072448622e+02
2.549999466649251190e+02 1.627358422587948326e+02 1.458366651428073908e+02
2.549998280215952491e+02 1.628198983368164363e+02 1.458781837774294559e+02
2.549999194531522164e+02 1.666696839080459824e+02 1.469817136886102276e+02
2.549999531957506065e+02 1.665647476924416708e+02 1.468318366858237596e+02
2.549998965952629817e+02 1.663687206112852550e+02 1.467024893329850102e+02
2.549998824451410542e+02 1.665973082114246040e+02 1.467723038575409191e+02
2.549999227185649602e+02 1.664988309822361430e+02 1.467954871995820270e+02
2.549998639411354873e+02 1.663758642459073371e+02 1.467194292058516112e+02
2.549999292493904477e+02 1.662843630268199320e+02 1.466935758446534237e+02
2.549998857105538264e+02 1.665612395506792041e+02 1.467999412225705385e+02
2.549998824451410542e+02 1.668433298502264108e+02 1.469165752351097183e+02
2.549998661180773354e+02 1.664231202107279728e+02 1.466950115377917143e+02
2.549998857105538264e+02 1.658838057297109003e+02 1.466122670672239678e+02
2.549998889759665701e+02 1.647160647422500972e+02 1.460521192528735526e+02
2.549998748258446426e+02 1.641473223615464860e+02 1.456907915360501704e+02
2.549999673458725056e+02 1.645226684952978076e+02 1.458256334900731588e+02
2.549998574103099998e+02 1.642356180337861247e+02 1.456593989463601417e+02
2.549998780912574148e+02 1.642572176506443782e+02 1.459384262887495538e+02
2.549998802681992345e+02 1.643831330546847767e+02 1.461067789968652164e+02
2.549999205416231405e+02 1.645009818007662830e+02 1.460606691919192031e+02
2.549999161877394727e+02 1.643412008011145815e+02 1.459528387321490754e+02
2.549997823058167796e+02 1.644848942006269681e+02 1.461546956635318679e+02
2.549999063915012130e+02 1.644120569923371704e+02 1.461718009839777039e+02
2.549998628526645632e+02 1.644023587164751063e+02 1.461442387234413047e+02
2.549997757749912921e+02 1.647665175461511637e+02 1.463071958812260505e+02
2.549998062521769384e+02 1.650579980842911993e+02 1.465296455938697306e+02
2.549999477533960430e+02 1.653147389846743351e+02 1.466222189568094620e+02
2.549998726489028229e+02 1.654715430163705889e+02 1.466539707419017873e+02
2.549998976837338773e+02 1.654591975792406799e+02 1.466974682166492414e+02
2.549997844827586277e+02 1.657032893591083109e+02 1.467047348484848612e+02
2.549998878874956461e+02 1.653650535527690693e+02 1.464830960466736371e+02
2.549998835336119782e+02 1.655207647596656102e+02 1.464707908829676057e+02
2.549998889759665701e+02 1.657755583855799273e+02 1.466204774033437843e+02
2.549999020376175451e+02 1.659866912661093750e+02 1.466384502351097296e+02
2.549998835336119782e+02 1.662237373737373787e+02 1.466872344130964905e+02
2.549999020376175451e+02 1.663135667014977344e+02 1.468088253221874027e+02
2.549998759143155667e+02 1.663631138975966621e+02 1.468703718216649179e+02
2.549999553726924546e+02 1.658023565395332639e+02 1.463980461947056710e+02
2.549999379571577833e+02 1.655795498084291069e+02 1.463241466388018068e+02
2.549998497910135882e+02 1.660694444444444571e+02 1.465023598049460247e+02
2.549999248955067799e+02 1.661438381661442065e+02 1.465561727185649659e+02
2.549999651689306859e+02 1.660453086903517885e+02 1.465116836468129691e+02
2.549998487025426641e+02 1.663634469696969802e+02 1.467094588122605501e+02
2.549999216300940361e+02 1.670848049460118432e+02 1.469322318007662886e+02
2.549999183646812924e+02 1.674527353274120571e+02 1.471741477272727252e+02
2.549998802681992345e+02 1.680015826367119587e+02 1.473316287878787989e+02
2.549997648902821368e+02 1.686074788836642426e+02 1.476537737286659819e+02
2.549998432601881007e+02 1.692727838732149053e+02 1.479830546847788355e+02
2.549999423110414511e+02 1.661146997997213646e+02 1.471219403082549775e+02
2.549998965952629817e+02 1.668675733629397371e+02 1.473707865290839436e+02
2.549999096569139567e+02 1.679348114768373250e+02 1.477936716300940532e+02
2.549999020376175451e+02 1.683690950452804032e+02 1.476915697927551321e+02
2.549999771421107653e+02 1.688677398989898961e+02 1.478299220654824069e+02
2.549999020376175451e+02 1.689865573841866819e+02 1.477028757401602093e+02
2.549999695228143537e+02 1.685827455590386705e+02 1.472723005921281754e+02
2.549999455764541949e+02 1.684170541623127804e+02 1.471579284221525654e+02
2.549998770027864907e+02 1.645729667363287945e+02 1.460937129919888662e+02
2.549998628526645632e+02 1.648658067746429765e+02 1.459336228665970054e+02
2.549998563218390757e+02 1.652047892720306379e+02 1.460550287356321917e+02
2.549998791797283104e+02 1.653598430424939068e+02 1.461746941396725958e+02
2.549999368686868593e+02 1.653316179031696151e+02 1.461262190874259943e+02
2.549997910135841153e+02 1.648261439829327628e+02 1.458429848049460134e+02
2.549998965952629817e+02 1.633962937565308380e+02 1.450388007227446963e+02
2.549998378178335088e+02 1.626629865464994680e+02 1.447385525513758182e+02
2.549999053030302889e+02 1.624884230233368214e+02 1.446285005224660267e+02
2.549997561825148011e+02 1.624248541448972389e+02 1.445809234587251808e+02
2.549997714211076243e+02 1.625481485109717994e+02 1.448328837948450030e+02
2.549998965952629817e+02 1.624150568181818244e+02 1.448361165534657005e+02
2.549999303378613718e+02 1.625083855799373111e+02 1.450216562173458783e+02
2.549998051637060144e+02 1.621564448362939856e+02 1.449223626349703977e+02
2.549999259839777039e+02 1.667473027690700178e+02 1.463743490943921870e+02
2.549999401340996030e+02 1.666747953674677944e+02 1.464015325670497987e+02
2.549999248955067799e+02 1.666371919627307534e+02 1.463777309735284007e+02
2.549998813566701585e+02 1.666413869296412429e+02 1.462836631400209058e+02
2.549999205416231405e+02 1.665382771682340604e+02 1.462351206025774957e+02
2.549998497910135882e+02 1.662949897683733980e+02 1.461557351532566997e+02
2.549999466649251190e+02 1.660779029519331118e+02 1.461028681208638034e+02
2.549998824451410542e+02 1.659645125827237848e+02 1.459340745820271650e+02
2.549998334639498410e+02 1.658738614594218177e+02 1.458618403866248627e+02
2.549998650296064113e+02 1.657841899599442570e+02 1.459004996081504828e+02
2.549998976837338773e+02 1.658294888540578143e+02 1.458520071403692100e+02
2.549998748258446426e+02 1.660104384360849963e+02 1.459391914838035405e+02
2.549998563218390757e+02 1.662094120080111566e+02 1.459931807297109003e+02
2.549999150992685486e+02 1.661179097004527989e+02 1.460100857715081872e+02
2.549999270724486280e+02 1.662238429554162451e+02 1.460941842998955167e+02
2.549999412225705271e+02 1.660198025513758182e+02 1.459968096917450282e+02
2.549998345524207650e+02 1.653792766022291971e+02 1.456185878178335145e+02
2.549999640804597618e+02 1.648320935649599335e+02 1.454695935649599505e+02
2.549999510188087868e+02 1.649859391327063634e+02 1.455371451584813656e+02
2.549999531957506065e+02 1.654562891849529649e+02 1.457419083072100250e+02
2.549999368686868593e+02 1.654433766544757987e+02 1.457512136450714024e+02
2.549999433995123752e+02 1.656583899338209562e+02 1.459843434343434296e+02
2.549999281609195521e+02 1.656186161180773126e+02 1.459669703500522360e+02
2.549999423110414511e+02 1.654351206025775127e+02 1.458363048589341702e+02
2.549998617641936676e+02 1.646656903082549661e+02 1.453567561389759533e+02
2.549998693834900791e+02 1.642986851271334103e+02 1.451599094392197742e+02
2.549998737373737470e+02 1.644773227969348568e+02 1.453917951062347527e+02
2.549998606757227435e+02 1.647582723789620331e+02 1.455350052246604093e+02
2.549998933298502379e+02 1.652716692789968533e+02 1.458428422152560131e+02
2.549998976837338773e+02 1.655543810954371224e+02 1.459408361633577158e+02
2.549999238070358842e+02 1.651794986502960683e+02 1.457955383577150883e+02
2.549998628526645632e+02 1.649477729885057613e+02 1.456904366945315132e+02
2.549998454371299204e+02 1.648897999390456164e+02 1.455285407958899384e+02
2.549999662574016099e+02 1.646956352316266248e+02 1.454547653256705075e+02
2.549998008098223750e+02 1.645914729188436070e+02 1.454729993904562946e+02
2.549999640804597618e+02 1.648964700888192283e+02 1.456545813740856943e+02
2.549999608150470181e+02 1.654081853012887393e+02 1.458348702542668036e+02
2.549999695228143537e+02 1.656444814524555795e+02 1.459661028387321551e+02
2.549998748258446426e+02 1.661828696447230982e+02 1.464061019679554079e+02
2.549999444879832708e+02 1.659778953326367059e+02 1.461647248345524304e+02
2.549999564611633502e+02 1.657799275078369874e+02 1.459716507749913035e+02
2.549999684343434296e+02 1.654089885928248123e+02 1.458793952455590386e+02
2.549998835336119782e+02 1.650886026210379782e+02 1.457844359543713040e+02
2.549999368686868593e+02 1.649038749564611521e+02 1.456359674329501956e+02
2.549999793190525850e+02 1.646838873650296193e+02 1.455906010536398583e+02
2.549998867990247220e+02 1.649237406391501111e+02 1.455629125304771776e+02
2.549998759143155667e+02 1.648388420846395093e+02 1.455621832549634291e+02
2.549999118338558048e+02 1.644933222309299765e+02 1.454272215691396752e+02
2.549999118338558048e+02 1.645835978317659283e+02 1.454669747039359038e+02
2.549997855712295234e+02 1.647705840734935521e+02 1.455310246865203680e+02
2.549999379571577833e+02 1.658649512365029466e+02 1.460763801811215501e+02
2.549999477533960430e+02 1.670125772814350285e+02 1.468779116597004588e+02
2.549998672065482310e+02 1.675338808342040977e+02 1.471843423458725226e+02
2.549999183646812924e+02 1.682218989463601417e+02 1.474143580198537222e+02
2.549998639411354873e+02 1.685507325409265036e+02 1.473227936694531479e+02
2.549998454371299204e+02 1.688923611111111143e+02 1.474151101532567054e+02
2.549999412225705271e+02 1.686382292755137655e+02 1.470988396900034729e+02
2.549998367293625847e+02 1.683186770724486223e+02 1.469726652298850524e+02
2.549999444879832708e+02 1.638332212208289889e+02 1.455534406565656695e+02
2.549998214907697616e+02 1.636316189916405506e+02 1.451764465778474289e+02
2.549999129223267289e+02 1.634370428422152486e+02 1.451533916753744222e+02
2.549999684343434296e+02 1.636144831940090683e+02 1.452185758446534294e+02
2.549999314263322958e+02 1.639263028996865330e+02 1.452998269331243364e+02
2.549999303378613718e+02 1.638786300505050519e+02 1.453277941048415300e+02
2.549999423110414511e+02 1.636760971786833920e+02 1.453982105538140104e+02
2.549999346917450396e+02 1.632451486851271341e+02 1.452982573580633812e+02
2.549998487025426641e+02 1.626534624259839745e+02 1.448695805033089528e+02
2.549999216300940361e+02 1.617483052507836874e+02 1.444185595175896992e+02
2.549999586381051984e+02 1.616502993295019053e+02 1.445852958463949847e+02
2.549998672065482310e+02 1.618008522727272691e+02 1.446529377830024430e+02
2.549999281609195521e+02 1.661857312347614197e+02 1.461271540839428837e+02
2.549999357802159636e+02 1.659430969174503616e+02 1.459894309474050829e+02
2.549998497910135882e+02 1.657032686781609243e+02 1.457564905520724494e+02
2.549999586381051984e+02 1.654871560431905380e+02 1.456783002438174890e+02
2.549999346917450396e+02 1.651113973789620388e+02 1.455750903430860319e+02
2.549998955067920576e+02 1.650428661616161605e+02 1.454822644548937660e+02
2.549998835336119782e+02 1.650395572100313473e+02 1.453669213688610284e+02
2.549998726489028229e+02 1.647548012452107287e+02 1.453200703152211872e+02
2.549998595872518194e+02 1.647630017850923139e+02 1.454912236590038219e+02
2.549999423110414511e+02 1.647626883054684868e+02 1.455761505137582787e+02
2.549998291100661731e+02 1.649630551201671835e+02 1.456219239811912303e+02
2.549998976837338773e+02 1.653308385579937294e+02 1.457916840822013285e+02
2.549998748258446426e+02 1.654356866074538459e+02 1.457958659874608145e+02
2.549998748258446426e+02 1.654590539010797556e+02 1.458542994601184262e+02
2.549998770027864907e+02 1.653565286485545016e+02 1.457594762277952043e+02
2.549998770027864907e+02 1.653007521334029946e+02 1.457399370863810475e+02
2.549999390456287074e+02 1.655451051462904957e+02 1.458594555468477836e+02
2.549998062521769384e+02 1.654626491205154935e+02 1.458648608934169317e+02
2.549999227185649602e+02 1.653579393068617094e+02 1.457878853187042978e+02
2.549999238070358842e+02 1.650799710466736201e+02 1.456796488592824801e+02
2.549999738766980215e+02 1.650827227011494358e+02 1.456171619209334835e+02
2.549997877481713715e+02 1.653708191832114380e+02 1.458239975182863191e+02
2.549998987722048014e+02 1.658192354580285723e+02 1.459982715081852973e+02
2.549998247561825053e+02 1.663471046673632827e+02 1.463238505747126510e+02
2.549999444879832708e+02 1.663942768199233626e+02 1.462866139846743181e+02
2.549999390456287074e+02 1.661058951584813599e+02 1.461384535005224734e+02
2.549999423110414511e+02 1.655960412312782921e+02 1.459419529345175874e+02
2.549999020376175451e+02 1.649860555990943851e+02 1.454487907088122540e+02
2.549999063915012130e+02 1.648569107018460329e+02 1.453666155085336129e+02
2.549999259839777039e+02 1.645168908916753878e+02 1.451856474225008640e+02
2.549999368686868593e+02 1.646139846743295152e+02 1.454696708463949903e+02
2.549999248955067799e+02 1.650738560170672145e+02 1.456631236938349048e+02
2.549999455764541949e+02 1.651753265412748135e+02 1.457312608847091724e+02
2.549997931905259350e+02 1.650159177986764121e+02 1.456739855451062340e+02
2.549999281609195521e+02 1.652072415970045256e+02 1.456167200017415553e+02
2.549998933298502379e+02 1.658297206983629337e+02 1.459402658045977148e+02
2.549999303378613718e+02 1.661671684517589824e+02 1.460713133490073119e+02
2.549998846220829023e+02 1.658699995646116463e+02 1.460012691570881316e+02
2.549998606757227435e+02 1.658720981365378009e+02 1.458144701323580534e+02
2.549999248955067799e+02 1.661360588645071346e+02 1.460356365377917029e+02
2.549999248955067799e+02 1.662844152734238889e+02 1.461376240856844220e+02
2.549998759143155667e+02 1.660876926593521432e+02 1.460170508969000309e+02
2.549998476140717401e+02 1.663771214298153893e+02 1.461267121647509555e+02
2.549999412225705271e+02 1.658868893678160816e+02 1.458066211685823816e+02
2.549997801288749599e+02 1.653696958812260505e+02 1.454867500435388479e+02
2.549998171368860937e+02 1.652040861198188679e+02 1.453443682514803186e+02
2.549999205416231405e+02 1.651796379745733248e+02 1.454042504789271959e+02
2.549999575496342743e+02 1.649245733194009063e+02 1.452793974225008640e+02
2.549998835336119782e+02 1.646701922239637668e+02 1.451726434604667304e+02
2.549998835336119782e+02 1.644353393852316287e+02 1.453374379571577890e+02
2.549999510188087868e+02 1.636934201933124484e+02 1.450104612939742310e+02
2.549999009491466495e+02 1.632934278126088543e+02 1.447911202542668150e+02
2.549998998606757254e+02 1.628252405520724437e+02 1.445396649686520334e+02
2.549998606757227435e+02 1.633099976053639750e+02 1.447575507227446963e+02
2.549999662574016099e+02 1.639695587338906364e+02 1.453766729797979735e+02
2.549999499303378627e+02 1.639811487722048184e+02 1.455272259230233374e+02
2.549999042145593933e+02 1.637318149164054262e+02 1.454676560867293631e+02
2.549997953674677831e+02 1.635600890369209424e+02 1.452820935649599505e+02
2.549998193138279419e+02 1.630914598571926035e+02 1.451516348833159213e+02
2.549999325148031915e+02 1.627415121037965946e+02 1.449900622605364049e+02
2.549999738766980215e+02 1.626553422152560131e+02 1.449208768721699698e+02
2.549999455764541949e+02 1.629578533176593567e+02 1.452417091170323999e+02
2.549998106060606062e+02 1.632142121647509612e+02 1.453644908133054798e+02
2.549997801288749599e+02 1.634017219609891924e+02 1.453526057993730376e+02
2.549999488418669387e+02 1.674936465952629874e+02 1.466050015238592721e+02
2.549998965952629817e+02 1.677158590212469562e+02 1.467839929467084517e+02
2.549998889759665701e+02 1.674394995210728041e+02 1.465276264803204356e+02
2.549998628526645632e+02 1.630419714385231487e+02 1.452689872866596943e+02
2.549999793190525850e+02 1.627503733455241957e+02 1.451975215517241509e+02
2.549998563218390757e+02 1.626660886886102446e+02 1.451622180860327376e+02
2.549999096569139567e+02 1.627343847962382313e+02 1.451787291013584138e+02
2.549999368686868593e+02 1.626083812260536376e+02 1.451860414489724747e+02
2.549999564611633502e+02 1.661356855189829389e+02 1.460905096220828909e+02
2.549999553726924546e+02 1.661323439132706312e+02 1.460163259752699503e+02
2.549998530564263319e+02 1.667321686694531593e+02 1.463085836816440235e+02
2.549997953674677831e+02 1.674769646900034843e+02 1.466907229623824378e+02
2.549999020376175451e+02 1.681210880355276913e+02 1.469670519853709436e+02
2.549999510188087868e+02 1.685569074364333062e+02 1.471764346046673495e+02
2.549999281609195521e+02 1.688836849094392107e+02 1.472967378526645632e+02
2.549998933298502379e+02 1.688032447318007598e+02 1.472305566440264784e+02
2.549998476140717401e+02 1.650831646203413356e+02 1.462081036659700430e+02
2.549998802681992345e+02 1.644834508881922659e+02 1.457174285963079114e+02
2.549999455764541949e+02 1.644402984587251808e+02 1.456416307471264417e+02
2.549999161877394727e+02 1.651427431644026456e+02 1.459689404824103178e+02
2.549999031260884692e+02 1.653545291274817259e+02 1.460783666405433507e+02
2.549999401340996030e+02 1.657184223702542738e+02 1.461926299634273789e+02
2.549999629919888662e+02 1.662098648119122117e+02 1.465573134360849963e+02
2.549999238070358842e+02 1.661262931034482619e+02 1.462612286659700374e+02
2.549999444879832708e+02 1.661056045367467675e+02 1.461890771943573668e+02
2.549998574103099998e+02 1.663216279171020631e+02 1.462504680424939068e+02
2.549999042145593933e+02 1.659723071229536799e+02 1.458678618077325098e+02
2.549999749651689172e+02 1.656569542406826940e+02 1.456937314959944274e+02
2.549998965952629817e+02 1.650202618861023893e+02 1.454640401863462102e+02
2.549999063915012130e+02 1.649854221090212434e+02 1.454735664838035518e+02
2.549998410832462525e+02 1.647396747648902817e+02 1.452956221699756156e+02
2.549999248955067799e+02 1.648700528996865273e+02 1.453990845959596072e+02
2.549999238070358842e+02 1.650826367119470603e+02 1.454675635667015001e+02
2.549999270724486280e+02 1.652119546760710591e+02 1.454983879745733191e+02
2.549999749651689172e+02 1.650776275687913710e+02 1.454636733716475021e+02
2.549998889759665701e+02 1.652042733368164420e+02 1.455216061476837410e+02
2.549998617641936676e+02 1.651656935736677099e+02 1.455362221351445555e+02
2.549999401340996030e+02 1.648802105102751625e+02 1.453374074799721427e+02
2.549999031260884692e+02 1.651788052943225296e+02 1.453941832114246040e+02
2.549998944183211336e+02 1.654544768808777349e+02 1.455338133490073176e+02
2.549999085684430611e+02 1.656014095698363064e+02 1.456226129832810727e+02
2.549998889759665701e+02 1.656607595350052122e+02 1.455392339341692889e+02
2.549998040752351187e+02 1.650678901079763250e+02 1.453870297805642622e+02
2.549998780912574148e+02 1.644209062608847205e+02 1.451320260797631363e+02
2.549999684343434296e+02 1.639839831504702090e+02 1.449067539620341449e+02
2.549997746865203680e+02 1.641649849791013480e+02 1.449752470828979369e+02
2.549999161877394727e+02 1.639878330721003010e+02 1.448527799547196082e+02
2.549997159090908951e+02 1.640539881574364358e+02 1.451226576105886465e+02
2.549998204022988375e+02 1.640902375043538939e+02 1.451286692354580339e+02
2.549997322361546424e+02 1.640651645768025162e+02 1.451610501567398046e+02
2.549999129223267289e+02 1.637705350923023389e+02 1.450466932253570178e+02
2.549999248955067799e+02 1.637476499912922350e+02 1.452661844740508457e+02
2.549999542842215305e+02 1.636300461511668516e+02 1.452289620341344403e+02
2.549998835336119782e+02 1.633544322535701951e+02 1.451193094740508513e+02
2.549998258446534294e+02 1.633831395855102642e+02 1.451345241205154935e+02
2.549998976837338773e+02 1.630142099878091244e+02 1.449467247910135939e+02
2.549998410832462525e+02 1.618729678247997299e+02 1.444478110849878192e+02
2.549998606757227435e+02 1.620679151428073794e+02 1.447377601445489290e+02
2.549997670672239565e+02 1.621251055816788664e+02 1.448220360936955728e+02
2.549999433995123752e+02 1.619339319923371647e+02 1.447530455416231234e+02
2.549999216300940361e+02 1.656639422239637724e+02 1.458243175287356337e+02
2.549999727882270975e+02 1.656177681992337227e+02 1.457691483803552899e+02
2.549999575496342743e+02 1.660312140804597618e+02 1.459550864245907462e+02
2.549999401340996030e+02 1.666802867032392896e+02 1.461593271072796938e+02
2.549999423110414511e+02 1.666607704197143960e+02 1.461232442964123948e+02
2.549999238070358842e+02 1.663841671020550450e+02 1.460060932601880950e+02
2.549998878874956461e+02 1.660509981278300131e+02 1.458381019244165770e+02
2.549998889759665701e+02 1.656460564698711266e+02 1.456375881661442122e+02
2.549997605363984690e+02 1.654634818007662886e+02 1.454718281957506179e+02
2.549999194531522164e+02 1.656569368251480228e+02 1.456274828021595340e+02
2.549999107453848808e+02 1.659459149686520334e+02 1.458027853970741887e+02
2.549999423110414511e+02 1.665281554771856634e+02 1.460810812870080042e+02
2.549998726489028229e+02 1.669826007924068278e+02 1.463107094653430806e+02
2.549999161877394727e+02 1.666345850748867861e+02 1.459849116161616109e+02
2.549999042145593933e+02 1.656912606670149728e+02 1.457011570445837663e+02
2.549999292493904477e+02 1.653952444705677465e+02 1.455706101967955419e+02
2.549999608150470181e+02 1.650381128091257494e+02 1.454792526558690327e+02
2.549999150992685486e+02 1.640951236502960739e+02 1.450600879484500183e+02
2.549998182253570178e+02 1.633132749912922463e+02 1.446968477882271031e+02
2.549998563218390757e+02 1.632382064176245251e+02 1.445884197579240720e+02
2.549998835336119782e+02 1.638103480929989644e+02 1.448288216213862825e+02
2.549998149599442741e+02 1.642156435040055840e+02 1.452080895158481439e+02
2.549998606757227435e+02 1.647046238244514029e+02 1.456496299198885538e+02
2.549999063915012130e+02 1.650334487112504291e+02 1.459024098746081393e+02
2.549997420323929020e+02 1.648436618338558048e+02 1.458202205242075991e+02
2.549999183646812924e+02 1.646510786746778194e+02 1.456969120080111395e+02
2.549999140107976245e+02 1.646037301898293208e+02 1.456212632793451860e+02
2.549998530564263319e+02 1.645713133490073119e+02 1.456715919975618192e+02
2.549998225792406856e+02 1.648513399076976782e+02 1.458162171281783230e+02
2.549999053030302889e+02 1.649567267502612253e+02 1.458636755485893275e+02
2.549999368686868593e+02 1.650809125740160255e+02 1.459523206199930314e+02
2.549999194531522164e+02 1.654438142197840591e+02 1.461014770550330866e+02
2.549997866597004474e+02 1.656813349007314571e+02 1.461799808429118741e+02
2.549999521072796824e+02 1.659779247213514566e+02 1.463791699320794066e+02
2.549998204022988375e+02 1.664444662138627677e+02 1.465598267154301766e+02
2.549998519679554079e+02 1.668075616074538630e+02 1.465402026732845684e+02
2.549998617641936676e+02 1.681714853274120571e+02 1.470671270898641581e+02
2.549999129223267289e+02 1.690682460379658778e+02 1.474731964036920999e+02
2.549999423110414511e+02 1.694861154649947821e+02 1.476580982236154682e+02
2.549998715604318988e+02 1.701208746952281388e+02 1.477616923545802763e+02
2.549998933298502379e+02 1.709318519244165770e+02 1.480931110675722664e+02
2.549999118338558048e+02 1.671658992946708508e+02 1.468956885667014944e+02
2.549999085684430611e+02 1.671014237199582055e+02 1.466838557993730490e+02
2.549999292493904477e+02 1.664631944444444400e+02 1.461588579763148630e+02
2.549998682950191551e+02 1.656420345698362837e+02 1.455982954545454504e+02
2.549997921020550393e+02 1.653114485370950888e+02 1.454525187216997608e+02
2.549999281609195521e+02 1.654204469261581210e+02 1.455672903605015733e+02
2.549998780912574148e+02 1.655084759230233260e+02 1.455780771072796824e+02
2.549999553726924546e+02 1.658935508098223579e+02 1.457415306078021615e+02
2.549999107453848808e+02 1.657775546412399876e+02 1.456199788836642313e+02
2.549999716997561734e+02 1.658193802246603923e+02 1.456718924155346429e+02
2.549999063915012130e+02 1.663716061476837353e+02 1.458657806513409980e+02
2.549999205416231405e+02 1.667295334813653653e+02 1.459845230320445921e+02
2.549999216300940361e+02 1.667917896638801949e+02 1.460382978491814754e+02
2.549998476140717401e+02 1.668022934082201232e+02 1.460718379919888434e+02
2.549999423110414511e+02 1.664913237983280965e+02 1.457264639933820831e+02
2.549999477533960430e+02 1.665730353099965271e+02 1.456748291100661845e+02
2.549999248955067799e+02 1.664719642546151306e+02 1.456111927464298219e+02
2.549999575496342743e+02 1.662853774817136809e+02 1.455619318181818187e+02
2.549998846220829023e+02 1.660631051898293151e+02 1.454143155694879965e+02
2.549998987722048014e+02 1.652934735283873238e+02 1.450774991292232698e+02
2.549998726489028229e+02 1.646909765761058964e+02 1.447426876523859391e+02
2.549999433995123752e+02 1.638471231713688496e+02 1.445382934952978076e+02
2.549999521072796824e+02 1.634276373650295966e+02 1.442379865464994850e+02
2.549998682950191551e+02 1.634906358847091497e+02 1.443237123389063186e+02
2.549999684343434296e+02 1.635265314785789030e+02 1.444974823667711519e+02
2.549998933298502379e+02 1.638930969174503787e+02 1.448748367293625847e+02
2.549998682950191551e+02 1.639189709595959528e+02 1.449374140107976245e+02
2.549999183646812924e+02 1.625320805033089471e+02 1.442824854144897131e+02
2.549999096569139567e+02 1.618578652908394417e+02 1.441929924242424192e+02
2.549999042145593933e+02 1.619470306513410094e+02 1.442809822361546424e+02
2.549998726489028229e+02 1.619000065308254932e+02 1.442651057993730319e+02
2.549999183646812924e+02 1.619792014977359713e+02 1.442977229188436183e+02
2.549999053030302889e+02 1.624866444618599814e+02 1.447688370776732825e+02
2.549999575496342743e+02 1.660465343086032703e+02 1.457340865552072557e+02
2.549999031260884692e+02 1.658135873824451494e+02 1.455342900992685600e+02
2.549998682950191551e+02 1.652237558777429456e+02 1.452315710989202273e+02
2.549998835336119782e+02 1.646969294235458108e+02 1.450909689568094620e+02
2.549999303378613718e+02 1.637973691657958852e+02 1.447794877655869072e+02
2.549998824451410542e+02 1.629699016022291858e+02 1.444018634622082971e+02
2.549998421717171766e+02 1.621108553204458360e+02 1.439033579327760322e+02
2.549999521072796824e+02 1.611014792319749347e+02 1.436972124259839916e+02
2.549998661180773354e+02 1.591082408133054571e+02 1.429434985632183839e+02
2.549998835336119782e+02 1.571741901776384509e+02 1.423959204110066139e+02
2.549998476140717401e+02 1.561724475357018491e+02 1.421678280651341026e+02
2.549997964559387071e+02 1.548235262103796686e+02 1.420134121386276433e+02
2.549999194531522164e+02 1.587295182427725422e+02 1.430707669366074413e+02
2.549999455764541949e+02 1.594285146725879372e+02 1.436976151602229095e+02
2.549999248955067799e+02 1.597074865029606485e+02 1.440840800243817625e+02
2.549998389063044328e+02 1.642482900121908642e+02 1.458655836381051927e+02
2.549999858498781009e+02 1.638006541710205397e+02 1.455713220567746475e+02
2.549999042145593933e+02 1.638553770463253159e+02 1.457631443747823141e+02
2.549998345524207650e+02 1.632062184343434410e+02 1.454369786224312122e+02
2.549999444879832708e+02 1.605046499477533928e+02 1.444722483455242070e+02
2.549999238070358842e+02 1.596006019244165657e+02 1.442164152298850581e+02
2.549997594479275449e+02 1.582611568268895894e+02 1.437878374259839802e+02
2.549998138714733500e+02 1.584691331417624554e+02 1.439295737547892600e+02
2.549997942789968590e+02 1.596295628700801217e+02 1.445206330546847653e+02
